1071|1,240,6,4,80|372.05|6
1217|1,330,7,8,165|1432.3|2
1219|1,330,6,8,330|1538.9|4
12610|210,17,3,8,3570|17.720|11
13029|210,73,4,32,15330|85.970|7
136|1,38,4,1,1|19.220|14
1387|1,510,3,16,510|20.820|12
1416|1,595,5,8,595|6086.8|8
1434|1,630,5,16,630|213.90|6
1436|1,690,6,16,690|1997.9|4
153|1,42,5,1,1|56.470|9
18378|30030,1,3,64,30030|136.31|10
2108|6,85,5,2,34|123.16|8
2122|6,85,4,4,10|91.560|12
2174|6,89,4,2,178|36.620|14
2176|6,89,3,2,534|4.4400|14
2273|6,95,6,4,30|220.80|5
2325|6,97,6,2,291|4411.8|6
232|1,58,6,1,1|57.940|8
239|1,60,7,1,1|711.94|6
2420|6,115,7,4,138|114.60|3
2586|6,133,4,8,399|404.11|12
346|1,78,6,2,2|292.32|7
3853|6,505,3,16,3030|20.520|13
3854|6,511,4,16,3066|1905.0|12
582|1,120,5,4,40|225.67|9
6260|14,195,3,32,2730|49.610|11
7060|15,182,4,32,2730|1620.6|10
7296|21,20,7,4,20|566.91|3
785|1,165,4,4,55|45.100|13
9325|35,66,5,32,2310|1673.5|4
94|1,30,3,1,1|3.9400|13
9755|39,38,4,16,1482|1546.3|12
976|1,210,3,8,105|15.190|12
977|1,210,5,8,30|316.10|8
979|1,210,4,8,210|113.63|12
