[ PowerSequence(IntegerRing()) |
[ -4, 10, 1, -4, -3, 2, -1, 1, 0, 2, 4, -8 ],
[ -3, 7, 0, -2, 0, 0, 0, -2, -1, 4, 7, -10 ],
[ -3, 7, 1, -2, -3, 2, 0, -2, 0, 4, 4, -8 ],
[ -3, 7, 2, -2, -3, 1, 0, -2, 1, 4, 4, -9 ],
[ -3, 8, 1, -4, -4, 4, -3, 6, 1, 0, 2, -8 ],
[ -3, 8, 1, -4, -4, 4, -1, -1, 3, 3, 3, -9 ],
[ -3, 8, 1, -4, -4, 4, 0, -3, 0, 6, 5, -10 ],
[ -3, 8, 1, -4, -4, 4, 0, -1, 0, 2, 3, -6 ],
[ -3, 8, 1, -4, -4, 4, 1, -4, -3, 4, 12, -12 ],
[ -3, 8, 1, -4, -4, 4, 3, -3, -1, 3, 5, -9 ],
[ -2, 3, 3, -1, -2, 1, -1, 1, 0, 2, 4, -8 ],
[ -2, 4, 1, 0, -1, 0, 1, -2, 0, 3, 5, -9 ],
[ -2, 7, 1, -3, -3, 2, 1, -2, 0, 3, 4, -8 ],
[ -1, 0, 2, 1, 1, -1, 0, -2, -1, 4, 7, -10 ],
[ -1, 0, 3, 1, -2, 1, 0, -2, 0, 4, 4, -8 ],
[ -1, 0, 4, 1, -2, 0, 0, -2, 1, 4, 4, -9 ],
[ -1, 1, 0, 2, 0, 0, -1, 1, 0, 2, 4, -8 ],
[ -1, 1, 1, 0, 1, 0, -1, 0, 1, 3, 4, -9 ],
[ -1, 1, 3, -1, -3, 3, -3, 6, 1, 0, 2, -8 ],
[ -1, 1, 3, -1, -3, 3, -1, -1, 3, 3, 3, -9 ],
[ -1, 1, 3, -1, -3, 3, 0, -3, 0, 6, 5, -10 ],
[ -1, 1, 3, -1, -3, 3, 0, -1, 0, 2, 3, -6 ],
[ -1, 1, 3, -1, -3, 3, 1, -4, -3, 4, 12, -12 ],
[ -1, 1, 3, -1, -3, 3, 3, -3, -1, 3, 5, -9 ],
[ -1, 2, 2, -1, -2, 2, 0, -1, -1, 3, 7, -10 ],
[ -1, 3, -1, -2, 1, 2, -1, 1, -1, 2, 7, -10 ],
[ -1, 3, 0, -2, -2, 4, -1, 1, 0, 2, 4, -8 ],
[ -1, 3, 1, -2, -2, 3, -1, 1, 1, 2, 4, -9 ],
[ -1, 4, 1, -1, -2, 1, -1, 1, 1, 2, 3, -8 ],
[ 0, -2, -1, 4, 3, -2, 0, -2, -1, 4, 7, -10 ],
[ 0, -2, 0, 4, 0, 0, 0, -2, 0, 4, 4, -8 ],
[ 0, -2, 1, 4, 0, -1, 0, -2, 1, 4, 4, -9 ],
[ 0, -1, 0, 0, 3, 0, 0, -2, 0, 3, 6, -9 ],
[ 0, -1, 0, 1, 4, -2, 0, -1, 0, 3, 4, -8 ],
[ 0, -1, 0, 2, -1, 2, -3, 6, 1, 0, 2, -8 ],
[ 0, -1, 0, 2, -1, 2, -1, -1, 3, 3, 3, -9 ],
[ 0, -1, 0, 2, -1, 2, 0, -3, 0, 6, 5, -10 ],
[ 0, -1, 0, 2, -1, 2, 0, -1, 0, 2, 3, -6 ],
[ 0, -1, 0, 2, -1, 2, 1, -4, -3, 4, 12, -12 ],
[ 0, -1, 0, 2, -1, 2, 3, -3, -1, 3, 5, -9 ],
[ 0, 0, -3, 0, 7, -2, -1, 1, 0, 2, 4, -8 ],
[ 0, 0, -1, 0, 1, 2, 0, -2, -1, 4, 7, -10 ],
[ 0, 0, 0, 0, -2, 4, 0, -2, 0, 4, 4, -8 ],
[ 0, 0, 0, 0, 0, 0, 0, 0, 0, 0, 0, 0 ],
[ 0, 0, 1, 0, -2, 3, 0, -2, 1, 4, 4, -9 ],
[ 0, 0, 3, 0, -2, 1, 1, -2, 0, 3, 4, -8 ],
[ 0, 1, 0, -2, -3, 6, -3, 6, 1, 0, 2, -8 ],
[ 0, 1, 0, -2, -3, 6, -1, -1, 3, 3, 3, -9 ],
[ 0, 1, 0, -2, -3, 6, 0, -3, 0, 6, 5, -10 ],
[ 0, 1, 0, -2, -3, 6, 0, -1, 0, 2, 3, -6 ],
[ 0, 1, 0, -2, -3, 6, 1, -4, -3, 4, 12, -12 ],
[ 0, 1, 0, -2, -3, 6, 3, -3, -1, 3, 5, -9 ],
[ 0, 1, 0, -1, 1, 1, 0, 0, 0, 2, 4, -8 ],
[ 0, 4, 0, -2, -1, 1, 0, -2, 0, 4, 5, -9 ],
[ 1, -3, -4, 2, 10, -4, 0, -2, -1, 4, 7, -10 ],
[ 1, -3, -3, 2, 7, -2, 0, -2, 0, 4, 4, -8 ],
[ 1, -3, -2, 2, 7, -3, 0, -2, 1, 4, 4, -9 ],
[ 1, -2, -3, 0, 6, 0, -3, 6, 1, 0, 2, -8 ],
[ 1, -2, -3, 0, 6, 0, -1, -1, 3, 3, 3, -9 ],
[ 1, -2, -3, 0, 6, 0, 0, -3, 0, 6, 5, -10 ],
[ 1, -2, -3, 0, 6, 0, 0, -1, 0, 2, 3, -6 ],
[ 1, -2, -3, 0, 6, 0, 1, -4, -3, 4, 12, -12 ],
[ 1, -2, -3, 0, 6, 0, 3, -3, -1, 3, 5, -9 ],
[ 1, -2, -1, 1, 4, -1, 1, -3, -1, 4, 7, -10 ],
[ 1, -2, 0, 3, 0, 0, 1, -2, 0, 3, 4, -8 ],
[ 1, -1, -2, 0, 4, 0, 0, -1, 1, 3, 4, -9 ],
[ 1, 0, -1, -1, 1, 2, 1, -2, -1, 3, 7, -10 ],
[ 1, 0, 0, -1, -2, 4, 1, -2, 0, 3, 4, -8 ],
[ 1, 0, 1, -1, -2, 3, 1, -2, 1, 3, 4, -9 ],
[ 1, 1, -1, 0, 1, 0, 1, -2, -1, 3, 6, -9 ],
[ 2, -3, -3, 1, 7, -2, 1, -2, 0, 3, 4, -8 ],
[ 2, -2, -1, 2, 2, -1, -1, 1, 0, 2, 5, -9 ],
[ 2, 1, -1, -1, 0, 1, -1, 1, 0, 2, 4, -8 ],
[ 3, -2, -2, 1, 3, -1, 0, -2, -1, 4, 7, -10 ],
[ 3, -2, -1, 1, 0, 1, 0, -2, 0, 4, 4, -8 ],
[ 3, -2, 0, 1, 0, 0, 0, -2, 1, 4, 4, -9 ],
[ 3, -1, -1, -1, -1, 3, -3, 6, 1, 0, 2, -8 ],
[ 3, -1, -1, -1, -1, 3, -1, -1, 3, 3, 3, -9 ],
[ 3, -1, -1, -1, -1, 3, 0, -3, 0, 6, 5, -10 ],
[ 3, -1, -1, -1, -1, 3, 0, -1, 0, 2, 3, -6 ],
[ 3, -1, -1, -1, -1, 3, 1, -4, -3, 4, 12, -12 ],
[ 3, -1, -1, -1, -1, 3, 3, -3, -1, 3, 5, -9 ],
[ 4, -2, -1, 0, 0, 1, 1, -2, 0, 3, 4, -8 ]
]
