[ PowerSequence(IntegerRing()) |
[ -3, 7, 1, -3, -1, 1, -1, 1, 1, 1, 2, -5 ],
[ -1, 0, 3, 0, 0, 0, -1, 1, 1, 1, 2, -5 ],
[ -1, 1, 1, 1, -1, 1, 0, -2, 0, 3, 5, -7 ],
[ 0, -2, 0, 3, 2, -1, -1, 1, 1, 1, 2, -5 ],
[ 0, -1, -2, 2, 5, -2, 0, -1, 0, 2, 2, -4 ],
[ 0, -1, -1, 2, 2, 0, 0, -1, -1, 2, 5, -6 ],
[ 0, 0, -2, 0, 4, 0, 0, -2, 0, 4, 3, -6 ],
[ 0, 0, 0, -1, 0, 3, -1, 1, 1, 1, 2, -5 ],
[ 0, 0, 0, 0, 0, 0, 0, 0, -2, 0, 5, -2 ],
[ 0, 1, 0, -2, -3, 6, 0, -1, -2, 2, 8, -8 ],
[ 1, -3, -3, 1, 9, -3, -1, 1, 1, 1, 2, -5 ],
[ 1, 1, 1, -1, -1, 1, 1, -2, -1, 2, 5, -6 ],
[ 2, -1, 0, 1, 0, 0, 0, -1, 0, 3, 3, -6 ],
[ 2, 0, 0, -1, -1, 2, 0, 0, 0, 1, 2, -4 ],
[ 3, -2, -1, 0, 2, 0, -1, 1, 1, 1, 2, -5 ]
]
