H 94 1 30 3 30 1
H 6281 15 2 3 30 1
H 114 1 33 3 33 1
H 124 1 35 3 35 1
H 9043 35 1 3 35 1
H 141 1 39 3 39 1
H 9549 39 1 3 39 1
H 146 1 40 3 40 1
H 151 1 41 3 41 1
H 5381 14 3 3 42 1
H 7071 21 2 3 42 1
H 181 1 46 5 46 1
H 182 1 46 3 46 1,2
H 186 1 47 4 47 1
H 188 1 48 3 48 1
H 201 1 51 3 51 1,3
H 9898 51 1 3 51 1
H 218 1 55 3 55 1,5
H 10024 55 1 3 55 1
H 223 1 56 3 56 1,8
H 10193 57 1 3 57 1
H 237 1 59 5 59 1
H 240 1 60 3 60 1,4
H 242 1 60 4 60 1,12
H 243 1 60 3 60 1,60
H 6297 15 4 5 60 1
H 6298 15 4 3 60 1,4
H 6299 15 4 3 60 1,20
H 6304 15 4 3 60 1,5
H 258 1 62 4 62 1,2
H 10424 62 1 3 62 1
H 263 1 63 3 63 1,9
H 277 1 66 4 66 1,6
H 278 1 66 3 66 1,66
H 1512 6 11 3 66 1
H 7557 22 3 3 66 1
H 298 1 69 4 69 1,3
H 10668 69 1 3 69 1
H 303 1 70 3 70 1,14
H 304 1 70 4 70 1,10
H 5397 14 5 3 70 1
H 9049 35 2 3 70 1,2
H 9052 35 2 3 70 1,70
H 9053 35 2 4 70 1,5
H 317 1 71 6 71 1
H 322 1 72 3 72 1,9
H 10737 74 1 4 74 1
H 10820 77 1 3 77 1,7
H 347 1 78 3 78 1,26
H 348 1 78 6 78 1,6
H 354 1 78 3 78 1,6,13,78
H 356 1 78 3 78 1,2,3,6
H 8090 26 3 5 78 1
H 8095 26 3 3 78 1,3
H 8096 26 3 3 78 1,39
H 8097 26 3 3 78 1,13
H 9555 39 2 4 78 1,2
H 9556 39 2 4 78 1,26
H 9557 39 2 3 78 1,6
H 9558 39 2 3 78 1,78
H 9559 39 2 4 78 1,3
H 9561 39 2 3 78 1,13
H 10894 82 1 3 82 1
H 7088 21 4 3 84 1,4
H 7089 21 4 3 84 1,28
H 7090 21 4 4 84 1,12
H 392 1 85 3 85 1,85
H 11036 86 1 4 86 1
H 400 1 87 5 87 1,3
H 11079 87 1 5 87 1
H 11082 87 1 3 87 1,29
H 4030 10 9 3 90 1,9
H 430 1 92 5 92 1,4
H 431 1 92 4 92 1,92
H 11195 93 1 5 93 1
H 11196 93 1 3 93 1,3
H 438 1 94 6 94 1,2
H 439 1 94 4 94 1,94
H 11244 94 1 3 94 1
H 443 1 95 5 95 1,5
H 445 1 95 3 95 1,19
H 11288 95 1 3 95 1,5
H 11290 95 1 4 95 1,19
H 1544 6 17 3 102 1
H 9905 51 2 3 102 1,34
H 9906 51 2 4 102 1,6
H 485 1 104 3 104 1,104
H 495 1 105 3 105 1,3,7,21
H 496 1 105 3 105 1,7,15,105
H 498 1 105 3 105 1,3,5,15
H 6315 15 7 3 105 1,21
H 6316 15 7 3 105 1,15
H 6319 15 7 3 105 1,35
H 7108 21 5 3 105 1,5
H 7109 21 5 3 105 1,35
H 7110 21 5 3 105 1,7
H 9065 35 3 5 105 1,3
H 9066 35 3 5 105 1,21
H 9067 35 3 3 105 1,15
H 9068 35 3 3 105 1,105
H 9072 35 3 3 105 1,3,7,21
H 522 1 110 3 110 1,2,11,22
H 525 1 110 4 110 1,2,5,10
H 527 1 110 3 110 1,5,22,110
H 4041 10 11 5 110 1
H 4046 10 11 3 110 1,5
H 4047 10 11 3 110 1,55
H 4048 10 11 3 110 1,11
H 7573 22 5 5 110 1
H 7575 22 5 3 110 1,22
H 7576 22 5 3 110 1,10
H 7579 22 5 3 110 1,55
H 10030 55 2 6 110 1,2
H 10033 55 2 3 110 1,110
H 10037 55 2 3 110 1,2,11,22
H 10040 55 2 3 110 1,2,5,10
H 11388 111 1 4 111 1,3
H 11390 111 1 3 111 1,37
H 1560 6 19 3 114 1
H 9335 38 3 3 114 1,6
H 9337 38 3 4 114 1,3
H 9338 38 3 3 114 1,57
H 10201 57 2 4 114 1,6
H 10202 57 2 3 114 1,114
O 547 1 114 3 114 1,2,19,38
H 11429 115 1 4 115 1,5
H 571 1 119 6 119 1,7
H 573 1 119 4 119 1,17
H 11510 119 1 4 119 1,7
H 11512 119 1 5 119 1,17
H 583 1 120 3 120 1,5,24,120
H 6330 15 8 5 120 1,8
H 6331 15 8 3 120 1,40
H 6332 15 8 5 120 1,24
H 6333 15 8 3 120 1,120
H 6340 15 8 3 120 1,3,8,24
H 11551 122 1 3 122 1,2
H 613 1 126 3 126 1,7,9,63
H 616 1 126 3 126 1,9,14,126
H 5418 14 9 3 126 1,9
H 11633 129 1 4 129 1,3
H 4057 10 13 3 130 1
H 8109 26 5 4 130 1,10
H 8110 26 5 3 130 1,130
H 8111 26 5 3 130 1,5
O 624 1 130 3 130 1,2,13,26
H 11673 134 1 6 134 1
H 11674 134 1 3 134 1,2
H 11676 134 1 3 134 1,67
H 663 1 136 3 136 1,8,17,136
H 1577 6 23 3 138 1,2
H 1579 6 23 3 138 1,6
H 1581 6 23 3 138 1,3
H 9767 46 3 3 138 1,2
H 9090 35 4 4 140 1,4,5,20
H 11742 143 1 4 143 1,11
H 11744 143 1 6 143 1,13
H 11768 145 1 3 145 1,145
H 11791 146 1 4 146 1,2
H 11793 146 1 3 146 1,73
H 5430 14 11 3 154 1,2
H 7590 22 7 3 154 1,2
H 7591 22 7 3 154 1,22
H 7596 22 7 3 154 1,11
H 10834 77 2 3 154 1,2,7,14
H 10836 77 2 3 154 1,7,22,154
H 9571 39 4 5 156 1,52
H 9573 39 4 5 156 1,156
H 9577 39 4 3 156 1,4,13,52
H 9578 39 4 3 156 1,12,13,156
H 9580 39 4 4 156 1,3,4,12
H 11865 159 1 4 159 1,3
H 11867 159 1 5 159 1,53
H 11881 161 1 6 161 1,7
H 11883 161 1 3 161 1,23
H 784 1 165 3 165 1,11,15,165
H 6346 15 11 5 165 1,3
H 6347 15 11 3 165 1,33
H 6348 15 11 5 165 1,15
H 6349 15 11 3 165 1,165
H 6356 15 11 3 165 1,3,5,15
H 8508 33 5 5 165 1,3
H 8509 33 5 5 165 1,33
H 8510 33 5 3 165 1,15
H 8511 33 5 3 165 1,165
H 8515 33 5 3 165 1,3,11,33
H 10054 55 3 3 165 1,5,11,55
H 11898 166 1 3 166 1,2
H 799 1 168 4 168 1,21,24,56
H 7125 21 8 3 168 1,7
H 7130 21 8 3 168 1,8,21,168
H 4074 10 17 3 170 1,2
H 4076 10 17 4 170 1,10
H 4079 10 17 3 170 1,85
H 8801 34 5 3 170 1,34
H 8804 34 5 4 170 1,5
H 813 1 171 3 171 1,9,19,171
H 1608 6 29 5 174 1
H 1613 6 29 3 174 1,3
H 1614 6 29 3 174 1,87
H 1615 6 29 3 174 1,29
H 10317 58 3 5 174 1,6
H 10328 58 3 3 174 1,6,58,87
H 11087 87 2 5 174 1,174
H 11091 87 2 4 174 1,2,29,58
H 11092 87 2 3 174 1,6,29,174
H 11094 87 2 4 174 1,2,3,6
H 828 1 176 4 176 1,11,16,176
H 11929 178 1 4 178 1,2
H 5446 14 13 3 182 1,2
H 5451 14 13 3 182 1,91
H 5452 14 13 4 182 1,13
H 8127 26 7 5 182 1,7
H 8133 26 7 3 182 1,2,7,14
H 11944 183 1 6 183 1,3
H 11946 183 1 3 183 1,61
H 1624 6 31 5 186 1
H 1625 6 31 3 186 1,2
H 1626 6 31 3 186 1,62
H 1631 6 31 3 186 1,31
H 10433 62 3 3 186 1,186
H 10434 62 3 6 186 1,3
H 10439 62 3 3 186 1,3,31,93
H 10440 62 3 3 186 1,2,3,6
H 11203 93 2 5 186 1,186
H 11210 93 2 4 186 1,2,3,6
H 11212 93 2 3 186 1,3,62,186
H 11213 93 2 4 186 1,6,62,93
H 4089 10 19 5 190 1
H 4094 10 19 3 190 1,5
H 4095 10 19 3 190 1,95
H 4096 10 19 3 190 1,19
H 11299 95 2 4 190 1,2,19,38
H 11300 95 2 5 190 1,10,19,190
H 11302 95 2 5 190 1,2,5,10
H 11304 95 2 3 190 1,5,38,190
H 11991 194 1 5 194 1,2
H 11993 194 1 4 194 1,97
H 6362 15 13 3 195 1,3
H 6364 15 13 5 195 1,15
H 6367 15 13 5 195 1,65
H 6368 15 13 3 195 1,13
H 6375 15 13 3 195 1,15,39,65
H 9586 39 5 3 195 1,39
H 9588 39 5 3 195 1,195
H 9594 39 5 4 195 1,5,13,65
H 9595 39 5 3 195 1,3,5,15
H 10566 65 3 5 195 1,3,13,39
H 10569 65 3 3 195 1,3,5,15
O 889 1 195 3 195 1,5,39,195
H 12020 202 1 4 202 1,2
H 12021 202 1 3 202 1,202
H 12057 206 1 4 206 1,2
H 12059 206 1 5 206 1,103
H 920 1 207 3 207 1,9,23,207
H 1643 6 35 3 210 1,10
H 1644 6 35 3 210 1,70
H 1645 6 35 3 210 1,6
H 1648 6 35 3 210 1,210
H 1650 6 35 3 210 1,21
H 1652 6 35 3 210 1,105
H 4110 10 21 3 210 1,42
H 4112 10 21 3 210 1,210
H 4113 10 21 3 210 1,3
H 4116 10 21 3 210 1,105
H 4117 10 21 3 210 1,5
H 4118 10 21 3 210 1,35
H 5462 14 15 3 210 1,14
H 5467 14 15 5 210 1,30
H 5472 14 15 5 210 1,105
H 5480 14 15 3 210 1,5,6,30
H 5489 14 15 3 210 1,7,15,105
H 5496 14 15 3 210 1,2,15,30
H 5502 14 15 3 210 1,3,10,30
H 5504 14 15 4 210 1,6,10,15
H 5505 14 15 3 210 1,10,42,105
H 5509 14 15 3 210 1,6,70,105
H 6418 15 14 3 210 1,3,10,30
H 6419 15 14 3 210 1,10,21,210
H 6420 15 14 4 210 1,6,10,15
H 6423 15 14 4 210 1,21,30,70
H 6424 15 14 3 210 1,15,42,70
H 6425 15 14 3 210 1,6,70,105
H 7150 21 10 3 210 1,2,35,70
H 7156 21 10 4 210 1,30,35,42
H 7157 21 10 4 210 1,2,7,14
H 7160 21 10 3 210 1,7,30,210
H 7168 21 10 3 210 1,2,21,42
H 7174 21 10 3 210 1,14,30,105
H 9111 35 6 3 210 1,2,35,70
H 9129 35 6 5 210 1,2,21,42
H 9130 35 6 3 210 1,2,15,30
H 9141 35 6 6 210 1,21,30,70
H 9142 35 6 4 210 1,15,42,70
H 9152 35 6 3 210 1,5,6,14,21,30,70,105
H 9154 35 6 3 210 1,2,3,6,7,14,21,42
H 9156 35 6 3 210 1,3,7,10,21,30,70,210
H 12079 210 1 3 210 1,2
H 12080 210 1 3 210 1,14
H 12081 210 1 3 210 1,10
H 12083 210 1 3 210 1,6
H 12087 210 1 3 210 1,3
H 12088 210 1 3 210 1,21
H 12089 210 1 3 210 1,15
H 12091 210 1 3 210 1,5
H 12092 210 1 3 210 1,35
H 12093 210 1 3 210 1,7
H 13062 215 1 6 215 1,43
H 1707 6 37 5 222 1
H 1709 6 37 3 222 1,74
H 1710 6 37 3 222 1,6
H 1713 6 37 3 222 1,111
H 10745 74 3 4 222 1,222
H 10751 74 3 4 222 1,3,37,111
H 10752 74 3 3 222 1,2,3,6
H 11399 111 2 5 222 1,2,37,74
H 11400 111 2 3 222 1,6,37,222
H 11402 111 2 5 222 1,2,3,6
H 11404 111 2 4 222 1,3,74,222
H 4172 10 23 5 230 1,2
H 4173 10 23 5 230 1,46
H 4174 10 23 4 230 1,10
H 4176 10 23 4 230 1,5
H 4177 10 23 4 230 1,115
H 4178 10 23 5 230 1,23
H 4179 10 23 3 230 1,2,23,46
H 9782 46 5 5 230 1,2
H 9783 46 5 4 230 1,46
H 9786 46 5 6 230 1,5
H 9787 46 5 5 230 1,115
H 9791 46 5 3 230 1,5,23,115
H 9792 46 5 3 230 1,2,5,10
H 11433 115 2 3 230 1,2,23,46
H 11436 115 2 6 230 1,2,5,10
H 11438 115 2 4 230 1,5,46,230
H 11439 115 2 5 230 1,10,46,115
H 7202 21 11 5 231 1,21
H 7204 21 11 5 231 1,7
H 7207 21 11 4 231 1,3,11,33
H 7209 21 11 3 231 1,7,11,77
H 7213 21 11 3 231 1,21,33,77
H 8523 33 7 5 231 1,3
H 8524 33 7 5 231 1,33
H 8532 33 7 4 231 1,7,11,77
H 8533 33 7 3 231 1,3,7,21
H 8536 33 7 3 231 1,21,33,77
H 10846 77 3 4 231 1,3,11,33
H 10849 77 3 6 231 1,3,7,21
H 10851 77 3 3 231 1,7,33,231
H 10852 77 3 4 231 1,21,33,77
H 8147 26 9 3 234 1,9,13,117
H 8148 26 9 3 234 1,2,9,18
H 13133 237 1 4 237 1,237
H 5528 14 17 3 238 1,2
H 5531 14 17 3 238 1,238
H 8817 34 7 3 238 1,14
H 8818 34 7 3 238 1,238
H 8821 34 7 3 238 1,17
H 11515 119 2 5 238 1,14,17,238
H 11517 119 2 5 238 1,2,7,14
H 11519 119 2 5 238 1,7,34,238
H 1724 6 41 3 246 1,2
H 1728 6 41 4 246 1,3
H 1729 6 41 3 246 1,123
H 10901 82 3 6 246 1,6
H 10902 82 3 4 246 1,246
H 10905 82 3 3 246 1,41
H 10909 82 3 3 246 1,2,3,6
H 10912 82 3 3 246 1,6,82,123
H 1095 1 252 3 252 1,4,7,9,28,36,63,252
H 6460 15 17 5 255 1,15
H 6463 15 17 5 255 1,85
H 6465 15 17 4 255 1,3,17,51
H 6467 15 17 3 255 1,5,17,85
H 6468 15 17 3 255 1,3,5,15
H 9935 51 5 5 255 1,51
H 9937 51 5 3 255 1,255
H 9941 51 5 3 255 1,3,17,51
H 9943 51 5 4 255 1,5,17,85
H 9944 51 5 5 255 1,3,5,15
H 10996 85 3 3 255 1,3,17,51
H 10998 85 3 3 255 1,5,17,85
H 10999 85 3 4 255 1,3,5,15
H 11002 85 3 6 255 1,15,51,85
H 1740 6 43 4 258 1,2
H 1744 6 43 3 258 1,3
H 1746 6 43 3 258 1,43
H 11042 86 3 3 258 1,86
H 11046 86 3 5 258 1,129
H 11049 86 3 3 258 1,6,43,258
H 11050 86 3 3 258 1,3,43,129
H 11051 86 3 4 258 1,2,3,6
H 8549 33 8 4 264 1,8,33,264
H 8550 33 8 3 264 1,3,88,264
H 5544 14 19 5 266 1,2
H 5546 14 19 4 266 1,14
H 5549 14 19 5 266 1,133
H 5550 14 19 6 266 1,19
H 5551 14 19 3 266 1,2,19,38
H 5553 14 19 3 266 1,7,19,133
H 9365 38 7 4 266 1,38
H 9373 38 7 3 266 1,7,19,133
H 9374 38 7 4 266 1,2,7,14
H 7216 21 13 3 273 1,39
H 7220 21 13 3 273 1,91
H 7223 21 13 3 273 1,13,21,273
H 7225 21 13 4 273 1,3,7,21
H 9607 39 7 4 273 1,3,13,39
H 9610 39 7 3 273 1,3,7,21
H 9612 39 7 3 273 1,7,39,273
H 1164 1 279 5 279 1,9,31,279
H 1758 6 47 5 282 1,6
H 1759 6 47 3 282 1,282
H 1760 6 47 5 282 1,3
H 1761 6 47 3 282 1,141
H 1766 6 47 3 282 1,2,3,6
H 6482 15 19 4 285 1,5,19,95
H 11307 95 3 6 285 1,3,19,57
H 11308 95 3 5 285 1,15,19,285
H 11310 95 3 6 285 1,3,5,15
H 11312 95 3 3 285 1,5,57,285
H 7625 22 13 5 286 1,11
H 7630 22 13 3 286 1,11,13,143
H 11751 143 2 4 286 1,11,26,286
H 4203 10 29 6 290 1,2
H 4204 10 29 5 290 1,58
H 4207 10 29 5 290 1,5
H 4208 10 29 4 290 1,145
H 4210 10 29 3 290 1,2,29,58
H 4213 10 29 3 290 1,2,5,10
H 10333 58 5 3 290 1,290
H 10336 58 5 5 290 1,29
H 10337 58 5 3 290 1,2,29,58
H 10340 58 5 4 290 1,2,5,10
H 10343 58 5 3 290 1,10,58,145
H 1774 6 49 4 294 1,6
H 1778 6 49 3 294 1,49
H 8839 34 9 3 306 1,9,17,153
H 8842 34 9 3 306 1,9,34,306
H 4220 10 31 5 310 1,10
H 4221 10 31 3 310 1,310
H 4222 10 31 5 310 1,5
H 4223 10 31 3 310 1,155
H 4228 10 31 3 310 1,2,5,10
H 13256 314 1 6 314 1,157
H 1209 1 315 3 315 1,5,7,9,35,45,63,315
H 9173 35 9 3 315 1,9,35,315
H 1792 6 53 5 318 1,3
H 1797 6 53 3 318 1,3,53,159
H 11869 159 2 6 318 1,2,53,106
H 11870 159 2 6 318 1,6,53,318
H 11874 159 2 4 318 1,3,106,318
H 5560 14 23 5 322 1,46
H 5561 14 23 5 322 1,14
H 5564 14 23 3 322 1,161
H 5566 14 23 3 322 1,2,23,46
H 5569 14 23 3 322 1,2,7,14
H 9802 46 7 3 322 1,161
H 1805 6 55 5 330 1,10
H 1808 6 55 3 330 1,66
H 1814 6 55 5 330 1,165
H 1818 6 55 3 330 1,2,5,10
H 1821 6 55 3 330 1,10,22,55
H 1827 6 55 3 330 1,10,11,110
H 1831 6 55 3 330 1,11,15,165
H 1833 6 55 3 330 1,3,55,165
H 1834 6 55 3 330 1,5,33,165
H 1852 6 55 4 330 1,5,11,55
H 4236 10 33 3 330 1,110
H 4252 10 33 4 330 1,5,6,30
H 4253 10 33 4 330 1,6,55,330
H 4255 10 33 4 330 1,30,55,66
H 4259 10 33 3 330 1,11,30,330
H 4260 10 33 4 330 1,3,11,33
H 4263 10 33 4 330 1,3,55,165
H 4264 10 33 3 330 1,5,33,165
H 4265 10 33 4 330 1,15,33,55
H 4266 10 33 4 330 1,2,3,6
H 4267 10 33 3 330 1,2,33,66
H 4268 10 33 3 330 1,2,15,30
H 4271 10 33 4 330 1,6,22,33
H 4273 10 33 3 330 1,22,30,165
H 4274 10 33 4 330 1,3,10,30
H 4275 10 33 3 330 1,10,33,330
H 6510 15 22 6 330 1,3,22,66
H 6511 15 22 5 330 1,6,22,33
H 6512 15 22 5 330 1,15,22,330
H 6513 15 22 4 330 1,22,30,165
H 6514 15 22 5 330 1,3,10,30
H 6515 15 22 4 330 1,10,33,330
H 6516 15 22 6 330 1,6,10,15
H 6517 15 22 5 330 1,10,66,165
H 6524 15 22 3 330 1,2,3,5,6,10,15,30
H 6528 15 22 3 330 1,3,5,15,22,66,110,330
H 6532 15 22 3 330 1,2,3,6,11,22,33,66
H 6535 15 22 3 330 1,6,10,11,15,66,110,165
H 7661 22 15 3 330 1,6,11,66
H 7664 22 15 4 330 1,11,15,165
H 7665 22 15 5 330 1,3,5,15
H 7673 22 15 4 330 1,3,22,66
H 7675 22 15 5 330 1,15,22,330
H 7679 22 15 6 330 1,6,10,15
H 7680 22 15 3 330 1,10,66,165
H 7687 22 15 3 330 1,2,3,5,6,10,15,30
H 7694 22 15 3 330 1,6,10,15,22,33,55,330
H 8554 33 10 3 330 1,2,55,110
H 8572 33 10 5 330 1,2,33,66
H 8573 33 10 5 330 1,2,15,30
H 8585 33 10 4 330 1,15,66,110
H 8589 33 10 3 330 1,2,3,5,6,10,15,30
H 8595 33 10 4 330 1,5,6,22,30,33,110,165
H 8597 33 10 3 330 1,2,3,6,11,22,33,66
H 8599 33 10 4 330 1,3,10,11,30,33,110,330
H 13282 330 1 3 330 1,2
H 13284 330 1 3 330 1,10
H 13285 330 1 3 330 1,110
H 13286 330 1 3 330 1,6
H 13287 330 1 3 330 1,66
H 13288 330 1 3 330 1,30
H 13292 330 1 3 330 1,15
H 13294 330 1 3 330 1,5
H 13295 330 1 3 330 1,55
H 13296 330 1 3 330 1,11
H 5581 14 25 3 350 1,2,7,14
H 5583 14 25 4 350 1,7,25,175
H 1871 6 59 3 354 1,118
H 1874 6 59 6 354 1,3
H 1879 6 59 3 354 1,3,59,177
H 1880 6 59 3 354 1,2,3,6
H 1887 6 61 5 366 1,6
H 1898 6 61 3 366 1,6,122,183
H 4299 10 37 6 370 1,2
H 4302 10 37 3 370 1,370
H 4306 10 37 3 370 1,2,37,74
H 4309 10 37 3 370 1,2,5,10
H 10764 74 5 3 370 1,2,37,74
H 10765 74 5 4 370 1,10,37,370
H 10766 74 5 3 370 1,5,37,185
H 10767 74 5 5 370 1,2,5,10
H 7703 22 17 6 374 1,34
H 7709 22 17 3 374 1,2,17,34
H 7711 22 17 4 374 1,11,17,187
H 7712 22 17 4 374 1,2,11,22
H 7715 22 17 3 374 1,22,34,187
H 8852 34 11 4 374 1,2,17,34
H 8854 34 11 3 374 1,11,17,187
H 8855 34 11 4 374 1,2,11,22
H 8858 34 11 4 374 1,22,34,187
H 1900 6 65 5 390 1,2
H 1907 6 65 3 390 1,390
H 1911 6 65 5 390 1,195
H 1923 6 65 3 390 1,2,13,26
H 1927 6 65 4 390 1,3,13,39
H 1928 6 65 3 390 1,13,15,195
H 1930 6 65 3 390 1,3,65,195
H 1931 6 65 3 390 1,5,39,195
H 1933 6 65 3 390 1,2,3,6
H 1934 6 65 3 390 1,2,39,78
H 4330 10 39 3 390 1,2,65,130
H 4332 10 39 3 390 1,10,26,65
H 4333 10 39 4 390 1,5,6,30
H 4339 10 39 4 390 1,6,13,78
H 4347 10 39 4 390 1,2,3,6
H 4351 10 39 3 390 1,3,26,78
H 4354 10 39 3 390 1,26,30,195
H 4355 10 39 3 390 1,3,10,30
H 4358 10 39 3 390 1,10,78,195
H 4362 10 39 4 390 1,6,130,195
H 4363 10 39 3 390 1,5,13,65
H 6590 15 26 3 390 1,2,3,5,6,10,15,30
H 6593 15 26 3 390 1,2,15,30,39,65,78,130
H 6597 15 26 3 390 1,6,10,15,26,39,65,390
H 6598 15 26 3 390 1,2,3,6,13,26,39,78
H 6602 15 26 3 390 1,2,5,10,13,26,65,130
H 8185 26 15 5 390 1,15,39,65
H 8191 26 15 3 390 1,6,26,39
H 8195 26 15 5 390 1,10,39,390
H 8196 26 15 6 390 1,6,10,15
H 8204 26 15 3 390 1,2,3,5,6,10,15,30
H 8207 26 15 3 390 1,2,15,30,39,65,78,130
H 8214 26 15 3 390 1,3,10,13,30,39,130,390
H 8215 26 15 3 390 1,6,10,13,15,78,130,195
H 9659 39 10 4 390 1,2,3,5,6,10,15,30
H 9663 39 10 3 390 1,3,5,15,26,78,130,390
H 9664 39 10 4 390 1,3,10,26,30,65,78,195
H 9667 39 10 3 390 1,2,3,6,13,26,39,78
H 9671 39 10 5 390 1,2,5,10,13,26,65,130
H 9672 39 10 4 390 1,5,6,13,30,65,78,390
H 13718 390 1 5 390 1,2
H 13721 390 1 3 390 1,130
H 13723 390 1 3 390 1,78
H 13724 390 1 5 390 1,30
H 13726 390 1 5 390 1,3
H 13729 390 1 3 390 1,195
H 13730 390 1 5 390 1,5
H 13732 390 1 3 390 1,13
H 13733 390 1 3 390 1,2,5,10
H 13737 390 1 3 390 1,5,6,30
H 13747 390 1 3 390 1,3,5,15
H 13751 390 1 3 390 1,2,3,6
H 13753 390 1 3 390 1,2,15,30
H 13759 390 1 3 390 1,3,10,30
H 13761 390 1 3 390 1,6,10,15
H 7260 21 19 5 399 1,3,19,57
H 7262 21 19 5 399 1,7,19,133
H 7263 21 19 5 399 1,3,7,21
H 7266 21 19 3 399 1,21,57,133
H 10244 57 7 5 399 1,3,19,57
H 10246 57 7 3 399 1,7,19,133
H 10247 57 7 6 399 1,3,7,21
H 10250 57 7 6 399 1,21,57,133
H 1966 6 67 6 402 1,2
H 1971 6 67 3 402 1,201
H 1973 6 67 3 402 1,2,67,134
H 1976 6 67 3 402 1,2,3,6
H 11678 134 3 3 402 1,2,67,134
H 11679 134 3 4 402 1,6,67,402
H 11680 134 3 5 402 1,3,67,201
H 11681 134 3 6 402 1,2,3,6
H 11682 134 3 3 402 1,2,201,402
H 5614 14 29 4 406 1,2,7,14
H 5617 14 29 3 406 1,14,58,203
H 4387 10 41 3 410 1,2,41,82
H 4389 10 41 3 410 1,5,41,205
H 4390 10 41 3 410 1,2,5,10
H 9817 46 9 4 414 1,9,46,414
H 7718 22 19 5 418 1,38
H 7722 22 19 3 418 1,209
H 7724 22 19 3 418 1,2,19,38
H 7725 22 19 3 418 1,19,22,418
H 7727 22 19 4 418 1,2,11,22
H 1982 6 71 5 426 1,142
H 1986 6 71 5 426 1,213
H 1988 6 71 3 426 1,2,71,142
H 1990 6 71 3 426 1,3,71,213
H 1991 6 71 4 426 1,2,3,6
H 8608 33 13 3 429 1,3,143,429
H 5622 14 31 3 434 1,434
H 10467 62 7 4 434 1,2,31,62
H 10469 62 7 5 434 1,7,31,217
H 10470 62 7 5 434 1,2,7,14
H 6663 15 29 3 435 1,3,29,87
H 6664 15 29 4 435 1,15,29,435
H 6665 15 29 4 435 1,5,29,145
H 6666 15 29 6 435 1,3,5,15
H 8226 26 17 4 442 1,2,17,34
H 8227 26 17 3 442 1,17,26,442
H 8228 26 17 3 442 1,13,17,221
H 8229 26 17 3 442 1,2,13,26
H 8231 26 17 3 442 1,13,34,442
H 9236 35 13 6 455 1,5,13,65
H 9239 35 13 6 455 1,5,7,35
H 9240 35 13 3 455 1,5,91,455
H 9242 35 13 4 455 1,35,65,91
H 2014 6 77 5 462 1,154
H 2016 6 77 5 462 1,66
H 2027 6 77 3 462 1,2,77,154
H 2028 6 77 3 462 1,7,22,154
H 2033 6 77 3 462 1,42,66,77
H 2035 6 77 3 462 1,11,14,154
H 2039 6 77 4 462 1,11,21,231
H 2040 6 77 4 462 1,3,7,21
H 2043 6 77 3 462 1,21,33,77
H 2046 6 77 4 462 1,2,21,42
H 2048 6 77 3 462 1,3,22,66
H 2050 6 77 3 462 1,21,22,462
H 2054 6 77 3 462 1,6,14,21
H 2055 6 77 3 462 1,14,66,231
H 7321 21 22 5 462 1,7,22,154
H 7344 21 22 3 462 1,22,42,231
H 7355 21 22 4 462 1,2,3,6,7,14,21,42
H 7358 21 22 4 462 1,2,21,33,42,66,77,154
H 7362 21 22 4 462 1,6,14,21,22,33,77,462
H 7363 21 22 5 462 1,2,3,6,11,22,33,66
H 7365 21 22 4 462 1,3,11,14,33,42,154,462
H 7367 21 22 3 462 1,2,7,11,14,22,77,154
H 7368 21 22 4 462 1,6,7,11,42,66,77,462
H 7735 22 21 3 462 1,14,22,77
H 7747 22 21 4 462 1,3,77,231
H 7754 22 21 4 462 1,3,22,66
H 7757 22 21 6 462 1,22,42,231
H 7758 22 21 3 462 1,3,14,42
H 7761 22 21 3 462 1,14,66,231
H 7774 22 21 3 462 1,6,7,22,33,42,154,231
H 7777 22 21 3 462 1,2,11,21,22,42,231,462
H 8648 33 14 5 462 1,2,3,6,7,14,21,42
H 8651 33 14 3 462 1,2,21,33,42,66,77,154
H 8652 33 14 3 462 1,3,7,21,22,66,154,462
H 8655 33 14 5 462 1,6,14,21,22,33,77,462
H 8656 33 14 4 462 1,2,3,6,11,22,33,66
H 8658 33 14 3 462 1,3,11,14,33,42,154,462
H 8660 33 14 5 462 1,2,7,11,14,22,77,154
H 8661 33 14 4 462 1,6,7,11,42,66,77,462
H 14123 462 1 3 462 1,2
H 14124 462 1 3 462 1,22
H 14129 462 1 3 462 1,42
H 14130 462 1 3 462 1,462
H 14131 462 1 5 462 1,3
H 14132 462 1 5 462 1,33
H 14135 462 1 5 462 1,7
H 14136 462 1 5 462 1,77
H 14150 462 1 3 462 1,3,11,33
H 14151 462 1 3 462 1,11,21,231
H 14152 462 1 3 462 1,3,7,21
H 14153 462 1 3 462 1,3,77,231
H 14154 462 1 3 462 1,7,33,231
H 14155 462 1 3 462 1,21,33,77
H 14172 462 1 3 462 1,7,11,77
H 11224 93 5 3 465 1,15,31,465
H 2082 6 79 4 474 1,237
H 2084 6 79 4 474 1,2,79,158
H 2087 6 79 3 474 1,2,3,6
H 4432 10 49 3 490 1,2,49,98
H 4433 10 49 3 490 1,10,49,490
H 4434 10 49 3 490 1,5,49,245
H 4435 10 49 4 490 1,2,5,10
H 9409 38 13 4 494 1,2,19,38
H 9411 38 13 6 494 1,13,19,247
H 9412 38 13 4 494 1,2,13,26
H 9415 38 13 3 494 1,26,38,247
H 10149 55 9 3 495 1,5,9,11,45,55,99,495
H 2093 6 83 3 498 1,166
H 2097 6 83 5 498 1,249
H 2100 6 83 3 498 1,6,83,498
H 2101 6 83 3 498 1,3,83,249
H 2102 6 83 4 498 1,2,3,6
H 2135 6 85 5 510 1,15,17,255
H 2139 6 85 3 510 1,15,51,85
H 2142 6 85 3 510 1,2,15,30
H 2150 6 85 5 510 1,6,10,15
H 2169 6 85 3 510 1,6,10,15,17,102,170,255
H 4452 10 51 5 510 1,3,17,51
H 4466 10 51 6 510 1,3,10,30
H 4467 10 51 5 510 1,10,51,510
H 4471 10 51 3 510 1,30,51,170
H 4475 10 51 3 510 1,3,5,15,17,51,85,255
H 4476 10 51 3 510 1,2,3,5,6,10,15,30
H 4481 10 51 3 510 1,3,10,30,34,85,102,255
H 4483 10 51 3 510 1,6,10,15,34,51,85,510
H 6711 15 34 6 510 1,15,34,510
H 6712 15 34 3 510 1,30,34,255
H 6723 15 34 4 510 1,2,3,5,6,10,15,30
H 6726 15 34 3 510 1,2,15,30,51,85,102,170
H 6727 15 34 3 510 1,3,5,15,34,102,170,510
H 6730 15 34 3 510 1,6,10,15,34,51,85,510
H 6731 15 34 5 510 1,2,3,6,17,34,51,102
H 6733 15 34 4 510 1,3,10,17,30,51,170,510
H 6735 15 34 5 510 1,2,5,10,17,34,85,170
H 6736 15 34 3 510 1,5,6,17,30,85,102,510
H 9966 51 10 6 510 1,2,3,5,6,10,15,30
H 9969 51 10 5 510 1,2,15,30,51,85,102,170
H 9970 51 10 5 510 1,3,5,15,34,102,170,510
H 9974 51 10 4 510 1,2,3,6,17,34,51,102
H 9976 51 10 4 510 1,3,10,17,30,51,170,510
H 9977 51 10 3 510 1,6,10,15,17,102,170,255
H 9978 51 10 5 510 1,2,5,10,17,34,85,170
H 9979 51 10 5 510 1,5,6,17,30,85,102,510
H 14443 510 1 3 510 1,10
H 14444 510 1 5 510 1,170
H 14445 510 1 5 510 1,6
H 14446 510 1 3 510 1,102
H 14449 510 1 3 510 1,3
H 14450 510 1 5 510 1,51
H 14453 510 1 5 510 1,5
H 14454 510 1 3 510 1,85
H 14458 510 1 3 510 1,5,34,170
H 14460 510 1 3 510 1,5,6,30
H 14472 510 1 3 510 1,5,51,255
H 14479 510 1 3 510 1,6,34,51
H 14481 510 1 3 510 1,30,34,255
H 14487 510 1 3 510 1,30,51,170
H 14489 510 1 3 510 1,6,170,255
H 5693 14 37 3 518 1,14,37,518
H 5694 14 37 4 518 1,7,37,259
H 5695 14 37 5 518 1,2,7,14
H 4494 10 53 3 530 1,530
H 4498 10 53 4 530 1,2,53,106
H 4500 10 53 3 530 1,5,53,265
H 4501 10 53 5 530 1,2,5,10
H 4504 10 53 4 530 1,10,106,265
H 2174 6 89 4 534 1,178
H 2176 6 89 3 534 1,534
H 2182 6 89 4 534 1,3,89,267
H 2183 6 89 4 534 1,2,3,6
H 2195 6 91 3 546 1,546
H 2204 6 91 4 546 1,2,91,182
H 2207 6 91 4 546 1,6,7,42
H 2210 6 91 3 546 1,42,78,91
H 2211 6 91 4 546 1,2,13,26
H 2212 6 91 4 546 1,13,14,182
H 2213 6 91 4 546 1,6,13,78
H 2215 6 91 3 546 1,3,13,39
H 2216 6 91 3 546 1,13,21,273
H 2221 6 91 4 546 1,2,3,6
H 2223 6 91 4 546 1,2,21,42
H 2228 6 91 3 546 1,26,42,273
H 2229 6 91 3 546 1,3,14,42
H 2234 6 91 4 546 1,39,42,182
H 2236 6 91 4 546 1,6,182,273
H 2237 6 91 3 546 1,7,13,91
H 5709 14 39 3 546 1,13,14,182
H 5711 14 39 4 546 1,13,42,546
H 5726 14 39 5 546 1,3,14,42
H 5727 14 39 3 546 1,14,39,546
H 5731 14 39 4 546 1,39,42,182
H 5735 14 39 4 546 1,3,7,13,21,39,91,273
H 5736 14 39 3 546 1,2,3,6,7,14,21,42
H 5744 14 39 4 546 1,2,3,6,13,26,39,78
H 7387 21 26 5 546 1,2,3,6,7,14,21,42
H 7391 21 26 4 546 1,3,7,21,26,78,182,546
H 7392 21 26 3 546 1,3,14,26,42,78,91,273
H 7393 21 26 3 546 1,6,7,26,39,42,182,273
H 7395 21 26 3 546 1,2,3,6,13,26,39,78
H 7396 21 26 3 546 1,2,13,21,26,42,273,546
H 7398 21 26 5 546 1,6,13,14,21,78,182,273
H 7399 21 26 4 546 1,2,7,13,14,26,91,182
H 8251 26 21 3 546 1,7,26,182
H 8255 26 21 6 546 1,7,78,546
H 8271 26 21 6 546 1,3,26,78
H 8279 26 21 3 546 1,3,182,546
H 8281 26 21 5 546 1,21,78,182
H 8284 26 21 4 546 1,3,7,13,21,39,91,273
H 8285 26 21 4 546 1,2,3,6,7,14,21,42
H 8287 26 21 3 546 1,2,7,14,39,78,273,546
H 8288 26 21 3 546 1,2,21,39,42,78,91,182
H 8290 26 21 3 546 1,3,14,26,42,78,91,273
H 8293 26 21 3 546 1,2,3,6,13,26,39,78
H 8298 26 21 3 546 1,6,7,13,42,78,91,546
H 14625 546 1 5 546 1,78
H 14630 546 1 5 546 1,21
H 14631 546 1 5 546 1,273
H 14633 546 1 5 546 1,91
H 14635 546 1 4 546 1,2,7,14
H 14636 546 1 3 546 1,2,91,182
H 14637 546 1 4 546 1,7,26,182
H 14638 546 1 3 546 1,14,26,91
H 14639 546 1 4 546 1,6,7,42
H 14643 546 1 4 546 1,2,13,26
H 14645 546 1 3 546 1,6,13,78
H 14649 546 1 3 546 1,3,7,21
H 14651 546 1 3 546 1,7,39,273
H 14653 546 1 4 546 1,2,3,6
H 14654 546 1 3 546 1,2,39,78
H 14655 546 1 3 546 1,2,21,42
H 14657 546 1 3 546 1,3,26,78
H 14658 546 1 4 546 1,6,26,39
H 14660 546 1 3 546 1,26,42,273
H 14663 546 1 3 546 1,6,14,21
H 14668 546 1 3 546 1,6,182,273
H 14669 546 1 3 546 1,7,13,91
H 10712 69 8 4 552 1,3,8,23,24,69,184,552
H 9244 35 16 4 560 1,5,7,16,35,80,112,560
H 2269 6 95 5 570 1,2,5,10
H 2278 6 95 3 570 1,10,19,190
H 2279 6 95 3 570 1,6,19,114
H 2282 6 95 3 570 1,15,19,285
H 2285 6 95 4 570 1,5,57,285
H 2288 6 95 4 570 1,2,57,114
H 2296 6 95 3 570 1,10,57,570
H 2297 6 95 5 570 1,6,10,15
H 2301 6 95 3 570 1,15,114,190
H 2302 6 95 3 570 1,6,190,285
H 2305 6 95 3 570 1,2,3,5,6,10,15,30
H 4514 10 57 3 570 1,2,19,38
H 4517 10 57 5 570 1,19,30,570
H 4519 10 57 5 570 1,15,19,285
H 4526 10 57 6 570 1,2,15,30
H 4542 10 57 3 570 1,2,3,5,6,10,15,30
H 4545 10 57 3 570 1,2,15,30,57,95,114,190
H 4553 10 57 3 570 1,6,10,15,19,114,190,285
H 4555 10 57 3 570 1,5,6,19,30,95,114,570
H 14920 570 1 3 570 1,570
H 14924 570 1 3 570 1,285
H 14928 570 1 4 570 1,2,5,10
H 14929 570 1 3 570 1,2,95,190
H 14930 570 1 3 570 1,5,38,190
H 14932 570 1 3 570 1,5,6,30
H 14936 570 1 4 570 1,2,19,38
H 14937 570 1 3 570 1,10,19,190
H 14940 570 1 3 570 1,3,19,57
H 14946 570 1 4 570 1,2,3,6
H 14947 570 1 3 570 1,2,57,114
H 14948 570 1 3 570 1,2,15,30
H 14951 570 1 3 570 1,6,38,57
H 14954 570 1 3 570 1,3,10,30
H 5755 14 41 3 574 1,2,287,574
H 2327 6 97 3 582 1,2,97,194
H 2330 6 97 3 582 1,2,3,6
H 2333 6 97 3 582 1,6,194,291
H 5759 14 43 3 602 1,2,43,86
H 5760 14 43 3 602 1,14,43,602
H 5761 14 43 5 602 1,7,43,301
H 5762 14 43 6 602 1,2,7,14
H 5765 14 43 3 602 1,14,86,301
H 4572 10 61 3 610 1,2,61,122
H 4573 10 61 4 610 1,10,61,610
H 4574 10 61 3 610 1,5,61,305
H 4575 10 61 5 610 1,2,5,10
H 6797 15 41 6 615 1,3,41,123
H 6798 15 41 3 615 1,15,41,615
H 6799 15 41 6 615 1,5,41,205
H 6803 15 41 4 615 1,15,123,205
H 4615 10 63 3 630 1,5,7,9,35,45,63,315
H 4626 10 63 3 630 1,7,9,10,63,70,90,630
H 5804 14 45 3 630 1,2,9,18,35,70,315,630
H 2372 6 107 4 642 1,2,107,214
H 2373 6 107 3 642 1,6,107,642
H 2374 6 107 3 642 1,3,107,321
H 2375 6 107 5 642 1,2,3,6
H 2386 6 109 6 654 1,109
H 2387 6 109 3 654 1,2,109,218
H 2389 6 109 3 654 1,3,109,327
H 2390 6 109 4 654 1,2,3,6
H 2393 6 109 5 654 1,6,218,327
H 5822 14 47 3 658 1,2,329,658
H 2402 6 113 3 678 1,2,113,226
H 2403 6 113 3 678 1,6,113,678
H 2404 6 113 4 678 1,3,113,339
H 2405 6 113 5 678 1,2,3,6
H 2413 6 115 3 690 1,10,46,115
H 2415 6 115 4 690 1,6,115,690
H 2427 6 115 4 690 1,15,69,115
H 2433 6 115 3 690 1,6,46,69
H 2434 6 115 3 690 1,15,46,690
H 2438 6 115 6 690 1,6,10,15
H 2446 6 115 3 690 1,2,3,5,6,10,15,30
H 2457 6 115 3 690 1,6,10,15,23,138,230,345
H 4641 10 69 3 690 1,5,46,230
H 4645 10 69 4 690 1,5,138,690
H 4674 10 69 4 690 1,3,5,15,23,69,115,345
H 4675 10 69 4 690 1,2,3,5,6,10,15,30
H 4680 10 69 3 690 1,3,10,30,46,115,138,345
H 4682 10 69 4 690 1,6,10,15,46,69,115,690
H 4683 10 69 4 690 1,2,3,6,23,46,69,138
H 4684 10 69 3 690 1,2,15,23,30,46,345,690
H 15066 690 1 3 690 1,138
H 15068 690 1 3 690 1,690
H 15076 690 1 4 690 1,2,5,10
H 15077 690 1 3 690 1,2,115,230
H 15078 690 1 4 690 1,5,46,230
H 15079 690 1 3 690 1,10,46,115
H 15080 690 1 4 690 1,5,6,30
H 15090 690 1 3 690 1,3,5,15
H 15092 690 1 3 690 1,5,69,345
H 15094 690 1 3 690 1,2,3,6
H 15101 690 1 3 690 1,30,46,345
H 15102 690 1 3 690 1,3,10,30
H 15109 690 1 3 690 1,6,230,345
H 15110 690 1 3 690 1,5,23,115
H 2463 6 119 3 714 1,7,34,238
H 2467 6 119 4 714 1,7,102,714
H 2469 6 119 5 714 1,2,17,34
H 2472 6 119 3 714 1,17,42,714
H 2474 6 119 5 714 1,17,21,357
H 2475 6 119 6 714 1,3,7,21
H 2481 6 119 5 714 1,2,21,42
H 2482 6 119 3 714 1,2,357,714
H 2483 6 119 5 714 1,3,34,102
H 2486 6 119 3 714 1,34,42,357
H 2493 6 119 4 714 1,21,102,238
H 2496 6 119 3 714 1,3,7,17,21,51,119,357
H 2497 6 119 3 714 1,2,3,6,7,14,21,42
H 2505 6 119 3 714 1,2,3,6,17,34,51,102
H 15170 714 1 5 714 1,238
H 15174 714 1 3 714 1,714
H 15182 714 1 5 714 1,2,7,14
H 15183 714 1 3 714 1,2,119,238
H 15184 714 1 3 714 1,7,34,238
H 15191 714 1 3 714 1,14,17,238
H 15194 714 1 4 714 1,3,17,51
H 15196 714 1 5 714 1,3,7,21
H 15197 714 1 4 714 1,3,119,357
H 15198 714 1 3 714 1,7,51,357
H 15200 714 1 5 714 1,2,3,6
H 15201 714 1 3 714 1,2,51,102
H 15204 714 1 4 714 1,3,34,102
H 15208 714 1 5 714 1,3,14,42
H 15211 714 1 3 714 1,14,102,357
H 15218 714 1 3 714 1,2,3,6,7,14,21,42
H 4713 10 77 4 770 1,70,77,110
H 4716 10 77 5 770 1,10,11,110
H 4717 10 77 5 770 1,11,70,770
H 4741 10 77 3 770 1,5,7,11,35,55,77,385
H 4742 10 77 4 770 1,2,5,7,10,14,35,70
H 4748 10 77 4 770 1,7,10,22,55,70,154,385
H 4750 10 77 3 770 1,2,5,10,11,22,55,110
H 4752 10 77 3 770 1,5,11,14,55,70,154,770
H 4754 10 77 4 770 1,2,7,11,14,22,77,154
H 7865 22 35 5 770 1,5,7,11,35,55,77,385
H 7866 22 35 4 770 1,2,5,7,10,14,35,70
H 7869 22 35 3 770 1,2,35,55,70,77,110,154
H 7872 22 35 4 770 1,7,10,22,55,70,154,385
H 7873 22 35 3 770 1,10,14,22,35,55,77,770
H 7874 22 35 4 770 1,2,5,10,11,22,55,110
H 7875 22 35 3 770 1,2,11,22,35,70,385,770
H 7878 22 35 4 770 1,2,7,11,14,22,77,154
H 15282 770 1 3 770 1,770
H 15291 770 1 4 770 1,2,77,154
H 15293 770 1 3 770 1,14,22,77
H 15294 770 1 5 770 1,7,10,70
H 15297 770 1 3 770 1,70,77,110
H 15298 770 1 5 770 1,2,11,22
H 15300 770 1 6 770 1,10,11,110
H 15303 770 1 5 770 1,11,35,385
H 15305 770 1 3 770 1,5,77,385
H 15307 770 1 4 770 1,35,55,77
H 15308 770 1 6 770 1,2,5,10
H 15310 770 1 5 770 1,2,35,70
H 15313 770 1 5 770 1,10,22,55
H 15315 770 1 3 770 1,22,70,385
H 15318 770 1 6 770 1,10,14,35
H 15323 770 1 5 770 1,10,154,385
H 15324 770 1 4 770 1,7,11,77
H 15326 770 1 3 770 1,2,5,7,10,14,35,70
H 15334 770 1 3 770 1,2,5,10,11,22,55,110
H 15337 770 1 3 770 1,10,11,14,35,110,154,385
H 5971 14 57 5 798 1,3,7,19,21,57,133,399
H 5972 14 57 4 798 1,2,3,6,7,14,21,42
H 5977 14 57 4 798 1,3,14,38,42,114,133,399
H 5978 14 57 3 798 1,6,7,38,42,57,266,399
H 5979 14 57 3 798 1,6,14,21,38,57,133,798
H 5980 14 57 4 798 1,2,3,6,19,38,57,114
H 5981 14 57 4 798 1,2,19,21,38,42,399,798
H 5985 14 57 4 798 1,6,7,19,42,114,133,798
H 15547 798 1 4 798 1,2,7,14
H 15548 798 1 3 798 1,2,133,266
H 15551 798 1 4 798 1,6,7,42
H 15557 798 1 3 798 1,6,19,114
H 15563 798 1 4 798 1,7,57,399
H 15564 798 1 3 798 1,21,57,133
H 15567 798 1 3 798 1,2,21,42
H 15576 798 1 3 798 1,14,114,399
H 15578 798 1 3 798 1,42,57,266
H 15579 798 1 3 798 1,21,114,266
H 15581 798 1 4 798 1,7,19,133
H 2595 6 137 3 822 1,2,137,274
H 2596 6 137 4 822 1,6,137,822
H 2597 6 137 5 822 1,3,137,411
H 2598 6 137 6 822 1,2,3,6
H 6897 15 56 4 840 1,7,15,24,40,105,168,280
H 7474 21 40 3 840 1,3,5,7,8,15,21,24,35,40,56,105,120,168,280,840
H 11280 94 9 4 846 1,2,9,18,47,94,423,846
H 2620 6 143 3 858 1,13,22,286
H 2622 6 143 3 858 1,13,66,858
H 2637 6 143 5 858 1,3,22,66
H 2638 6 143 5 858 1,22,39,858
H 2641 6 143 3 858 1,3,286,858
H 2642 6 143 3 858 1,39,66,286
H 2646 6 143 3 858 1,3,11,13,33,39,143,429
H 2647 6 143 3 858 1,2,3,6,11,22,33,66
H 2654 6 143 3 858 1,6,22,26,33,39,143,858
H 2655 6 143 4 858 1,2,3,6,13,26,39,78
H 15652 858 1 3 858 1,2,143,286
H 15653 858 1 3 858 1,11,26,286
H 15656 858 1 4 858 1,6,143,858
H 15657 858 1 3 858 1,11,78,858
H 15660 858 1 3 858 1,13,22,286
H 15661 858 1 5 858 1,6,13,78
H 15664 858 1 3 858 1,13,33,429
H 15665 858 1 5 858 1,3,11,33
H 15666 858 1 4 858 1,3,143,429
H 15669 858 1 6 858 1,2,3,6
H 15673 858 1 5 858 1,3,26,78
H 15675 858 1 3 858 1,26,33,858
H 15679 858 1 5 858 1,6,22,33
H 15680 858 1 3 858 1,22,78,429
H 15687 858 1 3 858 1,2,3,6,11,22,33,66
H 15695 858 1 3 858 1,2,3,6,13,26,39,78
H 2666 6 145 6 870 1,5,6,30
H 2667 6 145 3 870 1,6,145,870
H 2668 6 145 3 870 1,5,174,870
H 2672 6 145 4 870 1,6,29,174
H 2673 6 145 5 870 1,29,30,870
H 2696 6 145 6 870 1,5,29,145
H 2697 6 145 3 870 1,3,5,15,29,87,145,435
H 2698 6 145 3 870 1,2,3,5,6,10,15,30
H 2704 6 145 3 870 1,5,6,30,58,87,290,435
H 2708 6 145 3 870 1,3,10,29,30,87,290,870
H 2710 6 145 3 870 1,2,5,10,29,58,145,290
H 15784 870 1 3 870 1,2,145,290
H 15790 870 1 3 870 1,30,145,174
H 15800 870 1 3 870 1,15,87,145
H 15801 870 1 4 870 1,2,3,6
H 15805 870 1 3 870 1,3,58,174
H 15806 870 1 4 870 1,6,58,87
H 15808 870 1 3 870 1,30,58,435
H 15809 870 1 3 870 1,3,10,30
H 15811 870 1 4 870 1,6,10,15
H 15812 870 1 3 870 1,10,174,435
H 15816 870 1 4 870 1,6,290,435
H 15872 910 1 3 910 1,2,91,182
H 15878 910 1 5 910 1,70,91,130
H 15880 910 1 4 910 1,13,14,182
H 15882 910 1 4 910 1,13,70,910
H 15883 910 1 5 910 1,5,13,65
H 15888 910 1 5 910 1,35,65,91
H 15890 910 1 3 910 1,2,65,130
H 15891 910 1 5 910 1,2,35,70
H 15897 910 1 6 910 1,5,14,70
H 15898 910 1 3 910 1,14,65,910
H 15903 910 1 3 910 1,35,130,182
H 15906 910 1 3 910 1,5,7,13,35,65,91,455
H 15907 910 1 3 910 1,2,5,7,10,14,35,70
H 15912 910 1 3 910 1,5,14,26,70,91,130,455
H 2764 6 155 4 930 1,3,5,15,31,93,155,465
H 2765 6 155 4 930 1,2,3,5,6,10,15,30
H 2772 6 155 3 930 1,6,10,15,62,93,155,930
H 2773 6 155 3 930 1,2,3,6,31,62,93,186
H 2777 6 155 4 930 1,2,5,10,31,62,155,310
H 4891 10 93 3 930 1,3,5,15,31,93,155,465
H 4892 10 93 5 930 1,2,3,5,6,10,15,30
H 4894 10 93 3 930 1,2,5,10,93,186,465,930
H 4895 10 93 4 930 1,2,15,30,93,155,186,310
H 4900 10 93 3 930 1,2,3,6,31,62,93,186
H 4902 10 93 3 930 1,3,10,30,31,93,310,930
H 4903 10 93 5 930 1,6,10,15,31,186,310,465
H 4904 10 93 3 930 1,2,5,10,31,62,155,310
H 4905 10 93 3 930 1,5,6,30,31,155,186,930
H 15974 930 1 5 930 1,2,5,10
H 15975 930 1 4 930 1,2,155,310
H 15979 930 1 3 930 1,6,155,930
H 15980 930 1 3 930 1,5,186,930
H 15983 930 1 3 930 1,10,31,310
H 15985 930 1 3 930 1,30,31,930
H 15986 930 1 5 930 1,3,31,93
H 15989 930 1 4 930 1,3,155,465
H 15990 930 1 3 930 1,5,93,465
H 15992 930 1 6 930 1,2,3,6
H 15993 930 1 5 930 1,2,93,186
H 16000 930 1 5 930 1,3,10,30
H 16003 930 1 3 930 1,10,186,465
H 16005 930 1 3 930 1,30,93,310
H 16010 930 1 3 930 1,2,3,5,6,10,15,30
H 16018 930 1 3 930 1,2,3,6,31,62,93,186
H 2823 6 161 3 966 1,3,7,21,23,69,161,483
H 2824 6 161 4 966 1,2,3,6,7,14,21,42
H 2829 6 161 3 966 1,3,14,42,46,138,161,483
H 2832 6 161 3 966 1,2,3,6,23,46,69,138
H 2836 6 161 4 966 1,2,7,14,23,46,161,322
H 16062 966 1 3 966 1,2,161,322
H 16066 966 1 3 966 1,6,161,966
H 16067 966 1 3 966 1,7,138,966
H 16069 966 1 3 966 1,2,23,46
H 16072 966 1 3 966 1,23,42,966
H 16074 966 1 5 966 1,21,23,483
H 16075 966 1 6 966 1,3,7,21
H 16076 966 1 5 966 1,3,161,483
H 16079 966 1 5 966 1,2,3,6
H 16081 966 1 5 966 1,2,21,42
H 16083 966 1 4 966 1,3,46,138
H 16086 966 1 3 966 1,42,46,483
H 16093 966 1 4 966 1,21,138,322
H 16094 966 1 3 966 1,6,322,483
H 16096 966 1 3 966 1,3,7,21,23,69,161,483
H 16097 966 1 3 966 1,2,3,6,7,14,21,42
H 4917 10 99 3 990 1,2,9,18,55,110,495,990
H 10185 55 18 4 990 1,2,5,9,10,11,18,22,45,55,90,99,110,198,495,990
H 16148 1110 1 4 1110 1,5,74,370
H 16155 1110 1 3 1110 1,10,37,370
H 16156 1110 1 3 1110 1,6,37,222
H 16159 1110 1 5 1110 1,15,37,555
H 16168 1110 1 4 1110 1,3,74,222
H 16170 1110 1 5 1110 1,15,74,1110
H 16175 1110 1 3 1110 1,10,222,555
H 16179 1110 1 3 1110 1,6,370,555
H 16181 1110 1 3 1110 1,3,5,15,37,111,185,555
H 16182 1110 1 4 1110 1,2,3,5,6,10,15,30
H 16189 1110 1 3 1110 1,6,10,15,74,111,185,1110
H 16202 1122 1 3 1122 1,22,34,187
H 16206 1122 1 5 1122 1,66,102,187
H 16214 1122 1 3 1122 1,3,187,561
H 16221 1122 1 3 1122 1,3,34,102
H 16224 1122 1 3 1122 1,34,66,561
H 16225 1122 1 5 1122 1,3,22,66
H 16228 1122 1 3 1122 1,22,102,561
H 16235 1122 1 3 1122 1,2,3,6,11,22,33,66
H 16238 1122 1 3 1122 1,2,33,51,66,102,187,374
H 4998 10 117 5 1170 1,9,10,13,90,117,130,1170
H 16386 1190 1 5 1190 1,2,85,170
H 16388 1190 1 3 1190 1,2,595,1190
H 16389 1190 1 6 1190 1,5,34,170
H 16391 1190 1 4 1190 1,34,35,1190
H 16394 1190 1 3 1190 1,14,85,1190
H 16396 1190 1 5 1190 1,14,170,595
H 16399 1190 1 4 1190 1,35,170,238
H 16402 1190 1 4 1190 1,5,7,17,35,85,119,595
H 16403 1190 1 5 1190 1,2,5,7,10,14,35,70
H 16408 1190 1 3 1190 1,5,14,34,70,119,170,595
H 16409 1190 1 3 1190 1,7,10,34,70,85,238,595
H 16411 1190 1 3 1190 1,2,5,10,17,34,85,170
H 16415 1190 1 4 1190 1,2,7,14,17,34,119,238
H 3107 6 203 5 1218 1,3,7,21,29,87,203,609
H 3108 6 203 5 1218 1,2,3,6,7,14,21,42
H 3113 6 203 3 1218 1,3,14,42,58,174,203,609
H 3115 6 203 4 1218 1,6,14,21,58,87,203,1218
H 3116 6 203 4 1218 1,2,3,6,29,58,87,174
H 3117 6 203 3 1218 1,2,21,29,42,58,609,1218
H 3120 6 203 4 1218 1,2,7,14,29,58,203,406
H 16451 1218 1 4 1218 1,2,203,406
H 16452 1218 1 3 1218 1,7,58,406
H 16455 1218 1 5 1218 1,6,203,1218
H 16456 1218 1 5 1218 1,7,174,1218
H 16465 1218 1 6 1218 1,3,203,609
H 16471 1218 1 3 1218 1,2,609,1218
H 16474 1218 1 3 1218 1,21,58,1218
H 16482 1218 1 3 1218 1,21,174,406
H 16485 1218 1 3 1218 1,3,7,21,29,87,203,609
H 16486 1218 1 4 1218 1,2,3,6,7,14,21,42
H 16491 1218 1 3 1218 1,3,14,42,58,174,203,609
H 16494 1218 1 4 1218 1,2,3,6,29,58,87,174
H 16499 1218 1 3 1218 1,6,7,29,42,174,203,1218
H 16505 1230 1 3 1230 1,10,82,205
H 16519 1230 1 4 1230 1,15,123,205
H 16525 1230 1 4 1230 1,6,82,123
H 16529 1230 1 3 1230 1,10,123,1230
H 16538 1230 1 3 1230 1,2,3,5,6,10,15,30
H 16549 1230 1 4 1230 1,6,10,15,41,246,410,615
H 16590 1254 1 4 1254 1,3,11,19,33,57,209,627
H 16591 1254 1 3 1254 1,2,3,6,11,22,33,66
H 16598 1254 1 3 1254 1,6,22,33,38,57,209,1254
H 16599 1254 1 3 1254 1,2,3,6,19,38,57,114
H 16603 1254 1 3 1254 1,2,11,19,22,38,209,418
H 16617 1290 1 3 1290 1,10,43,430
H 16618 1290 1 5 1290 1,6,43,258
H 16621 1290 1 5 1290 1,15,43,645
H 16637 1290 1 3 1290 1,10,258,645
H 16640 1290 1 3 1290 1,15,258,430
H 16641 1290 1 3 1290 1,6,430,645
H 16643 1290 1 3 1290 1,3,5,15,43,129,215,645
H 16644 1290 1 4 1290 1,2,3,5,6,10,15,30
H 16651 1290 1 3 1290 1,6,10,15,86,129,215,1290
H 16652 1290 1 3 1290 1,2,3,6,43,86,129,258
H 16666 1302 1 3 1302 1,7,186,1302
H 16676 1302 1 5 1302 1,7,93,651
H 16679 1302 1 3 1302 1,2,93,186
H 16681 1302 1 3 1302 1,2,651,1302
H 16687 1302 1 5 1302 1,14,93,1302
H 16689 1302 1 3 1302 1,14,186,651
H 16696 1302 1 4 1302 1,2,3,6,7,14,21,42
H 16702 1302 1 3 1302 1,6,7,42,62,93,434,651
H 16706 1302 1 3 1302 1,3,14,31,42,93,434,1302
H 16708 1302 1 3 1302 1,2,7,14,31,62,217,434
H 7014 15 88 3 1320 1,3,5,8,11,15,24,33,40,55,88,120,165,264,440,1320
H 16714 1326 1 5 1326 1,13,34,442
H 16718 1326 1 3 1326 1,13,102,1326
H 16734 1326 1 6 1326 1,3,34,102
H 16744 1326 1 6 1326 1,39,102,442
H 16747 1326 1 5 1326 1,3,13,17,39,51,221,663
H 16748 1326 1 4 1326 1,2,3,6,13,26,39,78
H 16751 1326 1 3 1326 1,2,39,51,78,102,221,442
H 16753 1326 1 3 1326 1,3,26,34,78,102,221,663
H 16756 1326 1 3 1326 1,2,3,6,17,34,51,102
H 16759 1326 1 3 1326 1,6,17,26,39,102,442,663
H 16760 1326 1 3 1326 1,2,13,17,26,34,221,442
H 3278 6 235 4 1410 1,3,5,15,47,141,235,705
H 3279 6 235 6 1410 1,2,3,5,6,10,15,30
H 3280 6 235 3 1410 1,2,3,6,235,470,705,1410
H 3282 6 235 5 1410 1,2,15,30,141,235,282,470
H 3283 6 235 3 1410 1,3,5,15,94,282,470,1410
H 3287 6 235 4 1410 1,2,3,6,47,94,141,282
H 3289 6 235 3 1410 1,3,10,30,47,141,470,1410
H 3290 6 235 5 1410 1,6,10,15,47,282,470,705
H 3291 6 235 4 1410 1,2,5,10,47,94,235,470
H 3292 6 235 4 1410 1,5,6,30,47,235,282,1410
H 16902 1410 1 3 1410 1,6,235,1410
H 16912 1410 1 3 1410 1,3,235,705
H 16913 1410 1 5 1410 1,5,141,705
H 16916 1410 1 6 1410 1,2,141,282
H 16924 1410 1 4 1410 1,10,141,1410
H 16926 1410 1 3 1410 1,10,282,705
H 16927 1410 1 3 1410 1,3,470,1410
H 16930 1410 1 5 1410 1,6,470,705
H 16933 1410 1 4 1410 1,2,3,5,6,10,15,30
H 16936 1410 1 3 1410 1,2,15,30,141,235,282,470
H 16939 1410 1 3 1410 1,5,6,30,94,141,470,705
H 16941 1410 1 3 1410 1,2,3,6,47,94,141,282
H 16945 1410 1 4 1410 1,2,5,10,47,94,235,470
H 9027 34 45 3 1530 1,2,5,9,10,17,18,34,45,85,90,153,170,306,765,1530
H 17196 1590 1 3 1590 1,6,265,1590
H 17198 1590 1 3 1590 1,30,265,318
H 17201 1590 1 6 1590 1,6,53,318
H 17202 1590 1 4 1590 1,30,53,1590
H 17226 1590 1 3 1590 1,3,5,15,53,159,265,795
H 17227 1590 1 4 1590 1,2,3,5,6,10,15,30
H 17233 1590 1 4 1590 1,5,6,30,106,159,530,795
H 17235 1590 1 3 1590 1,2,3,6,53,106,159,318
H 17238 1590 1 3 1590 1,6,10,15,53,318,530,795
H 17239 1590 1 4 1590 1,2,5,10,53,106,265,530
H 17295 1722 1 4 1722 1,3,7,21,41,123,287,861
H 17296 1722 1 6 1722 1,2,3,6,7,14,21,42
H 17301 1722 1 3 1722 1,3,14,42,82,246,287,861
H 17303 1722 1 4 1722 1,6,14,21,82,123,287,1722
H 17304 1722 1 4 1722 1,2,3,6,41,82,123,246
H 17305 1722 1 3 1722 1,2,21,41,42,82,861,1722
H 17308 1722 1 4 1722 1,2,7,14,41,82,287,574
H 17309 1722 1 3 1722 1,6,7,41,42,246,287,1722
H 17323 1770 1 5 1770 1,30,59,1770
H 17337 1770 1 4 1770 1,30,118,885
H 17347 1770 1 3 1770 1,3,5,15,59,177,295,885
H 17348 1770 1 5 1770 1,2,3,5,6,10,15,30
H 17351 1770 1 5 1770 1,2,15,30,177,295,354,590
H 17356 1770 1 3 1770 1,2,3,6,59,118,177,354
H 17359 1770 1 4 1770 1,6,10,15,59,354,590,885
H 17360 1770 1 4 1770 1,2,5,10,59,118,295,590
H 17361 1770 1 3 1770 1,5,6,30,59,295,354,1770
H 17381 1794 1 5 1794 1,3,13,23,39,69,299,897
H 17382 1794 1 5 1794 1,2,3,6,13,26,39,78
H 17385 1794 1 4 1794 1,2,39,69,78,138,299,598
H 17387 1794 1 3 1794 1,3,26,46,78,138,299,897
H 17389 1794 1 3 1794 1,6,26,39,46,69,299,1794
H 17390 1794 1 4 1794 1,2,3,6,23,46,69,138
H 17392 1794 1 3 1794 1,3,23,26,69,78,598,1794
H 17393 1794 1 3 1794 1,6,23,26,39,138,598,897
H 17394 1794 1 4 1794 1,2,13,23,26,46,299,598
H 17484 1914 1 5 1914 1,3,11,29,33,87,319,957
H 17485 1914 1 5 1914 1,2,3,6,11,22,33,66
H 17488 1914 1 4 1914 1,2,33,66,87,174,319,638
H 17491 1914 1 4 1914 1,6,11,58,66,87,638,957
H 17492 1914 1 3 1914 1,6,22,33,58,87,319,1914
H 17493 1914 1 4 1914 1,2,3,6,29,58,87,174
H 17496 1914 1 4 1914 1,6,22,29,33,174,638,957
H 17497 1914 1 6 1914 1,2,11,22,29,58,319,638
H 17501 1938 1 5 1938 1,3,17,19,51,57,323,969
H 17502 1938 1 6 1938 1,2,3,6,17,34,51,102
H 17505 1938 1 3 1938 1,2,51,57,102,114,323,646
H 17507 1938 1 4 1938 1,3,34,38,102,114,323,969
H 17509 1938 1 4 1938 1,6,34,38,51,57,323,1938
H 17510 1938 1 5 1938 1,2,3,6,19,38,57,114
H 17511 1938 1 3 1938 1,2,19,38,51,102,969,1938
H 17514 1938 1 5 1938 1,2,17,19,34,38,323,646
H 17515 1938 1 3 1938 1,6,17,19,102,114,323,1938
H 17518 1974 1 4 1974 1,3,7,21,47,141,329,987
H 17519 1974 1 5 1974 1,2,3,6,7,14,21,42
H 17524 1974 1 4 1974 1,3,14,42,94,282,329,987
H 17525 1974 1 3 1974 1,6,7,42,94,141,658,987
H 17526 1974 1 3 1974 1,6,14,21,94,141,329,1974
H 17527 1974 1 4 1974 1,2,3,6,47,94,141,282
H 17530 1974 1 3 1974 1,6,14,21,47,282,658,987
H 17531 1974 1 5 1974 1,2,7,14,47,94,329,658
H 17532 1974 1 3 1974 1,6,7,42,47,282,329,1974
H 17569 2010 1 5 2010 1,3,5,15,67,201,335,1005
H 17570 2010 1 6 2010 1,2,3,5,6,10,15,30
H 17573 2010 1 3 2010 1,2,15,30,201,335,402,670
H 17575 2010 1 3 2010 1,3,10,30,134,335,402,1005
H 17576 2010 1 4 2010 1,5,6,30,134,201,670,1005
H 17577 2010 1 4 2010 1,6,10,15,134,201,335,2010
H 17578 2010 1 4 2010 1,2,3,6,67,134,201,402
H 17579 2010 1 3 2010 1,2,15,30,67,134,1005,2010
H 17582 2010 1 4 2010 1,2,5,10,67,134,335,670
H 17636 2130 1 3 2130 1,3,5,15,71,213,355,1065
H 17637 2130 1 5 2130 1,2,3,5,6,10,15,30
H 17640 2130 1 4 2130 1,2,15,30,213,355,426,710
H 17641 2130 1 3 2130 1,3,5,15,142,426,710,2130
H 17643 2130 1 3 2130 1,5,6,30,142,213,710,1065
H 17645 2130 1 4 2130 1,2,3,6,71,142,213,426
H 17648 2130 1 5 2130 1,6,10,15,71,426,710,1065
H 17649 2130 1 4 2130 1,2,5,10,71,142,355,710
H 17650 2130 1 3 2130 1,5,6,30,71,355,426,2130
K7 1144 1 270 3 270 1,2,5,10,27,54,135,270
K3 1165 1 280 4 280 1,5,7,8,35,40,56,280
K5 1173 1 282 3 282 1,2,3,6,47,94,141,282
K3 1185 1 290 3 290 1,2,5,10,29,58,145,290
K5 1210 1 318 3 318 1,2,3,6,53,106,159,318
K3 1213 1 322 4 322 1,2,7,14,23,46,161,322
K13 7682 22 15 3 330 1,30,33,110
K3 11011 85 4 3 340 1,4,5,17,20,68,85,340
K5 1237 1 342 4 342 1,2,9,18,19,38,171,342
K2 1238 1 345 4 345 1,3,5,15,23,69,115,345
K7 11484 118 3 3 354 1,2,177,354
K3 11163 91 4 3 364 1,4,7,13,28,52,91,364
K23 10358 58 7 3 406 1,14,58,203
K2 14088 411 1 3 411 1,3,137,411
K5 13071 217 2 3 434 1,2,7,14,31,62,217,434
K5 7340 21 22 3 462 1,2,231,462
K5 2053 6 77 3 462 1,14,33,462
K2 11225 93 5 5 465 1,5,31,155
K7 6716 15 34 3 510 1,10,102,255
K5 10480 62 9 4 558 1,9,62,558
K11 6784 15 38 3 570 1,2,5,10,57,114,285,570
K2 11531 119 5 3 595 1,5,7,17,35,85,119,595
K7 13242 303 2 3 606 1,2,3,6,101,202,303,606
K17 4616 10 63 3 630 1,2,5,9,10,18,45,90
K5 13680 339 2 3 678 1,2,3,6,113,226,339,678
K13 2435 6 115 3 690 1,30,46,345
K19 6837 15 46 3 690 1,6,10,15,46,69,115,690
K11 9859 46 17 3 782 1,2,17,23,34,46,391,782
K5 7455 21 38 3 798 1,6,14,19,21,114,266,399
K5 15571 798 1 3 798 1,21,38,798
K7 2605 6 139 3 834 1,3,139,417
K5 11764 143 6 3 858 1,2,3,6,11,13,22,26,33,39,66,78,143,286,429,858
K3 11941 178 5 3 890 1,2,5,10,89,178,445,890
K17 4888 10 91 3 910 1,2,7,13,14,26,91,182
K5 11381 106 9 4 954 1,2,9,18,53,106,477,954
K11 6029 14 69 3 966 1,2,3,6,161,322,483,966
K19 2853 6 167 3 1002 1,6,334,501
K19 2852 6 167 3 1002 1,3,334,1002
K7 12032 202 5 3 1010 1,2,5,10,101,202,505,1010
K3 10401 58 19 4 1102 1,2,19,29,38,58,551,1102
K7 11425 111 10 3 1110 1,2,3,5,6,10,15,30,37,74,111,185,222,370,555,1110
K19 7957 22 51 3 1122 1,3,17,22,51,66,374,1122
K5 3035 6 187 3 1122 1,3,17,22,51,66,374,1122
K5 8747 33 34 3 1122 1,2,3,6,11,17,22,33,34,51,66,102,187,374,561,1122
K5 13716 386 3 4 1158 1,2,3,6,193,386,579,1158
K5 6111 14 87 4 1218 1,2,21,29,42,58,609,1218
K5 8398 26 47 4 1222 1,2,13,26,47,94,611,1222
K2 7530 21 59 4 1239 1,3,7,21,59,177,413,1239
K5 3194 6 211 3 1266 1,2,633,1266
K5 16667 1302 1 3 1302 1,42,186,217
K11 6123 14 93 3 1302 1,3,7,21,62,186,434,1302
K23 3238 6 221 3 1326 1,6,26,34,39,51,221,1326
K3 5071 10 139 3 1390 1,2,5,10,139,278,695,1390
K23 3321 6 247 3 1482 1,2,3,6,247,494,741,1482
K11 17246 1610 1 3 1610 1,2,7,14,115,230,805,1610
K2 10022 51 35 5 1785 1,3,5,7,15,17,21,35,51,85,105,119,255,357,595,1785
K5 11078 86 21 3 1806 1,2,3,6,7,14,21,42,43,86,129,258,301,602,903,1806
K13 7047 15 122 3 1830 1,2,3,5,6,10,15,30,61,122,183,305,366,610,915,1830
K5 3511 6 323 3 1938 1,2,3,6,323,646,969,1938
K3 6220 14 155 3 2170 1,2,5,7,10,14,31,35,62,70,155,217,310,434,1085,2170
U 154 1 42 3 42 1,2
U 160 1 42 3 42 1,7
U 230 1 57 3 57 1,19
U 270 1 65 3 65 1,5
U 272 1 65 3 65 1,13
U 379 1 84 5 84 1,3
U 382 1 84 3 84 1,4,7,28
U 384 1 84 3 84 1,3,7,21
U 388 1 84 3 84 1,12,21,28
U 417 1 90 3 90 1,2,5,10
U 420 1 90 3 90 1,2,9,18
U 423 1 90 3 90 1,10,18,45
U 436 1 93 5 93 1,31
U 447 1 96 3 96 1,32
U 448 1 96 3 96 1,96
U 8785 34 3 3 102 1,34
U 584 1 120 3 120 1,3,5,15
U 629 1 130 3 130 1,5,26,130
U 10551 65 2 3 130 1,2,13,26
U 10552 65 2 3 130 1,10,13,130
U 10554 65 2 3 130 1,2,5,10
U 10556 65 2 3 130 1,5,26,130
U 8501 33 4 3 132 1,3,11,33
U 672 1 138 3 138 1,2,23,46
U 1583 6 23 3 138 1,23
U 11700 141 1 3 141 1,3
U 764 1 156 3 156 1,12,39,52
U 11840 158 1 3 158 1,2
U 785 1 165 4 165 1,5,11,55
U 10993 85 2 3 170 1,5,34,170
U 827 1 175 3 175 1,7,25,175
U 836 1 180 5 180 1,5,36,180
U 840 1 180 5 180 1,9,20,180
U 841 1 180 5 180 1,20,36,45
U 857 1 185 3 185 1,5,37,185
U 9350 38 5 5 190 1,38
U 9362 38 5 3 190 1,10,38,95
U 896 1 198 5 198 1,9,11,99
U 7616 22 9 3 198 1,2,9,18
U 982 1 210 3 210 1,3,10,14,30,35,42,105
U 989 1 210 3 210 1,2,5,7,10,14,35,70
U 990 1 210 3 210 1,5,6,7,30,35,42,210
U 1663 6 35 3 210 1,30,35,42
U 1664 6 35 3 210 1,2,7,14
U 1670 6 35 3 210 1,3,5,15
U 1676 6 35 3 210 1,2,15,30
U 1678 6 35 3 210 1,3,14,42
U 1690 6 35 3 210 1,5,7,35
U 4128 10 21 3 210 1,2,7,14
U 4129 10 21 3 210 1,7,10,70
U 4140 10 21 3 210 1,2,15,30
U 4143 10 21 3 210 1,6,14,21
U 4148 10 21 3 210 1,6,10,15
U 4151 10 21 3 210 1,21,30,70
U 5477 14 15 3 210 1,2,35,70
U 5488 14 15 3 210 1,3,7,21
U 5495 14 15 3 210 1,2,21,42
U 5506 14 15 3 210 1,3,70,210
U 5510 14 15 3 210 1,5,7,35
U 6400 15 14 3 210 1,2,7,14
U 6413 15 14 3 210 1,2,105,210
U 6414 15 14 3 210 1,3,14,42
U 6426 15 14 3 210 1,5,7,35
U 7163 21 10 3 210 1,3,5,15
U 7176 21 10 3 210 1,10,21,210
U 7177 21 10 3 210 1,6,10,15
U 7182 21 10 3 210 1,6,70,105
U 9115 35 6 3 210 1,6,35,210
U 1053 1 234 3 234 1,2,9,13,18,26,117,234
U 5541 14 17 3 238 1,14,34,119
U 1072 1 240 3 240 1,3,5,15,16,48,80,240
U 6451 15 16 3 240 1,5,48,240
U 6452 15 16 3 240 1,3,5,15
U 11261 94 3 3 282 1,3,94,282
U 11262 94 3 3 282 1,6,94,141
U 11709 141 2 3 282 1,3,94,282
U 11710 141 2 3 282 1,6,94,141
U 10236 57 5 3 285 1,3,19,57
U 10238 57 5 3 285 1,5,19,95
U 1188 1 294 3 294 1,2,3,6,49,98,147,294
U 10453 62 5 3 310 1,10,31,310
U 10454 62 5 3 310 1,5,31,155
U 10457 62 5 3 310 1,5,62,310
U 10458 62 5 3 310 1,10,62,155
U 9617 39 8 3 312 1,3,13,39
U 1229 1 330 4 330 1,6,10,11,15,66,110,165
U 1836 6 55 3 330 1,2,3,6
U 1841 6 55 3 330 1,6,22,33
U 1848 6 55 3 330 1,3,110,330
U 6489 15 22 3 330 1,2,55,110
U 6522 15 22 3 330 1,5,11,55
U 7652 22 15 3 330 1,2,55,110
U 10112 55 6 3 330 1,2,3,6,55,110,165,330
U 10114 55 6 3 330 1,2,15,30,33,55,66,110
U 10117 55 6 3 330 1,5,6,22,30,33,110,165
U 10121 55 6 3 330 1,3,10,11,30,33,110,330
U 10122 55 6 3 330 1,6,10,11,15,66,110,165
U 7231 21 16 3 336 1,7,48,336
U 6548 15 23 3 345 1,5,23,115
U 7245 21 17 3 357 1,3,17,51
U 1247 1 370 4 370 1,2,5,10,37,74,185,370
U 9183 35 11 3 385 1,35,55,77
U 10132 55 7 3 385 1,35,55,77
U 10869 77 5 3 385 1,5,7,11,35,55,77,385
U 1918 6 65 3 390 1,10,26,65
U 1919 6 65 3 390 1,5,6,30
U 1943 6 65 3 390 1,6,10,15
U 1947 6 65 3 390 1,15,78,130
U 4346 10 39 3 390 1,15,39,65
U 4356 10 39 3 390 1,10,39,390
U 6575 15 26 3 390 1,2,195,390
U 6583 15 26 3 390 1,10,78,195
U 8170 26 15 3 390 1,5,26,130
U 8193 26 15 3 390 1,26,30,195
U 10619 65 6 3 390 1,2,3,6,65,130,195,390
U 10620 65 6 3 390 1,2,5,10,39,78,195,390
U 10627 65 6 3 390 1,2,13,15,26,30,195,390
U 13736 390 1 3 390 1,10,26,65
U 13750 390 1 3 390 1,15,39,65
U 13756 390 1 3 390 1,6,26,39
U 1272 1 396 5 396 1,4,9,11,36,44,99,396
U 9964 51 8 3 408 1,3,8,17,24,51,136,408
U 10925 82 5 3 410 1,2,205,410
U 9813 46 9 4 414 1,18,23,414
U 9816 46 9 4 414 1,2,207,414
U 9407 38 11 3 418 1,22,38,209
U 6615 15 28 5 420 1,7,12,84
U 6616 15 28 4 420 1,7,60,420
U 6617 15 28 5 420 1,3,7,21
U 6640 15 28 3 420 1,3,5,7,15,21,35,105
U 6645 15 28 3 420 1,3,5,15,28,84,140,420
U 6648 15 28 3 420 1,12,15,20,21,28,35,420
U 6652 15 28 3 420 1,7,12,15,20,84,105,140
U 6653 15 28 3 420 1,4,5,7,20,28,35,140
U 7292 21 20 5 420 1,15,28,420
U 7300 21 20 5 420 1,15,84,140
U 7304 21 20 3 420 1,3,4,5,12,15,20,60
U 7311 21 20 3 420 1,12,15,20,21,28,35,420
U 7315 21 20 3 420 1,7,12,15,20,84,105,140
U 7317 21 20 3 420 1,5,7,12,35,60,84,420
U 9679 39 11 3 429 1,11,39,429
U 11795 146 3 3 438 1,2,73,146
U 8868 34 13 3 442 1,17,26,442
U 10634 65 7 3 455 1,13,35,455
U 2049 6 77 3 462 1,6,22,33
U 5642 14 33 5 462 1,2,11,22
U 5654 14 33 5 462 1,2,21,42
U 5670 14 33 3 462 1,2,3,6,7,14,21,42
U 5672 14 33 3 462 1,2,7,14,33,66,231,462
U 5674 14 33 3 462 1,3,7,21,22,66,154,462
U 5678 14 33 3 462 1,2,3,6,11,22,33,66
U 7759 22 21 3 462 1,14,33,462
U 8641 33 14 3 462 1,14,66,231
U 8645 33 14 3 462 1,6,154,231
U 10880 77 6 3 462 1,2,11,21,22,42,231,462
U 10882 77 6 3 462 1,6,11,14,21,66,154,231
U 14148 462 1 3 462 1,6,11,66
U 14166 462 1 3 462 1,6,14,21
U 14167 462 1 3 462 1,14,66,231
U 6675 15 31 3 465 1,3,155,465
U 11268 94 5 3 470 1,2,235,470
U 11848 158 3 3 474 1,2,237,474
U 1387 1 510 3 510 1,2,3,5,6,10,15,17,30,34,51,85,102,170,255,510
U 2124 6 85 3 510 1,5,34,170
U 2129 6 85 3 510 1,30,85,102
U 2144 6 85 3 510 1,3,34,102
U 2152 6 85 3 510 1,3,170,510
U 2153 6 85 3 510 1,30,51,170
U 4441 10 51 3 510 1,2,85,170
U 4472 10 51 3 510 1,15,102,170
U 8877 34 15 5 510 1,5,34,170
U 8914 34 15 3 510 1,2,15,30,51,85,102,170
U 8922 34 15 3 510 1,6,10,15,17,102,170,255
U 8923 34 15 3 510 1,2,5,10,17,34,85,170
U 11024 85 6 3 510 1,6,10,15,17,102,170,255
U 14464 510 1 3 510 1,2,17,34
U 14469 510 1 3 510 1,15,17,255
U 14476 510 1 3 510 1,2,15,30
U 9684 39 14 3 546 1,2,3,6,91,182,273,546
U 9690 39 14 3 546 1,6,14,21,26,39,91,546
U 7803 22 25 5 550 1,22,25,550
U 1414 1 570 4 570 1,2,3,5,6,10,15,19,30,38,57,95,114,190,285,570
U 4528 10 57 3 570 1,3,38,114
U 4529 10 57 3 570 1,6,38,57
U 6786 15 38 3 570 1,3,5,15,38,114,190,570
U 6789 15 38 3 570 1,6,10,15,38,57,95,570
U 6791 15 38 3 570 1,2,15,19,30,38,285,570
U 6792 15 38 3 570 1,3,10,19,30,57,190,570
U 6793 15 38 3 570 1,6,10,15,19,114,190,285
U 9454 38 15 3 570 1,2,3,6,95,190,285,570
U 9457 38 15 3 570 1,3,5,15,38,114,190,570
U 9458 38 15 3 570 1,3,10,30,38,95,114,285
U 9459 38 15 3 570 1,5,6,30,38,57,190,285
U 9464 38 15 3 570 1,6,10,15,19,114,190,285
U 10270 57 10 3 570 1,2,15,19,30,38,285,570
U 10272 57 10 3 570 1,6,10,15,19,114,190,285
U 10274 57 10 3 570 1,5,6,19,30,95,114,570
U 11329 95 6 3 570 1,3,10,30,38,95,114,285
U 11331 95 6 3 570 1,6,10,15,38,57,95,570
U 14960 570 1 3 570 1,15,114,190
U 5751 14 41 5 574 1,2,41,82
U 5752 14 41 4 574 1,14,41,574
U 12001 194 3 3 582 1,6,194,291
U 7810 22 27 4 594 1,2,297,594
U 7409 21 29 3 609 1,3,7,21,29,87,203,609
U 9698 39 16 3 624 1,3,13,16,39,48,208,624
U 1434 1 630 5 630 1,2,5,7,9,10,14,18,35,45,63,70,90,126,315,630
U 4617 10 63 3 630 1,2,9,18,35,70,315,630
U 4618 10 63 3 630 1,2,5,10,63,126,315,630
U 4619 10 63 3 630 1,2,35,45,63,70,90,126
U 4620 10 63 3 630 1,5,9,14,45,70,126,630
U 4621 10 63 3 630 1,9,10,14,35,90,126,315
U 4622 10 63 3 630 1,5,14,18,63,70,90,315
U 4623 10 63 3 630 1,10,14,18,35,45,63,630
U 5805 14 45 3 630 1,2,5,10,63,126,315,630
U 5810 14 45 3 630 1,10,14,18,35,45,63,630
U 5811 14 45 3 630 1,2,7,9,14,18,63,126
U 5812 14 45 3 630 1,2,7,14,45,90,315,630
U 5816 14 45 3 630 1,5,7,18,35,90,126,630
U 8931 34 19 5 646 1,17,38,646
U 5824 14 47 4 658 1,14,94,329
U 6819 15 44 3 660 1,3,20,44,55,60,132,165
U 6821 15 44 3 660 1,12,15,20,33,44,55,660
U 6826 15 44 3 660 1,4,5,11,20,44,55,220
U 8695 33 20 3 660 1,12,15,20,33,44,55,660
U 9706 39 17 3 663 1,3,13,17,39,51,221,663
U 10785 74 9 5 666 1,9,74,666
U 4672 10 69 3 690 1,6,230,345
U 6835 15 46 3 690 1,3,10,30,46,115,138,345
U 6843 15 46 3 690 1,5,6,23,30,115,138,690
U 9841 46 15 3 690 1,3,5,15,46,138,230,690
U 10721 69 10 4 690 1,6,10,15,46,69,115,690
U 15088 690 1 3 690 1,3,23,69
U 15089 690 1 3 690 1,15,23,345
U 8323 26 27 3 702 1,2,13,26,27,54,351,702
U 4691 10 71 3 710 1,10,71,710
U 1437 1 714 5 714 1,2,3,6,7,14,17,21,34,42,51,102,119,238,357,714
U 5866 14 51 3 714 1,3,7,21,34,102,238,714
U 5869 14 51 3 714 1,6,14,21,34,51,119,714
U 7422 21 34 3 714 1,2,7,14,51,102,357,714
U 7430 21 34 3 714 1,3,14,17,42,51,238,714
U 8936 34 21 3 714 1,2,3,6,119,238,357,714
U 8937 34 21 3 714 1,2,7,14,51,102,357,714
U 8942 34 21 3 714 1,6,14,21,34,51,119,714
U 8944 34 21 3 714 1,2,17,21,34,42,357,714
U 8948 34 21 3 714 1,6,7,17,42,102,119,714
U 10944 82 9 3 738 1,2,9,18,41,82,369,738
U 10729 69 11 3 759 1,3,11,23,33,69,253,759
U 5923 14 55 3 770 1,2,7,14,55,110,385,770
U 5928 14 55 3 770 1,10,14,22,35,55,77,770
U 5934 14 55 3 770 1,7,10,11,70,77,110,770
U 10888 77 10 3 770 1,2,5,7,10,11,14,22,35,55,70,77,110,154,385,770
U 11072 86 9 3 774 1,2,9,18,43,86,387,774
U 2542 6 131 3 786 1,6,262,393
U 4762 10 79 3 790 1,5,158,790
U 4763 10 79 3 790 1,10,158,395
U 2580 6 133 3 798 1,2,3,6,7,14,21,42
U 2583 6 133 3 798 1,2,21,42,57,114,133,266
U 2588 6 133 3 798 1,2,3,6,19,38,57,114
U 2591 6 133 3 798 1,6,14,19,21,114,266,399
U 7445 21 38 3 798 1,2,3,6,133,266,399,798
U 7449 21 38 3 798 1,3,14,38,42,114,133,399
U 7453 21 38 3 798 1,2,19,21,38,42,399,798
U 10295 57 14 3 798 1,2,19,21,38,42,399,798
U 15569 798 1 3 798 1,3,38,114
U 8711 33 25 4 825 1,3,11,25,33,75,275,825
U 8965 34 25 3 850 1,2,17,25,34,50,425,850
U 7894 22 39 3 858 1,3,11,26,33,78,286,858
U 7896 22 39 3 858 1,6,11,26,39,66,286,429
U 8345 26 33 5 858 1,3,11,26,33,78,286,858
U 4783 10 87 5 870 1,5,58,290
U 4812 10 87 5 870 1,30,87,290
U 4820 10 87 3 870 1,2,15,30,87,145,174,290
U 4829 10 87 3 870 1,2,5,10,29,58,145,290
U 6904 15 58 3 870 1,2,5,10,87,174,435,870
U 11124 87 10 3 870 1,2,3,5,6,10,15,29,30,58,87,145,174,290,435,870
U 11788 145 6 3 870 1,2,3,5,6,10,15,29,30,58,87,145,174,290,435,870
U 15789 870 1 3 870 1,5,174,870
U 15794 870 1 3 870 1,29,30,870
U 15817 870 1 3 870 1,5,29,145
U 4879 10 91 3 910 1,2,35,65,70,91,130,182
U 4882 10 91 3 910 1,7,10,26,65,70,182,455
U 6007 14 65 3 910 1,2,35,65,70,91,130,182
U 6014 14 65 3 910 1,5,13,14,65,70,182,910
U 8361 26 35 4 910 1,5,7,26,35,130,182,910
U 8363 26 35 5 910 1,7,10,26,65,70,182,455
U 8966 34 27 4 918 1,2,17,27,34,54,459,918
U 2735 6 155 3 930 1,5,186,930
U 10504 62 15 5 930 1,3,5,15,62,186,310,930
U 10513 62 15 4 930 1,5,6,30,31,155,186,930
U 11837 155 6 4 930 1,2,3,5,6,10,15,30,31,62,93,155,186,310,465,930
U 11073 86 11 4 946 1,2,11,22,43,86,473,946
U 6041 14 69 3 966 1,6,7,23,42,138,161,966
U 9876 46 21 3 966 1,6,14,21,46,69,161,966
U 9882 46 21 3 966 1,6,7,23,42,138,161,966
U 4926 10 99 3 990 1,9,10,11,90,99,110,990
U 7926 22 45 4 990 1,5,9,22,45,110,198,990
U 7932 22 45 4 990 1,9,10,11,90,99,110,990
U 2856 6 169 3 1014 1,6,169,1014
U 6058 14 73 3 1022 1,2,7,14,73,146,511,1022
U 13687 346 3 5 1038 1,2,3,6,173,346,519,1038
U 2908 6 175 3 1050 1,2,3,6,175,350,525,1050
U 2909 6 175 3 1050 1,2,21,25,42,50,525,1050
U 2914 6 175 3 1050 1,6,14,21,50,75,175,1050
U 2917 6 175 3 1050 1,3,7,21,50,150,350,1050
U 2920 6 175 3 1050 1,6,7,25,42,150,175,1050
U 6070 14 75 3 1050 1,3,7,21,50,150,350,1050
U 7510 21 50 3 1050 1,2,3,6,7,14,21,25,42,50,75,150,175,350,525,1050
U 8380 26 41 3 1066 1,2,13,26,41,82,533,1066
U 2977 6 185 3 1110 1,2,15,30,111,185,222,370
U 2980 6 185 3 1110 1,5,6,30,74,111,370,555
U 2985 6 185 3 1110 1,6,10,15,37,222,370,555
U 2986 6 185 3 1110 1,2,5,10,37,74,185,370
U 4967 10 111 3 1110 1,2,15,30,111,185,222,370
U 10803 74 15 5 1110 1,3,10,30,74,185,222,555
U 10810 74 15 5 1110 1,2,5,10,37,74,185,370
U 3024 6 187 3 1122 1,3,11,17,33,51,187,561
U 3027 6 187 3 1122 1,2,11,22,51,102,561,1122
U 3028 6 187 3 1122 1,2,33,51,66,102,187,374
U 3030 6 187 3 1122 1,3,22,34,66,102,187,561
U 3032 6 187 3 1122 1,6,22,33,34,51,187,1122
U 3038 6 187 3 1122 1,6,11,17,66,102,187,1122
U 7948 22 51 3 1122 1,2,3,6,187,374,561,1122
U 7950 22 51 3 1122 1,2,33,51,66,102,187,374
U 7951 22 51 3 1122 1,3,11,33,34,102,374,1122
U 7953 22 51 3 1122 1,6,11,34,51,66,374,561
U 7958 22 51 3 1122 1,6,17,22,33,102,374,561
U 8983 34 33 3 1122 1,6,11,34,51,66,374,561
U 8987 34 33 3 1122 1,3,17,22,51,66,374,1122
U 8988 34 33 3 1122 1,6,17,22,33,102,374,561
U 16220 1122 1 3 1122 1,2,561,1122
U 16223 1122 1 3 1122 1,33,34,1122
U 6083 14 81 4 1134 1,2,7,14,81,162,567,1134
U 3044 6 191 3 1146 1,2,573,1146
U 3045 6 191 3 1146 1,3,382,1146
U 16323 1155 1 3 1155 1,5,7,33,35,165,231,1155
U 16326 1155 1 3 1155 1,15,21,33,35,55,77,1155
U 16328 1155 1 3 1155 1,3,11,33,35,105,385,1155
U 3052 6 193 3 1158 1,2,579,1158
U 4990 10 117 5 1170 1,2,5,10,117,234,585,1170
U 4991 10 117 5 1170 1,2,45,65,90,117,130,234
U 4994 10 117 5 1170 1,5,18,26,90,117,130,585
U 4995 10 117 5 1170 1,10,18,26,45,65,117,1170
U 4997 10 117 5 1170 1,2,13,26,45,90,585,1170
U 5001 10 117 5 1170 1,5,13,18,65,90,234,1170
U 8388 26 45 5 1170 1,9,10,26,65,90,234,585
U 9503 38 31 4 1178 1,2,19,31,38,62,589,1178
U 5017 10 119 3 1190 1,7,10,17,70,119,170,1190
U 6090 14 85 3 1190 1,5,7,34,35,170,238,1190
U 6099 14 85 3 1190 1,7,10,17,70,119,170,1190
U 9003 34 35 5 1190 1,5,14,17,70,85,238,1190
U 11695 134 9 5 1206 1,2,9,18,67,134,603,1206
U 6112 14 87 5 1218 1,3,14,29,42,87,406,1218
U 6115 14 87 4 1218 1,6,7,29,42,174,203,1218
U 7529 21 58 3 1218 1,2,3,6,7,14,21,29,42,58,87,174,203,406,609,1218
U 11127 87 14 3 1218 1,2,3,6,7,14,21,29,42,58,87,174,203,406,609,1218
U 3128 6 205 3 1230 1,3,5,15,82,246,410,1230
U 5023 10 123 5 1230 1,2,5,10,123,246,615,1230
U 5031 10 123 4 1230 1,3,10,30,41,123,410,1230
U 16513 1230 1 3 1230 1,30,41,1230
U 16532 1230 1 3 1230 1,3,410,1230
U 3177 6 209 3 1254 1,2,11,22,57,114,627,1254
U 3179 6 209 3 1254 1,3,11,33,38,114,418,1254
U 3182 6 209 3 1254 1,6,22,33,38,57,209,1254
U 3184 6 209 3 1254 1,2,19,33,38,66,627,1254
U 7971 22 57 3 1254 1,6,22,33,38,57,209,1254
U 16576 1254 1 3 1254 1,2,627,1254
U 3202 6 215 3 1290 1,2,15,30,129,215,258,430
U 7013 15 86 3 1290 1,2,3,5,6,10,15,30,43,86,129,215,258,430,645,1290
U 11075 86 15 3 1290 1,2,3,5,6,10,15,30,43,86,129,215,258,430,645,1290
U 16638 1290 1 3 1290 1,3,430,1290
U 3214 6 217 3 1302 1,3,7,21,31,93,217,651
U 3220 6 217 3 1302 1,3,14,42,62,186,217,651
U 3222 6 217 3 1302 1,6,14,21,62,93,217,1302
U 3224 6 217 3 1302 1,2,21,31,42,62,651,1302
U 3228 6 217 3 1302 1,6,7,31,42,186,217,1302
U 6122 14 93 3 1302 1,2,21,42,93,186,217,434
U 6130 14 93 3 1302 1,6,14,21,31,186,434,651
U 7532 21 62 3 1302 1,2,3,6,7,14,21,31,42,62,93,186,217,434,651,1302
U 11243 93 14 4 1302 1,2,3,6,7,14,21,31,42,62,93,186,217,434,651,1302
U 3240 6 221 3 1326 1,2,17,34,39,78,663,1326
U 3244 6 221 3 1326 1,6,13,17,78,102,221,1326
U 8408 26 51 4 1326 1,6,26,34,39,51,221,1326
U 9020 34 39 5 1326 1,3,17,26,51,78,442,1326
U 9023 34 39 4 1326 1,6,13,17,78,102,221,1326
U 9752 39 34 3 1326 1,2,3,6,13,17,26,34,39,51,78,102,221,442,663,1326
U 16723 1326 1 3 1326 1,17,78,1326
U 9753 39 35 4 1365 1,3,5,7,13,15,21,35,39,65,91,105,195,273,455,1365
U 16856 1365 1 5 1365 1,15,21,35,39,65,91,1365
U 3263 6 229 4 1374 1,6,229,1374
U 6154 14 99 5 1386 1,2,7,14,99,198,693,1386
U 6165 14 99 5 1386 1,7,11,18,77,126,198,1386
U 7996 22 63 3 1386 1,2,7,9,11,14,18,22,63,77,99,126,154,198,693,1386
U 9887 46 31 3 1426 1,2,23,31,46,62,713,1426
U 5102 10 143 5 1430 1,10,11,13,110,130,143,1430
U 16990 1430 1 3 1430 1,5,22,26,110,130,143,715
U 3308 6 245 3 1470 1,3,5,15,98,294,490,1470
U 3315 6 245 3 1470 1,6,10,15,49,294,490,735
U 5112 10 147 4 1470 1,6,10,15,98,147,245,1470
U 7035 15 98 3 1470 1,2,3,5,6,10,15,30,49,98,147,245,294,490,735,1470
U 3329 6 247 3 1482 1,2,19,38,39,78,741,1482
U 9755 39 38 4 1482 1,2,3,6,13,19,26,38,39,57,78,114,247,494,741,1482
U 3341 6 253 3 1518 1,3,11,33,46,138,506,1518
U 3344 6 253 3 1518 1,6,22,33,46,69,253,1518
U 3346 6 253 3 1518 1,2,23,33,46,66,759,1518
U 9888 46 33 3 1518 1,2,3,6,11,22,23,33,46,66,69,138,253,506,759,1518
U 17126 1518 1 3 1518 1,3,11,33,46,138,506,1518
U 17131 1518 1 3 1518 1,2,23,33,46,66,759,1518
U 17135 1518 1 3 1518 1,6,11,23,66,138,253,1518
U 3356 6 259 3 1554 1,2,7,14,111,222,777,1554
U 3358 6 259 3 1554 1,3,7,21,74,222,518,1554
U 3367 6 259 3 1554 1,6,7,37,42,222,259,1554
U 7538 21 74 4 1554 1,2,3,6,7,14,21,37,42,74,111,222,259,518,777,1554
U 17177 1554 1 3 1554 1,2,7,14,111,222,777,1554
U 17182 1554 1 3 1554 1,6,14,21,74,111,259,1554
U 17185 1554 1 3 1554 1,3,14,37,42,111,518,1554
U 9756 39 40 5 1560 1,3,5,8,13,15,24,39,40,65,104,120,195,312,520,1560
U 3380 6 265 3 1590 1,2,15,30,53,106,795,1590
U 5151 10 159 3 1590 1,6,10,15,53,318,530,795
U 17248 1610 1 3 1610 1,5,7,35,46,230,322,1610
U 17254 1610 1 3 1610 1,5,14,23,70,115,322,1610
U 6204 14 117 3 1638 1,2,7,9,13,14,18,26,63,91,117,126,182,234,819,1638
U 8451 26 63 3 1638 1,2,7,9,13,14,18,26,63,91,117,126,182,234,819,1638
U 3390 6 275 3 1650 1,2,3,6,275,550,825,1650
U 8032 22 75 4 1650 1,2,3,6,11,22,25,33,50,66,75,150,275,550,825,1650
U 8771 33 50 6 1650 1,2,3,6,11,22,25,33,50,66,75,150,275,550,825,1650
U 5189 10 171 3 1710 1,2,5,9,10,18,19,38,45,90,95,171,190,342,855,1710
U 3409 6 287 3 1722 1,2,3,6,287,574,861,1722
U 3417 6 287 3 1722 1,2,21,41,42,82,861,1722
U 3423 6 289 3 1734 1,2,3,6,289,578,867,1734
U 7046 15 119 3 1785 1,3,5,7,15,17,21,35,51,85,105,119,255,357,595,1785
U 3448 6 299 5 1794 1,6,13,46,69,78,598,897
U 3468 6 301 3 1806 1,3,14,42,43,129,602,1806
U 17401 1806 1 3 1806 1,2,7,14,129,258,903,1806
U 17403 1806 1 3 1806 1,3,7,21,86,258,602,1806
U 17409 1806 1 3 1806 1,3,14,42,43,129,602,1806
U 11589 122 15 5 1830 1,2,3,5,6,10,15,30,61,122,183,305,366,610,915,1830
U 17455 1830 1 3 1830 1,3,5,15,122,366,610,1830
U 17471 1870 1 5 1870 1,2,55,85,110,170,187,374
U 5226 10 189 4 1890 1,2,5,7,10,14,27,35,54,70,135,189,270,378,945,1890
U 6211 14 135 4 1890 1,2,5,7,10,14,27,35,54,70,135,189,270,378,945,1890
U 3501 6 319 4 1914 1,6,22,33,58,87,319,1914
U 3503 6 319 4 1914 1,2,29,33,58,66,957,1914
U 10421 58 33 3 1914 1,2,3,6,11,22,29,33,58,66,87,174,319,638,957,1914
U 3521 6 323 3 1938 1,6,19,34,51,114,646,969
U 3527 6 325 6 1950 1,2,3,6,325,650,975,1950
U 3533 6 325 6 1950 1,6,26,39,50,75,325,1950
U 3539 6 325 6 1950 1,6,13,25,78,150,325,1950
U 3540 6 325 3 1950 1,2,3,6,13,25,26,39,50,75,78,150,325,650,975,1950
U 8456 26 75 4 1950 1,2,3,6,13,25,26,39,50,75,78,150,325,650,975,1950
U 3543 6 329 5 1974 1,2,3,6,329,658,987,1974
U 3548 6 329 5 1974 1,6,7,42,94,141,658,987
U 3549 6 329 5 1974 1,6,14,21,94,141,329,1974
U 11286 94 21 4 1974 1,2,3,6,7,14,21,42,47,94,141,282,329,658,987,1974
U 6215 14 143 3 2002 1,2,7,11,13,14,22,26,77,91,143,154,182,286,1001,2002
U 17562 2002 1 4 2002 1,2,13,26,77,154,1001,2002
U 3569 6 335 4 2010 1,3,10,30,67,201,670,2010
U 11698 134 15 5 2010 1,2,3,5,6,10,15,30,67,134,201,335,402,670,1005,2010
U 6216 14 145 3 2030 1,2,5,7,10,14,29,35,58,70,145,203,290,406,1015,2030
U 17593 2030 1 4 2030 1,10,14,35,58,145,203,2030
U 17599 2030 1 4 2030 1,7,10,29,70,203,290,2030
U 3580 6 341 4 2046 1,3,11,33,62,186,682,2046
U 3587 6 341 5 2046 1,6,22,31,33,186,682,1023
U 8039 22 93 4 2046 1,2,3,6,11,22,31,33,62,66,93,186,341,682,1023,2046
U 17604 2046 1 3 2046 1,2,3,6,341,682,1023,2046
U 17606 2046 1 3 2046 1,2,33,66,93,186,341,682
U 17607 2046 1 3 2046 1,3,11,33,62,186,682,2046
U 5248 10 207 3 2070 1,2,5,9,10,18,23,45,46,90,115,207,230,414,1035,2070
U 3598 6 355 4 2130 1,2,5,10,213,426,1065,2130
U 3600 6 355 5 2130 1,3,5,15,142,426,710,2130
U 3601 6 355 5 2130 1,3,10,30,142,355,426,1065
U 3609 6 355 4 2130 1,5,6,30,71,355,426,2130
U 11740 142 15 4 2130 1,2,3,5,6,10,15,30,71,142,213,355,426,710,1065,2130
U 7054 15 146 4 2190 1,2,3,5,6,10,15,30,73,146,219,365,438,730,1095,2190
U 11814 146 15 5 2190 1,2,3,5,6,10,15,30,73,146,219,365,438,730,1095,2190
U 17691 2190 1 3 2190 1,3,5,15,146,438,730,2190
U 8459 26 85 3 2210 1,2,5,10,13,17,26,34,65,85,130,170,221,442,1105,2210
U 17707 2210 1 3 2210 1,5,13,34,65,170,442,2210
U 17727 2226 1 3 2226 1,6,14,21,106,159,371,2226
U 3658 6 377 5 2262 1,3,26,29,78,87,754,2262
U 8460 26 87 5 2262 1,2,3,6,13,26,29,39,58,78,87,174,377,754,1131,2262
U 10423 58 39 5 2262 1,2,3,6,13,26,29,39,58,78,87,174,377,754,1131,2262
U 3663 6 379 3 2274 1,2,3,6,379,758,1137,2274
U 3673 6 385 3 2310 1,2,3,5,6,10,15,30,77,154,231,385,462,770,1155,2310
U 3677 6 385 3 2310 1,2,5,10,21,33,42,66,77,105,154,165,210,330,385,770
U 3679 6 385 3 2310 1,2,15,21,30,33,35,42,55,66,70,77,110,154,1155,2310
U 3680 6 385 3 2310 1,3,5,7,15,21,22,35,66,105,110,154,330,462,770,2310
U 3682 6 385 3 2310 1,3,7,10,21,22,30,55,66,70,154,165,210,385,462,1155
U 3686 6 385 3 2310 1,6,7,10,15,22,33,42,55,70,105,154,231,330,385,2310
U 3689 6 385 3 2310 1,2,3,6,11,22,33,35,66,70,105,210,385,770,1155,2310
U 3694 6 385 3 2310 1,5,6,11,14,21,30,55,66,70,105,154,231,330,770,1155
U 5275 10 231 3 2310 1,3,7,10,11,21,30,33,70,77,110,210,231,330,770,2310
U 6232 14 165 5 2310 1,2,3,6,7,14,21,42,55,110,165,330,385,770,1155,2310
U 6241 14 165 5 2310 1,3,10,14,22,30,35,42,55,66,77,105,165,231,770,2310
U 6249 14 165 5 2310 1,2,11,15,21,22,30,35,42,70,165,231,330,385,462,770
U 7549 21 110 3 2310 1,2,3,5,6,7,10,11,14,15,21,22,30,33,35,42,55,66,70,77,105,110,154,165,210,231,330,385,462,770,1155,2310
U 8050 22 105 5 2310 1,2,3,6,7,14,21,42,55,110,165,330,385,770,1155,2310
U 8054 22 105 5 2310 1,2,7,14,15,30,33,55,66,105,110,210,231,385,462,770
U 8056 22 105 5 2310 1,3,5,7,15,21,22,35,66,105,110,154,330,462,770,2310
U 12186 210 11 3 2310 1,2,3,6,385,770,1155,2310
U 12195 210 11 3 2310 1,2,5,10,231,462,1155,2310
U 12201 210 11 3 2310 1,3,22,35,66,105,770,2310
U 12212 210 11 3 2310 1,10,22,42,55,105,231,2310
U 12234 210 11 3 2310 1,3,10,30,154,385,462,1155
U 12294 210 11 3 2310 1,6,7,42,55,330,385,2310
U 12296 210 11 3 2310 1,5,7,35,66,330,462,2310
U 13395 330 7 3 2310 1,2,21,42,55,110,1155,2310
U 13398 330 7 3 2310 1,2,5,10,231,462,1155,2310
U 13421 330 7 3 2310 1,3,14,42,110,330,385,1155
U 13437 330 7 3 2310 1,3,10,30,154,385,462,1155
U 13468 330 7 3 2310 1,7,10,33,70,231,330,2310
U 13477 330 7 3 2310 1,21,30,33,70,77,110,2310
U 13496 330 7 3 2310 1,5,6,30,77,385,462,2310
U 13497 330 7 3 2310 1,6,7,42,55,330,385,2310
U 14230 462 5 3 2310 1,2,3,6,385,770,1155,2310
U 14233 462 5 3 2310 1,2,33,35,66,70,1155,2310
U 14276 462 5 3 2310 1,3,55,70,154,165,210,462
U 14280 462 5 3 2310 1,15,33,42,55,70,154,2310
U 14286 462 5 3 2310 1,10,21,66,154,165,210,385
U 14290 462 5 3 2310 1,6,10,15,154,231,385,2310
U 15412 770 3 3 2310 1,3,14,42,55,165,770,2310
U 15460 770 3 3 2310 1,3,10,30,77,231,770,2310
U 15462 770 3 3 2310 1,10,21,33,77,210,330,770
U 15464 770 3 3 2310 1,6,10,15,77,462,770,1155
U 15466 770 3 3 2310 1,10,42,66,77,105,165,770
U 16335 1155 2 3 2310 1,2,7,11,14,15,22,30,77,105,154,165,210,330,1155,2310
U 16350 1155 2 3 2310 1,3,5,14,15,22,42,66,70,77,110,210,231,330,385,1155
U 9036 34 69 5 2346 1,2,3,6,17,23,34,46,51,69,102,138,391,782,1173,2346
U 17771 2370 1 3 2370 1,2,5,10,237,474,1185,2370
U 3735 6 403 4 2418 1,2,13,26,93,186,1209,2418
U 17789 2418 1 4 2418 1,2,13,26,93,186,1209,2418
U 3780 6 413 3 2478 1,2,3,6,7,14,21,42,59,118,177,354,413,826,1239,2478
U 17839 2478 1 3 2478 1,2,21,42,177,354,413,826
U 5309 10 249 3 2490 1,2,3,5,6,10,15,30,83,166,249,415,498,830,1245,2490
U 17853 2490 1 3 2490 1,2,3,6,415,830,1245,2490
U 17857 2490 1 3 2490 1,3,10,30,166,415,498,1245
U 17861 2490 1 3 2490 1,2,15,30,83,166,1245,2490
U 11590 122 21 5 2562 1,2,3,6,7,14,21,42,61,122,183,366,427,854,1281,2562
U 17939 2622 1 4 2622 1,3,19,46,57,138,874,2622
U 3806 6 445 3 2670 1,2,3,5,6,10,15,30,89,178,267,445,534,890,1335,2670
U 5313 10 267 5 2670 1,2,3,5,6,10,15,30,89,178,267,445,534,890,1335,2670
U 17955 2670 1 3 2670 1,3,5,15,178,534,890,2670
U 17960 2670 1 3 2670 1,2,15,30,89,178,1335,2670
U 8077 22 123 5 2706 1,2,3,6,11,22,33,41,66,82,123,246,451,902,1353,2706
U 17972 2706 1 3 2706 1,3,22,66,82,246,451,1353
U 3812 6 455 3 2730 1,6,7,10,13,15,42,70,78,91,105,130,195,546,910,1365
U 3817 6 455 3 2730 1,2,3,5,6,10,15,30,91,182,273,455,546,910,1365,2730
U 3824 6 455 3 2730 1,3,5,7,15,21,26,35,78,105,130,182,390,546,910,2730
U 3831 6 455 3 2730 1,6,10,14,15,21,26,35,39,65,91,210,390,546,910,1365
U 5324 10 273 5 2730 1,2,3,6,35,65,70,91,105,130,182,195,210,273,390,546
U 5329 10 273 5 2730 1,3,5,7,15,21,26,35,78,105,130,182,390,546,910,2730
U 5335 10 273 5 2730 1,6,7,10,15,26,39,42,65,70,105,182,273,390,455,2730
U 5342 10 273 5 2730 1,3,10,13,14,30,35,39,42,105,130,182,390,455,546,1365
U 7060 15 182 4 2730 1,2,3,5,6,7,10,13,14,15,21,26,30,35,39,42,65,70,78,91,105,130,182,195,210,273,390,455,546,910,1365,2730
U 9326 35 78 5 2730 1,2,3,5,6,7,10,13,14,15,21,26,30,35,39,42,65,70,78,91,105,130,182,195,210,273,390,455,546,910,1365,2730
U 9760 39 70 5 2730 1,2,3,5,6,7,10,13,14,15,21,26,30,35,39,42,65,70,78,91,105,130,182,195,210,273,390,455,546,910,1365,2730
U 12369 210 13 3 2730 1,6,13,70,78,105,910,1365
U 12373 210 13 3 2730 1,2,3,6,455,910,1365,2730
U 12379 210 13 3 2730 1,2,21,42,65,130,1365,2730
U 12430 210 13 3 2730 1,5,6,30,182,273,910,1365
U 12458 210 13 3 2730 1,3,7,21,130,390,910,2730
U 12460 210 13 3 2730 1,7,30,39,130,210,273,910
U 12462 210 13 3 2730 1,7,15,78,105,130,546,910
U 12464 210 13 3 2730 1,6,7,42,130,195,910,1365
U 13892 390 7 3 2730 1,2,7,14,195,390,1365,2730
U 14748 546 5 3 2730 1,5,21,26,105,130,546,2730
U 14772 546 5 3 2730 1,3,5,15,182,546,910,2730
U 14809 546 5 3 2730 1,6,10,15,91,546,910,1365
U 15923 910 3 3 2730 1,2,7,13,14,15,26,30,91,105,182,195,210,390,1365,2730
U 15932 910 3 3 2730 1,2,3,6,35,65,70,91,105,130,182,195,210,273,390,546
U 15939 910 3 3 2730 1,3,7,10,21,26,30,65,70,78,182,195,210,455,546,1365
U 15943 910 3 3 2730 1,6,7,10,15,26,39,42,65,70,105,182,273,390,455,2730
U 15949 910 3 3 2730 1,3,5,13,14,15,39,42,65,70,182,195,210,546,910,2730
U 15951 910 3 3 2730 1,5,6,13,14,21,30,65,70,78,105,182,273,390,910,1365
U 15952 910 3 3 2730 1,6,10,13,14,15,21,35,78,130,182,195,210,273,455,2730
U 16866 1365 2 5 2730 1,3,7,10,13,21,30,39,70,91,130,210,273,390,910,2730
U 16879 1365 2 5 2730 1,3,5,7,15,21,26,35,78,105,130,182,390,546,910,2730
U 5346 10 279 5 2790 1,2,5,9,10,18,31,45,62,90,155,279,310,558,1395,2790
U 17994 2814 1 5 2814 1,2,21,42,67,134,1407,2814
U 3847 6 475 4 2850 1,2,3,6,19,25,38,50,57,75,114,150,475,950,1425,2850
U 3850 6 485 4 2910 1,2,3,5,6,10,15,30,97,194,291,485,582,970,1455,2910
U 18054 2910 1 3 2910 1,3,5,15,194,582,970,2910
U 5349 10 297 6 2970 1,2,5,10,11,22,27,54,55,110,135,270,297,594,1485,2970
U 18092 2982 1 5 2982 1,2,21,42,71,142,1491,2982
