 
11 [1,10,65,252,715,1210,1331]
13 [1,-4,43,-104,559,-676,2197]
13 [1,-8,59,-224,767,-1352,2197]
13 [1,14,101,448,1313,2366,2197]
13 [1,4,43,104,559,676,2197]
13 [1,8,59,224,767,1352,2197]
17 [1,-8,71,-288,1207,-2312,4913]
17 [1,16,135,688,2295,4624,4913]
17 [1,8,71,288,1207,2312,4913]
19 [1,-10,88,-410,1672,-3610,6859]
19 [1,-10,89,-412,1691,-3610,6859]
19 [1,10,89,412,1691,3610,6859]
23 [1,-14,133,-740,3059,-7406,12167]
23 [1,10,101,492,2323,5290,12167]
5 [1,-4,19,-40,95,-100,125]
5 [1,0,10,-4,50,0,125]
5 [1,4,19,40,95,100,125]
5 [1,6,28,90,230,450,700,750,625]
5 [1,6,29,90,235,450,725,750,625]
5 [1,6,29,90,240,450,725,750,625]
