# CurveID D N g W  h:p:P_h(t) coeffs (all failing (h,p))  -- twisted Weil-polynomial test, P_h not in data/hypg<g>q<p>.txt
420 1 90 3 1,2,9,18 w5:13:[1,-8,59,-224,767,-1352,2197]
1583 6 23 3 1,23 w2:5:[1,-4,19,-40,95,-100,125];w6:5:[1,4,19,40,95,100,125]
7231 21 16 3 1,7,48,336 V2*w1:5:[1,-4,19,-40,95,-100,125];V2*w3:5:[1,4,19,40,95,100,125]
1947 6 65 3 1,15,78,130 w2:17:[1,16,135,688,2295,4624,4913];w2:19:[1,-10,89,-412,1691,-3610,6859]
8193 26 15 3 1,26,30,195 w5:17:[1,8,71,288,1207,2312,4913]
2049 6 77 3 1,6,22,33 w7:5:[1,-4,19,-40,95,-100,125];w14:5:[1,4,19,40,95,100,125]
5678 14 33 3 1,2,3,6,11,22,33,66 w7:17:[1,8,71,288,1207,2312,4913]
7759 22 21 3 1,14,33,462 w2:5:[1,-4,19,-40,95,-100,125];w3:5:[1,4,19,40,95,100,125];w6:13:[1,8,59,224,767,1352,2197]
8645 33 14 3 1,6,154,231 w7:5:[1,-4,19,-40,95,-100,125];w11:5:[1,4,19,40,95,100,125]
2153 6 85 3 1,30,51,170 w2:13:[1,8,59,224,767,1352,2197]
4441 10 51 3 1,2,85,170 w15:13:[1,-8,59,-224,767,-1352,2197]
4528 10 57 3 1,3,38,114 w5:11:[1,10,65,252,715,1210,1331];w5:17:[1,8,71,288,1207,2312,4913]
6789 15 38 3 1,6,10,15,38,57,95,570 w2:13:[1,14,101,448,1313,2366,2197]
7810 22 27 4 1,2,297,594 w11:5:[1,6,28,90,230,450,700,750,625]
9698 39 16 3 1,3,13,16,39,48,208,624 V2*w1:5:[1,4,19,40,95,100,125]
4617 10 63 3 1,2,9,18,35,70,315,630 V3*w5:13:[1,-8,59,-224,767,-1352,2197]
4620 10 63 3 1,5,9,14,45,70,126,630 V3*w2:13:[1,-8,59,-224,767,-1352,2197]
4621 10 63 3 1,9,10,14,35,90,126,315 V3*w2:19:[1,10,89,412,1691,3610,6859]
5811 14 45 3 1,2,7,9,14,18,63,126 V3*w1:19:[1,-10,89,-412,1691,-3610,6859]
5812 14 45 3 1,2,7,14,45,90,315,630 w5:13:[1,-8,59,-224,767,-1352,2197]
5816 14 45 3 1,5,7,18,35,90,126,630 w2:13:[1,-8,59,-224,767,-1352,2197]
15088 690 1 3 1,3,23,69 w10:11:[1,10,65,252,715,1210,1331]
15089 690 1 3 1,15,23,345 w2:17:[1,8,71,288,1207,2312,4913]
4926 10 99 3 1,9,10,11,90,99,110,990 w2:13:[1,4,43,104,559,676,2197];V3*w1:19:[1,-10,89,-412,1691,-3610,6859];V3*w2:13:[1,-4,43,-104,559,-676,2197]
2917 6 175 3 1,3,7,21,50,150,350,1050 w2:19:[1,-10,89,-412,1691,-3610,6859]
3052 6 193 3 1,2,579,1158 w3:19:[1,-10,88,-410,1672,-3610,6859]
3128 6 205 3 1,3,5,15,82,246,410,1230 w2:13:[1,8,59,224,767,1352,2197]
16638 1290 1 3 1,3,430,1290 w5:23:[1,-14,133,-740,3059,-7406,12167]
3214 6 217 3 1,3,7,21,31,93,217,651 w2:23:[1,10,101,492,2323,5290,12167]
6122 14 93 3 1,2,21,42,93,186,217,434 w3:13:[1,8,59,224,767,1352,2197]
9023 34 39 4 1,6,13,17,78,102,221,1326 w2:5:[1,6,28,90,230,450,700,750,625]
3263 6 229 4 1,6,229,1374 w2:5:[1,6,29,90,235,450,725,750,625]
17126 1518 1 3 1,3,11,33,46,138,506,1518 w2:5:[1,0,10,-4,50,0,125]
5189 10 171 3 1,2,5,9,10,18,19,38,45,90,95,171,190,342,855,1710 V3*w1:17:[1,-8,71,-288,1207,-2312,4913]
3501 6 319 4 1,6,22,33,58,87,319,1914 w2:5:[1,6,29,90,240,450,725,750,625]
17727 2226 1 3 1,6,14,21,106,159,371,2226 w2:13:[1,8,59,224,767,1352,2197]
