K7 1144 1 270 3 270 1,2,5,10,27,54,135,270
K3 1165 1 280 4 280 1,5,7,8,35,40,56,280
K5 1173 1 282 3 282 1,2,3,6,47,94,141,282
K3 1185 1 290 3 290 1,2,5,10,29,58,145,290
K5 1210 1 318 3 318 1,2,3,6,53,106,159,318
K3 1213 1 322 4 322 1,2,7,14,23,46,161,322
K13 7682 22 15 3 330 1,30,33,110
K3 11011 85 4 3 340 1,4,5,17,20,68,85,340
K5 1237 1 342 4 342 1,2,9,18,19,38,171,342
K2 1238 1 345 4 345 1,3,5,15,23,69,115,345
K7 11484 118 3 3 354 1,2,177,354
K3 11163 91 4 3 364 1,4,7,13,28,52,91,364
K23 10358 58 7 3 406 1,14,58,203
K2 14088 411 1 3 411 1,3,137,411
K5 13071 217 2 3 434 1,2,7,14,31,62,217,434
K5 7340 21 22 3 462 1,2,231,462
K5 2053 6 77 3 462 1,14,33,462
K2 11225 93 5 5 465 1,5,31,155
K7 6716 15 34 3 510 1,10,102,255
K5 10480 62 9 4 558 1,9,62,558
K11 6784 15 38 3 570 1,2,5,10,57,114,285,570
K2 11531 119 5 3 595 1,5,7,17,35,85,119,595
K7 13242 303 2 3 606 1,2,3,6,101,202,303,606
K17 4616 10 63 3 630 1,2,5,9,10,18,45,90
K5 13680 339 2 3 678 1,2,3,6,113,226,339,678
K13 2435 6 115 3 690 1,30,46,345
K19 6837 15 46 3 690 1,6,10,15,46,69,115,690
K11 9859 46 17 3 782 1,2,17,23,34,46,391,782
K5 7455 21 38 3 798 1,6,14,19,21,114,266,399
K5 15571 798 1 3 798 1,21,38,798
K7 2605 6 139 3 834 1,3,139,417
K5 11764 143 6 3 858 1,2,3,6,11,13,22,26,33,39,66,78,143,286,429,858
K3 11941 178 5 3 890 1,2,5,10,89,178,445,890
K17 4888 10 91 3 910 1,2,7,13,14,26,91,182
K5 11381 106 9 4 954 1,2,9,18,53,106,477,954
K11 6029 14 69 3 966 1,2,3,6,161,322,483,966
K19 2853 6 167 3 1002 1,6,334,501
K19 2852 6 167 3 1002 1,3,334,1002
K7 12032 202 5 3 1010 1,2,5,10,101,202,505,1010
K3 10401 58 19 4 1102 1,2,19,29,38,58,551,1102
K7 11425 111 10 3 1110 1,2,3,5,6,10,15,30,37,74,111,185,222,370,555,1110
K19 7957 22 51 3 1122 1,3,17,22,51,66,374,1122
K5 3035 6 187 3 1122 1,3,17,22,51,66,374,1122
K5 8747 33 34 3 1122 1,2,3,6,11,17,22,33,34,51,66,102,187,374,561,1122
K5 13716 386 3 4 1158 1,2,3,6,193,386,579,1158
K5 6111 14 87 4 1218 1,2,21,29,42,58,609,1218
K5 8398 26 47 4 1222 1,2,13,26,47,94,611,1222
K2 7530 21 59 4 1239 1,3,7,21,59,177,413,1239
K5 3194 6 211 3 1266 1,2,633,1266
K5 16667 1302 1 3 1302 1,42,186,217
K11 6123 14 93 3 1302 1,3,7,21,62,186,434,1302
K23 3238 6 221 3 1326 1,6,26,34,39,51,221,1326
K3 5071 10 139 3 1390 1,2,5,10,139,278,695,1390
K23 3321 6 247 3 1482 1,2,3,6,247,494,741,1482
K11 17246 1610 1 3 1610 1,2,7,14,115,230,805,1610
K2 10022 51 35 5 1785 1,3,5,7,15,17,21,35,51,85,105,119,255,357,595,1785
K5 11078 86 21 3 1806 1,2,3,6,7,14,21,42,43,86,129,258,301,602,903,1806
K13 7047 15 122 3 1830 1,2,3,5,6,10,15,30,61,122,183,305,366,610,915,1830
K5 3511 6 323 3 1938 1,2,3,6,323,646,969,1938
K3 6220 14 155 3 2170 1,2,5,7,10,14,31,35,62,70,155,217,310,434,1085,2170
