1 30
15 2
1 33
1 35
35 1
1 39
39 1
1 40
1 41
1 42
14 3
21 2
1 46
1 47
1 48
1 51
51 1
1 55
55 1
1 56
1 57
57 1
1 59
1 60
15 4
1 62
62 1
1 63
1 65
1 66
22 3
6 11
1 69
69 1
1 70
14 5
35 2
1 71
1 72
74 1
77 1
1 78
26 3
39 2
82 1
1 84
21 4
1 85
86 1
1 87
87 1
1 90
10 9
1 92
1 93
93 1
1 94
94 1
1 95
95 1
1 96
34 3
51 2
6 17
1 104
1 105
15 7
21 5
35 3
1 110
10 11
22 5
55 2
111 1
1 114
38 3
57 2
6 19
115 1
1 119
119 1
1 120
15 8
122 1
1 126
14 9
129 1
1 130
10 13
26 5
65 2
33 4
134 1
1 136
1 138
46 3
6 23
35 4
141 1
143 1
145 1
146 1
14 11
22 7
77 2
1 156
39 4
158 1
159 1
161 1
1 165
15 11
33 5
55 3
166 1
1 168
21 8
10 17
34 5
85 2
1 171
58 3
6 29
87 2
1 175
1 176
178 1
1 180
14 13
26 7
183 1
1 185
6 31
62 3
93 2
10 19
38 5
95 2
194 1
1 195
15 13
39 5
65 3
1 198
22 9
202 1
206 1
1 207
1 210
10 21
14 15
15 14
21 10
210 1
35 6
6 35
215 1
111 2
6 37
74 3
10 23
115 2
46 5
21 11
33 7
77 3
1 234
26 9
237 1
119 2
14 17
34 7
1 240
15 16
6 41
82 3
1 252
15 17
51 5
85 3
6 43
86 3
33 8
14 19
38 7
1 270
21 13
39 7
1 279
1 280
1 282
141 2
6 47
94 3
15 19
57 5
95 3
143 2
22 13
1 290
10 29
58 5
1 294
6 49
34 9
10 31
62 5
39 8
314 1
1 315
35 9
1 318
159 2
6 53
1 322
14 23
46 7
1 330
10 33
15 22
22 15
33 10
330 1
55 6
6 55
21 16
85 4
1 342
1 345
15 23
14 25
118 3
6 59
21 17
91 4
6 61
1 370
10 37
74 5
22 17
34 11
35 11
55 7
77 5
10 39
15 26
26 15
39 10
390 1
6 65
65 6
1 396
21 19
57 7
134 3
6 67
14 29
58 7
51 8
10 41
82 5
411 1
46 9
22 19
38 11
15 28
21 20
6 71
33 13
39 11
14 31
217 2
62 7
15 29
146 3
26 17
34 13
35 13
65 7
14 33
21 22
22 21
33 14
462 1
6 77
77 6
15 31
93 5
94 5
158 3
6 79
10 49
38 13
55 9
6 83
1 510
10 51
15 34
34 15
51 10
510 1
6 85
85 6
14 37
10 53
6 89
14 39
21 26
26 21
39 14
546 1
6 91
22 25
69 8
62 9
35 16
1 570
10 57
15 38
38 15
57 10
570 1
6 95
95 6
14 41
194 3
6 97
22 27
119 5
14 43
303 2
21 29
10 61
15 41
39 16
1 630
10 63
14 45
6 107
34 19
6 109
14 47
15 44
33 20
39 17
74 9
339 2
6 113
10 69
15 46
46 15
6 115
69 10
690 1
26 27
10 71
1 714
14 51
21 34
34 21
6 119
714 1
82 9
69 11
10 77
14 55
22 35
77 10
770 1
86 9
46 17
6 131
10 79
14 57
21 38
57 14
6 133
798 1
6 137
33 25
6 139
15 56
21 40
94 9
34 25
143 6
22 39
26 33
6 143
858 1
10 87
145 6
15 58
6 145
87 10
870 1
178 5
10 91
14 65
26 35
910 1
34 27
10 93
155 6
6 155
62 15
930 1
86 11
106 9
14 69
46 21
6 161
966 1
10 99
22 45
55 18
6 167
202 5
6 169
14 73
346 3
14 75
21 50
6 175
26 41
58 19
10 111
111 10
1110 1
6 185
74 15
1122 1
22 51
33 34
34 33
6 187
14 81
6 191
1155 1
386 3
6 193
10 117
26 45
38 31
10 119
1190 1
14 85
34 35
134 9
1218 1
14 87
21 58
6 203
87 14
26 47
10 123
1230 1
6 205
21 59
1254 1
22 57
6 209
6 211
1290 1
15 86
6 215
86 15
1302 1
14 93
21 62
6 217
93 14
15 88
1326 1
26 51
34 39
39 34
6 221
1365 1
39 35
6 229
14 99
22 63
10 139
1410 1
6 235
46 31
10 143
1430 1
10 147
15 98
6 245
39 38
6 247
1518 1
46 33
6 253
34 45
1554 1
21 74
6 259
39 40
10 159
1590 1
6 265
1610 1
14 117
26 63
22 75
33 50
6 275
10 171
1722 1
6 287
6 289
1770 1
15 119
51 35
1794 1
6 299
1806 1
6 301
86 21
122 15
15 122
1830 1
1870 1
10 189
14 135
1914 1
58 33
6 319
1938 1
6 323
26 75
6 325
1974 1
6 329
94 21
14 143
2002 1
134 15
2010 1
6 335
14 145
2030 1
2046 1
22 93
6 341
10 207
142 15
2130 1
6 355
14 155
146 15
15 146
2190 1
2210 1
26 85
2226 1
26 87
58 39
6 377
6 379
