U 154 1 42 3 42 1,2
U 160 1 42 3 42 1,7
U 230 1 57 3 57 1,19
U 270 1 65 3 65 1,5
U 272 1 65 3 65 1,13
U 379 1 84 5 84 1,3
U 382 1 84 3 84 1,4,7,28
U 384 1 84 3 84 1,3,7,21
U 388 1 84 3 84 1,12,21,28
U 417 1 90 3 90 1,2,5,10
U 420 1 90 3 90 1,2,9,18
U 423 1 90 3 90 1,10,18,45
U 436 1 93 5 93 1,31
U 447 1 96 3 96 1,32
U 448 1 96 3 96 1,96
U 8785 34 3 3 102 1,34
U 584 1 120 3 120 1,3,5,15
U 629 1 130 3 130 1,5,26,130
U 10551 65 2 3 130 1,2,13,26
U 10552 65 2 3 130 1,10,13,130
U 10554 65 2 3 130 1,2,5,10
U 10556 65 2 3 130 1,5,26,130
U 8501 33 4 3 132 1,3,11,33
U 672 1 138 3 138 1,2,23,46
U 1583 6 23 3 138 1,23
U 11700 141 1 3 141 1,3
U 764 1 156 3 156 1,12,39,52
U 11840 158 1 3 158 1,2
U 785 1 165 4 165 1,5,11,55
U 10993 85 2 3 170 1,5,34,170
U 827 1 175 3 175 1,7,25,175
U 836 1 180 5 180 1,5,36,180
U 840 1 180 5 180 1,9,20,180
U 841 1 180 5 180 1,20,36,45
U 857 1 185 3 185 1,5,37,185
U 9350 38 5 5 190 1,38
U 9362 38 5 3 190 1,10,38,95
U 896 1 198 5 198 1,9,11,99
U 7616 22 9 3 198 1,2,9,18
U 982 1 210 3 210 1,3,10,14,30,35,42,105
U 989 1 210 3 210 1,2,5,7,10,14,35,70
U 990 1 210 3 210 1,5,6,7,30,35,42,210
U 1663 6 35 3 210 1,30,35,42
U 1664 6 35 3 210 1,2,7,14
U 1670 6 35 3 210 1,3,5,15
U 1676 6 35 3 210 1,2,15,30
U 1678 6 35 3 210 1,3,14,42
U 1690 6 35 3 210 1,5,7,35
U 4128 10 21 3 210 1,2,7,14
U 4129 10 21 3 210 1,7,10,70
U 4140 10 21 3 210 1,2,15,30
U 4143 10 21 3 210 1,6,14,21
U 4148 10 21 3 210 1,6,10,15
U 4151 10 21 3 210 1,21,30,70
U 5477 14 15 3 210 1,2,35,70
U 5488 14 15 3 210 1,3,7,21
U 5495 14 15 3 210 1,2,21,42
U 5506 14 15 3 210 1,3,70,210
U 5510 14 15 3 210 1,5,7,35
U 6400 15 14 3 210 1,2,7,14
U 6413 15 14 3 210 1,2,105,210
U 6414 15 14 3 210 1,3,14,42
U 6426 15 14 3 210 1,5,7,35
U 7163 21 10 3 210 1,3,5,15
U 7176 21 10 3 210 1,10,21,210
U 7177 21 10 3 210 1,6,10,15
U 7182 21 10 3 210 1,6,70,105
U 9115 35 6 3 210 1,6,35,210
U 1053 1 234 3 234 1,2,9,13,18,26,117,234
U 5541 14 17 3 238 1,14,34,119
U 1072 1 240 3 240 1,3,5,15,16,48,80,240
U 6451 15 16 3 240 1,5,48,240
U 6452 15 16 3 240 1,3,5,15
U 11261 94 3 3 282 1,3,94,282
U 11262 94 3 3 282 1,6,94,141
U 11709 141 2 3 282 1,3,94,282
U 11710 141 2 3 282 1,6,94,141
U 10236 57 5 3 285 1,3,19,57
U 10238 57 5 3 285 1,5,19,95
U 1188 1 294 3 294 1,2,3,6,49,98,147,294
U 10453 62 5 3 310 1,10,31,310
U 10454 62 5 3 310 1,5,31,155
U 10457 62 5 3 310 1,5,62,310
U 10458 62 5 3 310 1,10,62,155
U 9617 39 8 3 312 1,3,13,39
U 1229 1 330 4 330 1,6,10,11,15,66,110,165
U 1836 6 55 3 330 1,2,3,6
U 1841 6 55 3 330 1,6,22,33
U 1848 6 55 3 330 1,3,110,330
U 6489 15 22 3 330 1,2,55,110
U 6522 15 22 3 330 1,5,11,55
U 7652 22 15 3 330 1,2,55,110
U 10112 55 6 3 330 1,2,3,6,55,110,165,330
U 10114 55 6 3 330 1,2,15,30,33,55,66,110
U 10117 55 6 3 330 1,5,6,22,30,33,110,165
U 10121 55 6 3 330 1,3,10,11,30,33,110,330
U 10122 55 6 3 330 1,6,10,11,15,66,110,165
U 7231 21 16 3 336 1,7,48,336
U 6548 15 23 3 345 1,5,23,115
U 7245 21 17 3 357 1,3,17,51
U 1247 1 370 4 370 1,2,5,10,37,74,185,370
U 9183 35 11 3 385 1,35,55,77
U 10132 55 7 3 385 1,35,55,77
U 10869 77 5 3 385 1,5,7,11,35,55,77,385
U 1918 6 65 3 390 1,10,26,65
U 1919 6 65 3 390 1,5,6,30
U 1943 6 65 3 390 1,6,10,15
U 1947 6 65 3 390 1,15,78,130
U 4346 10 39 3 390 1,15,39,65
U 4356 10 39 3 390 1,10,39,390
U 6575 15 26 3 390 1,2,195,390
U 6583 15 26 3 390 1,10,78,195
U 8170 26 15 3 390 1,5,26,130
U 8193 26 15 3 390 1,26,30,195
U 10619 65 6 3 390 1,2,3,6,65,130,195,390
U 10620 65 6 3 390 1,2,5,10,39,78,195,390
U 10627 65 6 3 390 1,2,13,15,26,30,195,390
U 13736 390 1 3 390 1,10,26,65
U 13750 390 1 3 390 1,15,39,65
U 13756 390 1 3 390 1,6,26,39
U 1272 1 396 5 396 1,4,9,11,36,44,99,396
U 9964 51 8 3 408 1,3,8,17,24,51,136,408
U 10925 82 5 3 410 1,2,205,410
U 9813 46 9 4 414 1,18,23,414
U 9816 46 9 4 414 1,2,207,414
U 9407 38 11 3 418 1,22,38,209
U 6615 15 28 5 420 1,7,12,84
U 6616 15 28 4 420 1,7,60,420
U 6617 15 28 5 420 1,3,7,21
U 6640 15 28 3 420 1,3,5,7,15,21,35,105
U 6645 15 28 3 420 1,3,5,15,28,84,140,420
U 6648 15 28 3 420 1,12,15,20,21,28,35,420
U 6652 15 28 3 420 1,7,12,15,20,84,105,140
U 6653 15 28 3 420 1,4,5,7,20,28,35,140
U 7292 21 20 5 420 1,15,28,420
U 7300 21 20 5 420 1,15,84,140
U 7304 21 20 3 420 1,3,4,5,12,15,20,60
U 7311 21 20 3 420 1,12,15,20,21,28,35,420
U 7315 21 20 3 420 1,7,12,15,20,84,105,140
U 7317 21 20 3 420 1,5,7,12,35,60,84,420
U 9679 39 11 3 429 1,11,39,429
U 11795 146 3 3 438 1,2,73,146
U 8868 34 13 3 442 1,17,26,442
U 10634 65 7 3 455 1,13,35,455
U 2049 6 77 3 462 1,6,22,33
U 5642 14 33 5 462 1,2,11,22
U 5654 14 33 5 462 1,2,21,42
U 5670 14 33 3 462 1,2,3,6,7,14,21,42
U 5672 14 33 3 462 1,2,7,14,33,66,231,462
U 5674 14 33 3 462 1,3,7,21,22,66,154,462
U 5678 14 33 3 462 1,2,3,6,11,22,33,66
U 7759 22 21 3 462 1,14,33,462
U 8641 33 14 3 462 1,14,66,231
U 8645 33 14 3 462 1,6,154,231
U 10880 77 6 3 462 1,2,11,21,22,42,231,462
U 10882 77 6 3 462 1,6,11,14,21,66,154,231
U 14148 462 1 3 462 1,6,11,66
U 14166 462 1 3 462 1,6,14,21
U 14167 462 1 3 462 1,14,66,231
U 6675 15 31 3 465 1,3,155,465
U 11268 94 5 3 470 1,2,235,470
U 11848 158 3 3 474 1,2,237,474
U 1387 1 510 3 510 1,2,3,5,6,10,15,17,30,34,51,85,102,170,255,510
U 2124 6 85 3 510 1,5,34,170
U 2129 6 85 3 510 1,30,85,102
U 2144 6 85 3 510 1,3,34,102
U 2152 6 85 3 510 1,3,170,510
U 2153 6 85 3 510 1,30,51,170
U 4441 10 51 3 510 1,2,85,170
U 4472 10 51 3 510 1,15,102,170
U 8877 34 15 5 510 1,5,34,170
U 8914 34 15 3 510 1,2,15,30,51,85,102,170
U 8922 34 15 3 510 1,6,10,15,17,102,170,255
U 8923 34 15 3 510 1,2,5,10,17,34,85,170
U 11024 85 6 3 510 1,6,10,15,17,102,170,255
U 14464 510 1 3 510 1,2,17,34
U 14469 510 1 3 510 1,15,17,255
U 14476 510 1 3 510 1,2,15,30
U 9684 39 14 3 546 1,2,3,6,91,182,273,546
U 9690 39 14 3 546 1,6,14,21,26,39,91,546
U 7803 22 25 5 550 1,22,25,550
U 1414 1 570 4 570 1,2,3,5,6,10,15,19,30,38,57,95,114,190,285,570
U 4528 10 57 3 570 1,3,38,114
U 4529 10 57 3 570 1,6,38,57
U 6786 15 38 3 570 1,3,5,15,38,114,190,570
U 6789 15 38 3 570 1,6,10,15,38,57,95,570
U 6791 15 38 3 570 1,2,15,19,30,38,285,570
U 6792 15 38 3 570 1,3,10,19,30,57,190,570
U 6793 15 38 3 570 1,6,10,15,19,114,190,285
U 9454 38 15 3 570 1,2,3,6,95,190,285,570
U 9457 38 15 3 570 1,3,5,15,38,114,190,570
U 9458 38 15 3 570 1,3,10,30,38,95,114,285
U 9459 38 15 3 570 1,5,6,30,38,57,190,285
U 9464 38 15 3 570 1,6,10,15,19,114,190,285
U 10270 57 10 3 570 1,2,15,19,30,38,285,570
U 10272 57 10 3 570 1,6,10,15,19,114,190,285
U 10274 57 10 3 570 1,5,6,19,30,95,114,570
U 11329 95 6 3 570 1,3,10,30,38,95,114,285
U 11331 95 6 3 570 1,6,10,15,38,57,95,570
U 14960 570 1 3 570 1,15,114,190
U 5751 14 41 5 574 1,2,41,82
U 5752 14 41 4 574 1,14,41,574
U 12001 194 3 3 582 1,6,194,291
U 7810 22 27 4 594 1,2,297,594
U 7409 21 29 3 609 1,3,7,21,29,87,203,609
U 9698 39 16 3 624 1,3,13,16,39,48,208,624
U 1434 1 630 5 630 1,2,5,7,9,10,14,18,35,45,63,70,90,126,315,630
U 4617 10 63 3 630 1,2,9,18,35,70,315,630
U 4618 10 63 3 630 1,2,5,10,63,126,315,630
U 4619 10 63 3 630 1,2,35,45,63,70,90,126
U 4620 10 63 3 630 1,5,9,14,45,70,126,630
U 4621 10 63 3 630 1,9,10,14,35,90,126,315
U 4622 10 63 3 630 1,5,14,18,63,70,90,315
U 4623 10 63 3 630 1,10,14,18,35,45,63,630
U 5805 14 45 3 630 1,2,5,10,63,126,315,630
U 5810 14 45 3 630 1,10,14,18,35,45,63,630
U 5811 14 45 3 630 1,2,7,9,14,18,63,126
U 5812 14 45 3 630 1,2,7,14,45,90,315,630
U 5816 14 45 3 630 1,5,7,18,35,90,126,630
U 8931 34 19 5 646 1,17,38,646
U 5824 14 47 4 658 1,14,94,329
U 6819 15 44 3 660 1,3,20,44,55,60,132,165
U 6821 15 44 3 660 1,12,15,20,33,44,55,660
U 6826 15 44 3 660 1,4,5,11,20,44,55,220
U 8695 33 20 3 660 1,12,15,20,33,44,55,660
U 9706 39 17 3 663 1,3,13,17,39,51,221,663
U 10785 74 9 5 666 1,9,74,666
U 4672 10 69 3 690 1,6,230,345
U 6835 15 46 3 690 1,3,10,30,46,115,138,345
U 6843 15 46 3 690 1,5,6,23,30,115,138,690
U 9841 46 15 3 690 1,3,5,15,46,138,230,690
U 10721 69 10 4 690 1,6,10,15,46,69,115,690
U 15088 690 1 3 690 1,3,23,69
U 15089 690 1 3 690 1,15,23,345
U 8323 26 27 3 702 1,2,13,26,27,54,351,702
U 4691 10 71 3 710 1,10,71,710
U 1437 1 714 5 714 1,2,3,6,7,14,17,21,34,42,51,102,119,238,357,714
U 5866 14 51 3 714 1,3,7,21,34,102,238,714
U 5869 14 51 3 714 1,6,14,21,34,51,119,714
U 7422 21 34 3 714 1,2,7,14,51,102,357,714
U 7430 21 34 3 714 1,3,14,17,42,51,238,714
U 8936 34 21 3 714 1,2,3,6,119,238,357,714
U 8937 34 21 3 714 1,2,7,14,51,102,357,714
U 8942 34 21 3 714 1,6,14,21,34,51,119,714
U 8944 34 21 3 714 1,2,17,21,34,42,357,714
U 8948 34 21 3 714 1,6,7,17,42,102,119,714
U 10944 82 9 3 738 1,2,9,18,41,82,369,738
U 10729 69 11 3 759 1,3,11,23,33,69,253,759
U 5923 14 55 3 770 1,2,7,14,55,110,385,770
U 5928 14 55 3 770 1,10,14,22,35,55,77,770
U 5934 14 55 3 770 1,7,10,11,70,77,110,770
U 10888 77 10 3 770 1,2,5,7,10,11,14,22,35,55,70,77,110,154,385,770
U 11072 86 9 3 774 1,2,9,18,43,86,387,774
U 2542 6 131 3 786 1,6,262,393
U 4762 10 79 3 790 1,5,158,790
U 4763 10 79 3 790 1,10,158,395
U 2580 6 133 3 798 1,2,3,6,7,14,21,42
U 2583 6 133 3 798 1,2,21,42,57,114,133,266
U 2588 6 133 3 798 1,2,3,6,19,38,57,114
U 2591 6 133 3 798 1,6,14,19,21,114,266,399
U 7445 21 38 3 798 1,2,3,6,133,266,399,798
U 7449 21 38 3 798 1,3,14,38,42,114,133,399
U 7453 21 38 3 798 1,2,19,21,38,42,399,798
U 10295 57 14 3 798 1,2,19,21,38,42,399,798
U 15569 798 1 3 798 1,3,38,114
U 8711 33 25 4 825 1,3,11,25,33,75,275,825
U 8965 34 25 3 850 1,2,17,25,34,50,425,850
U 7894 22 39 3 858 1,3,11,26,33,78,286,858
U 7896 22 39 3 858 1,6,11,26,39,66,286,429
U 8345 26 33 5 858 1,3,11,26,33,78,286,858
U 4783 10 87 5 870 1,5,58,290
U 4812 10 87 5 870 1,30,87,290
U 4820 10 87 3 870 1,2,15,30,87,145,174,290
U 4829 10 87 3 870 1,2,5,10,29,58,145,290
U 6904 15 58 3 870 1,2,5,10,87,174,435,870
U 11124 87 10 3 870 1,2,3,5,6,10,15,29,30,58,87,145,174,290,435,870
U 11788 145 6 3 870 1,2,3,5,6,10,15,29,30,58,87,145,174,290,435,870
U 15789 870 1 3 870 1,5,174,870
U 15794 870 1 3 870 1,29,30,870
U 15817 870 1 3 870 1,5,29,145
U 4879 10 91 3 910 1,2,35,65,70,91,130,182
U 4882 10 91 3 910 1,7,10,26,65,70,182,455
U 6007 14 65 3 910 1,2,35,65,70,91,130,182
U 6014 14 65 3 910 1,5,13,14,65,70,182,910
U 8361 26 35 4 910 1,5,7,26,35,130,182,910
U 8363 26 35 5 910 1,7,10,26,65,70,182,455
U 8966 34 27 4 918 1,2,17,27,34,54,459,918
U 2735 6 155 3 930 1,5,186,930
U 10504 62 15 5 930 1,3,5,15,62,186,310,930
U 10513 62 15 4 930 1,5,6,30,31,155,186,930
U 11837 155 6 4 930 1,2,3,5,6,10,15,30,31,62,93,155,186,310,465,930
U 11073 86 11 4 946 1,2,11,22,43,86,473,946
U 6041 14 69 3 966 1,6,7,23,42,138,161,966
U 9876 46 21 3 966 1,6,14,21,46,69,161,966
U 9882 46 21 3 966 1,6,7,23,42,138,161,966
U 4926 10 99 3 990 1,9,10,11,90,99,110,990
U 7926 22 45 4 990 1,5,9,22,45,110,198,990
U 7932 22 45 4 990 1,9,10,11,90,99,110,990
U 2856 6 169 3 1014 1,6,169,1014
U 6058 14 73 3 1022 1,2,7,14,73,146,511,1022
U 13687 346 3 5 1038 1,2,3,6,173,346,519,1038
U 2908 6 175 3 1050 1,2,3,6,175,350,525,1050
U 2909 6 175 3 1050 1,2,21,25,42,50,525,1050
U 2914 6 175 3 1050 1,6,14,21,50,75,175,1050
U 2917 6 175 3 1050 1,3,7,21,50,150,350,1050
U 2920 6 175 3 1050 1,6,7,25,42,150,175,1050
U 6070 14 75 3 1050 1,3,7,21,50,150,350,1050
U 7510 21 50 3 1050 1,2,3,6,7,14,21,25,42,50,75,150,175,350,525,1050
U 8380 26 41 3 1066 1,2,13,26,41,82,533,1066
U 2977 6 185 3 1110 1,2,15,30,111,185,222,370
U 2980 6 185 3 1110 1,5,6,30,74,111,370,555
U 2985 6 185 3 1110 1,6,10,15,37,222,370,555
U 2986 6 185 3 1110 1,2,5,10,37,74,185,370
U 4967 10 111 3 1110 1,2,15,30,111,185,222,370
U 10803 74 15 5 1110 1,3,10,30,74,185,222,555
U 10810 74 15 5 1110 1,2,5,10,37,74,185,370
U 3024 6 187 3 1122 1,3,11,17,33,51,187,561
U 3027 6 187 3 1122 1,2,11,22,51,102,561,1122
U 3028 6 187 3 1122 1,2,33,51,66,102,187,374
U 3030 6 187 3 1122 1,3,22,34,66,102,187,561
U 3032 6 187 3 1122 1,6,22,33,34,51,187,1122
U 3038 6 187 3 1122 1,6,11,17,66,102,187,1122
U 7948 22 51 3 1122 1,2,3,6,187,374,561,1122
U 7950 22 51 3 1122 1,2,33,51,66,102,187,374
U 7951 22 51 3 1122 1,3,11,33,34,102,374,1122
U 7953 22 51 3 1122 1,6,11,34,51,66,374,561
U 7958 22 51 3 1122 1,6,17,22,33,102,374,561
U 8983 34 33 3 1122 1,6,11,34,51,66,374,561
U 8987 34 33 3 1122 1,3,17,22,51,66,374,1122
U 8988 34 33 3 1122 1,6,17,22,33,102,374,561
U 16220 1122 1 3 1122 1,2,561,1122
U 16223 1122 1 3 1122 1,33,34,1122
U 6083 14 81 4 1134 1,2,7,14,81,162,567,1134
U 3044 6 191 3 1146 1,2,573,1146
U 3045 6 191 3 1146 1,3,382,1146
U 16323 1155 1 3 1155 1,5,7,33,35,165,231,1155
U 16326 1155 1 3 1155 1,15,21,33,35,55,77,1155
U 16328 1155 1 3 1155 1,3,11,33,35,105,385,1155
U 3052 6 193 3 1158 1,2,579,1158
U 4990 10 117 5 1170 1,2,5,10,117,234,585,1170
U 4991 10 117 5 1170 1,2,45,65,90,117,130,234
U 4994 10 117 5 1170 1,5,18,26,90,117,130,585
U 4995 10 117 5 1170 1,10,18,26,45,65,117,1170
U 4997 10 117 5 1170 1,2,13,26,45,90,585,1170
U 5001 10 117 5 1170 1,5,13,18,65,90,234,1170
U 8388 26 45 5 1170 1,9,10,26,65,90,234,585
U 9503 38 31 4 1178 1,2,19,31,38,62,589,1178
U 5017 10 119 3 1190 1,7,10,17,70,119,170,1190
U 6090 14 85 3 1190 1,5,7,34,35,170,238,1190
U 6099 14 85 3 1190 1,7,10,17,70,119,170,1190
U 9003 34 35 5 1190 1,5,14,17,70,85,238,1190
U 11695 134 9 5 1206 1,2,9,18,67,134,603,1206
U 6112 14 87 5 1218 1,3,14,29,42,87,406,1218
U 6115 14 87 4 1218 1,6,7,29,42,174,203,1218
U 7529 21 58 3 1218 1,2,3,6,7,14,21,29,42,58,87,174,203,406,609,1218
U 11127 87 14 3 1218 1,2,3,6,7,14,21,29,42,58,87,174,203,406,609,1218
U 3128 6 205 3 1230 1,3,5,15,82,246,410,1230
U 5023 10 123 5 1230 1,2,5,10,123,246,615,1230
U 5031 10 123 4 1230 1,3,10,30,41,123,410,1230
U 16513 1230 1 3 1230 1,30,41,1230
U 16532 1230 1 3 1230 1,3,410,1230
U 3177 6 209 3 1254 1,2,11,22,57,114,627,1254
U 3179 6 209 3 1254 1,3,11,33,38,114,418,1254
U 3182 6 209 3 1254 1,6,22,33,38,57,209,1254
U 3184 6 209 3 1254 1,2,19,33,38,66,627,1254
U 7971 22 57 3 1254 1,6,22,33,38,57,209,1254
U 16576 1254 1 3 1254 1,2,627,1254
U 3202 6 215 3 1290 1,2,15,30,129,215,258,430
U 7013 15 86 3 1290 1,2,3,5,6,10,15,30,43,86,129,215,258,430,645,1290
U 11075 86 15 3 1290 1,2,3,5,6,10,15,30,43,86,129,215,258,430,645,1290
U 16638 1290 1 3 1290 1,3,430,1290
U 3214 6 217 3 1302 1,3,7,21,31,93,217,651
U 3220 6 217 3 1302 1,3,14,42,62,186,217,651
U 3222 6 217 3 1302 1,6,14,21,62,93,217,1302
U 3224 6 217 3 1302 1,2,21,31,42,62,651,1302
U 3228 6 217 3 1302 1,6,7,31,42,186,217,1302
U 6122 14 93 3 1302 1,2,21,42,93,186,217,434
U 6130 14 93 3 1302 1,6,14,21,31,186,434,651
U 7532 21 62 3 1302 1,2,3,6,7,14,21,31,42,62,93,186,217,434,651,1302
U 11243 93 14 4 1302 1,2,3,6,7,14,21,31,42,62,93,186,217,434,651,1302
U 3240 6 221 3 1326 1,2,17,34,39,78,663,1326
U 3244 6 221 3 1326 1,6,13,17,78,102,221,1326
U 8408 26 51 4 1326 1,6,26,34,39,51,221,1326
U 9020 34 39 5 1326 1,3,17,26,51,78,442,1326
U 9023 34 39 4 1326 1,6,13,17,78,102,221,1326
U 9752 39 34 3 1326 1,2,3,6,13,17,26,34,39,51,78,102,221,442,663,1326
U 16723 1326 1 3 1326 1,17,78,1326
U 9753 39 35 4 1365 1,3,5,7,13,15,21,35,39,65,91,105,195,273,455,1365
U 16856 1365 1 5 1365 1,15,21,35,39,65,91,1365
U 3263 6 229 4 1374 1,6,229,1374
U 6154 14 99 5 1386 1,2,7,14,99,198,693,1386
U 6165 14 99 5 1386 1,7,11,18,77,126,198,1386
U 7996 22 63 3 1386 1,2,7,9,11,14,18,22,63,77,99,126,154,198,693,1386
U 9887 46 31 3 1426 1,2,23,31,46,62,713,1426
U 5102 10 143 5 1430 1,10,11,13,110,130,143,1430
U 16990 1430 1 3 1430 1,5,22,26,110,130,143,715
U 3308 6 245 3 1470 1,3,5,15,98,294,490,1470
U 3315 6 245 3 1470 1,6,10,15,49,294,490,735
U 5112 10 147 4 1470 1,6,10,15,98,147,245,1470
U 7035 15 98 3 1470 1,2,3,5,6,10,15,30,49,98,147,245,294,490,735,1470
U 3329 6 247 3 1482 1,2,19,38,39,78,741,1482
U 9755 39 38 4 1482 1,2,3,6,13,19,26,38,39,57,78,114,247,494,741,1482
U 3341 6 253 3 1518 1,3,11,33,46,138,506,1518
U 3344 6 253 3 1518 1,6,22,33,46,69,253,1518
U 3346 6 253 3 1518 1,2,23,33,46,66,759,1518
U 9888 46 33 3 1518 1,2,3,6,11,22,23,33,46,66,69,138,253,506,759,1518
U 17126 1518 1 3 1518 1,3,11,33,46,138,506,1518
U 17131 1518 1 3 1518 1,2,23,33,46,66,759,1518
U 17135 1518 1 3 1518 1,6,11,23,66,138,253,1518
U 3356 6 259 3 1554 1,2,7,14,111,222,777,1554
U 3358 6 259 3 1554 1,3,7,21,74,222,518,1554
U 3367 6 259 3 1554 1,6,7,37,42,222,259,1554
U 7538 21 74 4 1554 1,2,3,6,7,14,21,37,42,74,111,222,259,518,777,1554
U 17177 1554 1 3 1554 1,2,7,14,111,222,777,1554
U 17182 1554 1 3 1554 1,6,14,21,74,111,259,1554
U 17185 1554 1 3 1554 1,3,14,37,42,111,518,1554
U 9756 39 40 5 1560 1,3,5,8,13,15,24,39,40,65,104,120,195,312,520,1560
U 3380 6 265 3 1590 1,2,15,30,53,106,795,1590
U 5151 10 159 3 1590 1,6,10,15,53,318,530,795
U 17248 1610 1 3 1610 1,5,7,35,46,230,322,1610
U 17254 1610 1 3 1610 1,5,14,23,70,115,322,1610
U 6204 14 117 3 1638 1,2,7,9,13,14,18,26,63,91,117,126,182,234,819,1638
U 8451 26 63 3 1638 1,2,7,9,13,14,18,26,63,91,117,126,182,234,819,1638
U 3390 6 275 3 1650 1,2,3,6,275,550,825,1650
U 8032 22 75 4 1650 1,2,3,6,11,22,25,33,50,66,75,150,275,550,825,1650
U 8771 33 50 6 1650 1,2,3,6,11,22,25,33,50,66,75,150,275,550,825,1650
U 5179 10 171 7 1710 1,5,9,38,45,190,342,1710
U 5189 10 171 3 1710 1,2,5,9,10,18,19,38,45,90,95,171,190,342,855,1710
U 3409 6 287 3 1722 1,2,3,6,287,574,861,1722
U 3417 6 287 3 1722 1,2,21,41,42,82,861,1722
U 3423 6 289 3 1734 1,2,3,6,289,578,867,1734
U 7046 15 119 3 1785 1,3,5,7,15,17,21,35,51,85,105,119,255,357,595,1785
U 3448 6 299 5 1794 1,6,13,46,69,78,598,897
U 3468 6 301 3 1806 1,3,14,42,43,129,602,1806
U 17401 1806 1 3 1806 1,2,7,14,129,258,903,1806
U 17403 1806 1 3 1806 1,3,7,21,86,258,602,1806
U 17409 1806 1 3 1806 1,3,14,42,43,129,602,1806
U 11589 122 15 5 1830 1,2,3,5,6,10,15,30,61,122,183,305,366,610,915,1830
U 17455 1830 1 3 1830 1,3,5,15,122,366,610,1830
U 17471 1870 1 5 1870 1,2,55,85,110,170,187,374
U 5226 10 189 4 1890 1,2,5,7,10,14,27,35,54,70,135,189,270,378,945,1890
U 6211 14 135 4 1890 1,2,5,7,10,14,27,35,54,70,135,189,270,378,945,1890
U 3501 6 319 4 1914 1,6,22,33,58,87,319,1914
U 3503 6 319 4 1914 1,2,29,33,58,66,957,1914
U 10421 58 33 3 1914 1,2,3,6,11,22,29,33,58,66,87,174,319,638,957,1914
U 3521 6 323 3 1938 1,6,19,34,51,114,646,969
U 3527 6 325 6 1950 1,2,3,6,325,650,975,1950
U 3533 6 325 6 1950 1,6,26,39,50,75,325,1950
U 3539 6 325 6 1950 1,6,13,25,78,150,325,1950
U 3540 6 325 3 1950 1,2,3,6,13,25,26,39,50,75,78,150,325,650,975,1950
U 8456 26 75 4 1950 1,2,3,6,13,25,26,39,50,75,78,150,325,650,975,1950
U 3543 6 329 5 1974 1,2,3,6,329,658,987,1974
U 3548 6 329 5 1974 1,6,7,42,94,141,658,987
U 3549 6 329 5 1974 1,6,14,21,94,141,329,1974
U 11286 94 21 4 1974 1,2,3,6,7,14,21,42,47,94,141,282,329,658,987,1974
U 6215 14 143 3 2002 1,2,7,11,13,14,22,26,77,91,143,154,182,286,1001,2002
U 17562 2002 1 4 2002 1,2,13,26,77,154,1001,2002
U 3569 6 335 4 2010 1,3,10,30,67,201,670,2010
U 11698 134 15 5 2010 1,2,3,5,6,10,15,30,67,134,201,335,402,670,1005,2010
U 6216 14 145 3 2030 1,2,5,7,10,14,29,35,58,70,145,203,290,406,1015,2030
U 17593 2030 1 4 2030 1,10,14,35,58,145,203,2030
U 17599 2030 1 4 2030 1,7,10,29,70,203,290,2030
U 3580 6 341 4 2046 1,3,11,33,62,186,682,2046
U 3587 6 341 5 2046 1,6,22,31,33,186,682,1023
U 8039 22 93 4 2046 1,2,3,6,11,22,31,33,62,66,93,186,341,682,1023,2046
U 17604 2046 1 3 2046 1,2,3,6,341,682,1023,2046
U 17606 2046 1 3 2046 1,2,33,66,93,186,341,682
U 17607 2046 1 3 2046 1,3,11,33,62,186,682,2046
U 5248 10 207 3 2070 1,2,5,9,10,18,23,45,46,90,115,207,230,414,1035,2070
U 3598 6 355 4 2130 1,2,5,10,213,426,1065,2130
U 3600 6 355 5 2130 1,3,5,15,142,426,710,2130
U 3601 6 355 5 2130 1,3,10,30,142,355,426,1065
U 3609 6 355 4 2130 1,5,6,30,71,355,426,2130
U 11740 142 15 4 2130 1,2,3,5,6,10,15,30,71,142,213,355,426,710,1065,2130
U 7054 15 146 4 2190 1,2,3,5,6,10,15,30,73,146,219,365,438,730,1095,2190
U 11814 146 15 5 2190 1,2,3,5,6,10,15,30,73,146,219,365,438,730,1095,2190
U 17691 2190 1 3 2190 1,3,5,15,146,438,730,2190
U 8459 26 85 3 2210 1,2,5,10,13,17,26,34,65,85,130,170,221,442,1105,2210
U 17707 2210 1 3 2210 1,5,13,34,65,170,442,2210
U 17727 2226 1 3 2226 1,6,14,21,106,159,371,2226
U 3658 6 377 5 2262 1,3,26,29,78,87,754,2262
U 8460 26 87 5 2262 1,2,3,6,13,26,29,39,58,78,87,174,377,754,1131,2262
U 10423 58 39 5 2262 1,2,3,6,13,26,29,39,58,78,87,174,377,754,1131,2262
U 3663 6 379 3 2274 1,2,3,6,379,758,1137,2274
U 3673 6 385 3 2310 1,2,3,5,6,10,15,30,77,154,231,385,462,770,1155,2310
U 3677 6 385 3 2310 1,2,5,10,21,33,42,66,77,105,154,165,210,330,385,770
U 3679 6 385 3 2310 1,2,15,21,30,33,35,42,55,66,70,77,110,154,1155,2310
U 3680 6 385 3 2310 1,3,5,7,15,21,22,35,66,105,110,154,330,462,770,2310
U 3682 6 385 3 2310 1,3,7,10,21,22,30,55,66,70,154,165,210,385,462,1155
U 3686 6 385 3 2310 1,6,7,10,15,22,33,42,55,70,105,154,231,330,385,2310
U 3689 6 385 3 2310 1,2,3,6,11,22,33,35,66,70,105,210,385,770,1155,2310
U 3694 6 385 3 2310 1,5,6,11,14,21,30,55,66,70,105,154,231,330,770,1155
U 5275 10 231 3 2310 1,3,7,10,11,21,30,33,70,77,110,210,231,330,770,2310
U 6232 14 165 5 2310 1,2,3,6,7,14,21,42,55,110,165,330,385,770,1155,2310
U 6241 14 165 5 2310 1,3,10,14,22,30,35,42,55,66,77,105,165,231,770,2310
U 6249 14 165 5 2310 1,2,11,15,21,22,30,35,42,70,165,231,330,385,462,770
U 7549 21 110 3 2310 1,2,3,5,6,7,10,11,14,15,21,22,30,33,35,42,55,66,70,77,105,110,154,165,210,231,330,385,462,770,1155,2310
U 8050 22 105 5 2310 1,2,3,6,7,14,21,42,55,110,165,330,385,770,1155,2310
U 8054 22 105 5 2310 1,2,7,14,15,30,33,55,66,105,110,210,231,385,462,770
U 8056 22 105 5 2310 1,3,5,7,15,21,22,35,66,105,110,154,330,462,770,2310
U 12186 210 11 3 2310 1,2,3,6,385,770,1155,2310
U 12195 210 11 3 2310 1,2,5,10,231,462,1155,2310
U 12201 210 11 3 2310 1,3,22,35,66,105,770,2310
U 12212 210 11 3 2310 1,10,22,42,55,105,231,2310
U 12234 210 11 3 2310 1,3,10,30,154,385,462,1155
U 12294 210 11 3 2310 1,6,7,42,55,330,385,2310
U 12296 210 11 3 2310 1,5,7,35,66,330,462,2310
U 13395 330 7 3 2310 1,2,21,42,55,110,1155,2310
U 13398 330 7 3 2310 1,2,5,10,231,462,1155,2310
U 13421 330 7 3 2310 1,3,14,42,110,330,385,1155
U 13437 330 7 3 2310 1,3,10,30,154,385,462,1155
U 13468 330 7 3 2310 1,7,10,33,70,231,330,2310
U 13477 330 7 3 2310 1,21,30,33,70,77,110,2310
U 13496 330 7 3 2310 1,5,6,30,77,385,462,2310
U 13497 330 7 3 2310 1,6,7,42,55,330,385,2310
U 14230 462 5 3 2310 1,2,3,6,385,770,1155,2310
U 14233 462 5 3 2310 1,2,33,35,66,70,1155,2310
U 14276 462 5 3 2310 1,3,55,70,154,165,210,462
U 14280 462 5 3 2310 1,15,33,42,55,70,154,2310
U 14286 462 5 3 2310 1,10,21,66,154,165,210,385
U 14290 462 5 3 2310 1,6,10,15,154,231,385,2310
U 15412 770 3 3 2310 1,3,14,42,55,165,770,2310
U 15460 770 3 3 2310 1,3,10,30,77,231,770,2310
U 15462 770 3 3 2310 1,10,21,33,77,210,330,770
U 15464 770 3 3 2310 1,6,10,15,77,462,770,1155
U 15466 770 3 3 2310 1,10,42,66,77,105,165,770
U 16335 1155 2 3 2310 1,2,7,11,14,15,22,30,77,105,154,165,210,330,1155,2310
U 16350 1155 2 3 2310 1,3,5,14,15,22,42,66,70,77,110,210,231,330,385,1155
U 9036 34 69 5 2346 1,2,3,6,17,23,34,46,51,69,102,138,391,782,1173,2346
U 17771 2370 1 3 2370 1,2,5,10,237,474,1185,2370
U 3735 6 403 4 2418 1,2,13,26,93,186,1209,2418
U 17789 2418 1 4 2418 1,2,13,26,93,186,1209,2418
U 3780 6 413 3 2478 1,2,3,6,7,14,21,42,59,118,177,354,413,826,1239,2478
U 17839 2478 1 3 2478 1,2,21,42,177,354,413,826
U 5309 10 249 3 2490 1,2,3,5,6,10,15,30,83,166,249,415,498,830,1245,2490
U 17853 2490 1 3 2490 1,2,3,6,415,830,1245,2490
U 17857 2490 1 3 2490 1,3,10,30,166,415,498,1245
U 17861 2490 1 3 2490 1,2,15,30,83,166,1245,2490
U 9037 34 75 7 2550 1,2,3,6,17,25,34,50,51,75,102,150,425,850,1275,2550
U 11590 122 21 5 2562 1,2,3,6,7,14,21,42,61,122,183,366,427,854,1281,2562
U 17939 2622 1 4 2622 1,3,19,46,57,138,874,2622
U 3806 6 445 3 2670 1,2,3,5,6,10,15,30,89,178,267,445,534,890,1335,2670
U 5313 10 267 5 2670 1,2,3,5,6,10,15,30,89,178,267,445,534,890,1335,2670
U 17955 2670 1 3 2670 1,3,5,15,178,534,890,2670
U 17960 2670 1 3 2670 1,2,15,30,89,178,1335,2670
U 8077 22 123 5 2706 1,2,3,6,11,22,33,41,66,82,123,246,451,902,1353,2706
U 17972 2706 1 3 2706 1,3,22,66,82,246,451,1353
U 3812 6 455 3 2730 1,6,7,10,13,15,42,70,78,91,105,130,195,546,910,1365
U 3817 6 455 3 2730 1,2,3,5,6,10,15,30,91,182,273,455,546,910,1365,2730
U 3824 6 455 3 2730 1,3,5,7,15,21,26,35,78,105,130,182,390,546,910,2730
U 3831 6 455 3 2730 1,6,10,14,15,21,26,35,39,65,91,210,390,546,910,1365
U 5324 10 273 5 2730 1,2,3,6,35,65,70,91,105,130,182,195,210,273,390,546
U 5329 10 273 5 2730 1,3,5,7,15,21,26,35,78,105,130,182,390,546,910,2730
U 5335 10 273 5 2730 1,6,7,10,15,26,39,42,65,70,105,182,273,390,455,2730
U 5342 10 273 5 2730 1,3,10,13,14,30,35,39,42,105,130,182,390,455,546,1365
U 7060 15 182 4 2730 1,2,3,5,6,7,10,13,14,15,21,26,30,35,39,42,65,70,78,91,105,130,182,195,210,273,390,455,546,910,1365,2730
U 9326 35 78 5 2730 1,2,3,5,6,7,10,13,14,15,21,26,30,35,39,42,65,70,78,91,105,130,182,195,210,273,390,455,546,910,1365,2730
U 9760 39 70 5 2730 1,2,3,5,6,7,10,13,14,15,21,26,30,35,39,42,65,70,78,91,105,130,182,195,210,273,390,455,546,910,1365,2730
U 12369 210 13 3 2730 1,6,13,70,78,105,910,1365
U 12373 210 13 3 2730 1,2,3,6,455,910,1365,2730
U 12379 210 13 3 2730 1,2,21,42,65,130,1365,2730
U 12430 210 13 3 2730 1,5,6,30,182,273,910,1365
U 12458 210 13 3 2730 1,3,7,21,130,390,910,2730
U 12460 210 13 3 2730 1,7,30,39,130,210,273,910
U 12462 210 13 3 2730 1,7,15,78,105,130,546,910
U 12464 210 13 3 2730 1,6,7,42,130,195,910,1365
U 13892 390 7 3 2730 1,2,7,14,195,390,1365,2730
U 14748 546 5 3 2730 1,5,21,26,105,130,546,2730
U 14772 546 5 3 2730 1,3,5,15,182,546,910,2730
U 14809 546 5 3 2730 1,6,10,15,91,546,910,1365
U 15923 910 3 3 2730 1,2,7,13,14,15,26,30,91,105,182,195,210,390,1365,2730
U 15932 910 3 3 2730 1,2,3,6,35,65,70,91,105,130,182,195,210,273,390,546
U 15939 910 3 3 2730 1,3,7,10,21,26,30,65,70,78,182,195,210,455,546,1365
U 15943 910 3 3 2730 1,6,7,10,15,26,39,42,65,70,105,182,273,390,455,2730
U 15949 910 3 3 2730 1,3,5,13,14,15,39,42,65,70,182,195,210,546,910,2730
U 15951 910 3 3 2730 1,5,6,13,14,21,30,65,70,78,105,182,273,390,910,1365
U 15952 910 3 3 2730 1,6,10,13,14,15,21,35,78,130,182,195,210,273,455,2730
U 16866 1365 2 5 2730 1,3,7,10,13,21,30,39,70,91,130,210,273,390,910,2730
U 16879 1365 2 5 2730 1,3,5,7,15,21,26,35,78,105,130,182,390,546,910,2730
U 5346 10 279 5 2790 1,2,5,9,10,18,31,45,62,90,155,279,310,558,1395,2790
U 17994 2814 1 5 2814 1,2,21,42,67,134,1407,2814
U 3847 6 475 4 2850 1,2,3,6,19,25,38,50,57,75,114,150,475,950,1425,2850
U 3850 6 485 4 2910 1,2,3,5,6,10,15,30,97,194,291,485,582,970,1455,2910
U 18054 2910 1 3 2910 1,3,5,15,194,582,970,2910
U 5349 10 297 6 2970 1,2,5,10,11,22,27,54,55,110,135,270,297,594,1485,2970
U 18092 2982 1 5 2982 1,2,21,42,71,142,1491,2982
U 18117 3045 1 3 3045 1,3,5,7,15,21,29,35,87,105,145,203,435,609,1015,3045
U 18128 3066 1 5 3066 1,2,21,42,73,146,1533,3066
U 18150 3094 1 3 3094 1,2,7,13,14,17,26,34,91,119,182,221,238,442,1547,3094
U 3859 6 535 4 3210 1,2,3,5,6,10,15,30,107,214,321,535,642,1070,1605,3210
U 5355 10 321 4 3210 1,2,3,5,6,10,15,30,107,214,321,535,642,1070,1605,3210
U 18204 3210 1 4 3210 1,2,5,10,321,642,1605,3210
U 18207 3210 1 5 3210 1,3,10,30,214,535,642,1605
U 18215 3210 1 5 3210 1,5,6,30,107,535,642,3210
U 5359 10 333 6 3330 1,2,5,9,10,18,37,45,74,90,185,333,370,666,1665,3330
U 3865 6 565 4 3390 1,2,3,5,6,10,15,30,113,226,339,565,678,1130,1695,3390
U 18261 3390 1 5 3390 1,3,10,30,226,565,678,1695
U 18269 3390 1 4 3390 1,5,6,30,113,565,678,3390
U 3866 6 575 4 3450 1,2,3,6,23,25,46,50,69,75,138,150,575,1150,1725,3450
U 3885 6 595 5 3570 1,3,5,7,15,21,34,35,102,105,170,238,510,714,1190,3570
U 3887 6 595 5 3570 1,3,7,10,21,30,34,70,85,102,210,238,255,595,714,1785
U 3890 6 595 5 3570 1,5,6,14,21,30,34,51,70,105,119,170,255,595,714,3570
U 3892 6 595 5 3570 1,6,10,14,15,21,34,35,51,85,119,210,510,714,1190,1785
U 3895 6 595 5 3570 1,2,5,10,17,21,34,42,85,105,170,210,357,714,1785,3570
U 3896 6 595 5 3570 1,2,15,17,21,30,34,35,42,70,255,357,510,595,714,1190
U 6273 14 255 3 3570 1,2,3,5,6,7,10,14,15,17,21,30,34,35,42,51,70,85,102,105,119,170,210,238,255,357,510,595,714,1190,1785,3570
U 7064 15 238 5 3570 1,2,3,5,6,7,10,14,15,17,21,30,34,35,42,51,70,85,102,105,119,170,210,238,255,357,510,595,714,1190,1785,3570
U 9042 34 105 4 3570 1,2,3,5,6,7,10,14,15,17,21,30,34,35,42,51,70,85,102,105,119,170,210,238,255,357,510,595,714,1190,1785,3570
U 15241 714 5 3 3570 1,2,3,5,6,10,15,30,119,238,357,595,714,1190,1785,3570
U 15244 714 5 3 3570 1,2,5,7,10,14,35,51,70,102,255,357,510,714,1785,3570
U 15246 714 5 3 3570 1,2,7,14,15,30,51,85,102,105,170,210,357,595,714,1190
U 15250 714 5 3 3570 1,3,7,10,21,30,34,70,85,102,210,238,255,595,714,1785
U 15253 714 5 3 3570 1,5,6,14,21,30,34,51,70,105,119,170,255,595,714,3570
U 15255 714 5 3 3570 1,6,10,14,15,21,34,35,51,85,119,210,510,714,1190,1785
U 15260 714 5 3 3570 1,3,5,14,15,17,42,51,70,85,210,238,255,714,1190,3570
U 15261 714 5 3 3570 1,3,10,14,17,30,35,42,51,105,170,238,510,595,714,1785
U 16420 1190 3 3 3570 1,3,7,10,17,21,30,51,70,119,170,210,357,510,1190,3570
U 16421 1190 3 3 3570 1,6,7,10,15,17,42,70,102,105,119,170,255,714,1190,1785
U 16427 1190 3 3 3570 1,2,3,6,7,14,21,42,85,170,255,510,595,1190,1785,3570
U 16431 1190 3 3 3570 1,2,7,14,15,30,51,85,102,105,170,210,357,595,714,1190
U 16433 1190 3 3 3570 1,3,5,7,15,21,34,35,102,105,170,238,510,714,1190,3570
U 16437 1190 3 3 3570 1,5,6,7,30,34,35,42,51,170,210,238,255,357,1190,1785
U 17380 1785 2 3 3570 1,2,3,5,6,7,10,14,15,17,21,30,34,35,42,51,70,85,102,105,119,170,210,238,255,357,510,595,714,1190,1785,3570
U 3902 6 605 4 3630 1,2,3,5,6,10,15,30,121,242,363,605,726,1210,1815,3630
U 3904 6 623 4 3738 1,2,3,6,7,14,21,42,89,178,267,534,623,1246,1869,3738
U 18281 3770 1 3 3770 1,2,5,10,13,26,29,58,65,130,145,290,377,754,1885,3770
U 3908 6 649 3 3894 1,2,3,6,11,22,33,59,66,118,177,354,649,1298,1947,3894
U 3909 6 655 5 3930 1,2,3,5,6,10,15,30,131,262,393,655,786,1310,1965,3930
U 3912 6 665 5 3990 1,3,7,10,19,21,30,57,70,133,190,210,399,570,1330,3990
U 3919 6 665 5 3990 1,2,3,6,7,14,21,42,95,190,285,570,665,1330,1995,3990
U 5366 10 399 3 3990 1,2,3,5,6,7,10,14,15,19,21,30,35,38,42,57,70,95,105,114,133,190,210,266,285,399,570,665,798,1330,1995,3990
U 6274 14 285 4 3990 1,2,3,5,6,7,10,14,15,19,21,30,35,38,42,57,70,95,105,114,133,190,210,266,285,399,570,665,798,1330,1995,3990
U 9548 38 105 5 3990 1,2,3,5,6,7,10,14,15,19,21,30,35,38,42,57,70,95,105,114,133,190,210,266,285,399,570,665,798,1330,1995,3990
U 12740 210 19 3 3990 1,3,19,57,70,210,1330,3990
U 12792 210 19 3 3990 1,3,5,15,266,798,1330,3990
U 15600 798 5 3 3990 1,3,7,10,19,21,30,57,70,133,190,210,399,570,1330,3990
U 15606 798 5 3 3990 1,2,3,5,6,10,15,30,133,266,399,665,798,1330,1995,3990
U 15607 798 5 3 3990 1,2,3,6,7,14,21,42,95,190,285,570,665,1330,1995,3990
U 15613 798 5 3 3990 1,3,5,7,15,21,35,38,105,114,190,266,570,798,1330,3990
U 15616 798 5 3 3990 1,3,10,14,30,35,38,42,95,105,114,133,285,399,1330,3990
U 16824 1330 3 5 3990 1,2,3,5,6,10,15,30,133,266,399,665,798,1330,1995,3990
U 16840 1330 3 5 3990 1,2,3,6,19,35,38,57,70,105,114,210,665,1330,1995,3990
U 18296 4130 1 3 4130 1,2,5,7,10,14,35,59,70,118,295,413,590,826,2065,4130
U 18299 4182 1 3 4182 1,2,3,6,17,34,41,51,82,102,123,246,697,1394,2091,4182
U 5370 10 429 4 4290 1,2,3,5,6,10,11,13,15,22,26,30,33,39,55,65,66,78,110,130,143,165,195,286,330,390,429,715,858,1430,2145,4290
U 8084 22 195 5 4290 1,2,3,5,6,10,11,13,15,22,26,30,33,39,55,65,66,78,110,130,143,165,195,286,330,390,429,715,858,1430,2145,4290
U 8469 26 165 5 4290 1,2,3,5,6,10,11,13,15,22,26,30,33,39,55,65,66,78,110,130,143,165,195,286,330,390,429,715,858,1430,2145,4290
U 13972 390 11 3 4290 1,2,11,13,15,22,26,30,143,165,195,286,330,390,2145,4290
U 13977 390 11 3 4290 1,5,6,11,13,30,55,65,66,78,143,330,390,715,858,4290
U 13979 390 11 3 4290 1,2,3,5,6,10,15,30,143,286,429,715,858,1430,2145,4290
U 13980 390 11 3 4290 1,2,3,6,11,22,33,65,66,130,195,390,715,1430,2145,4290
U 13982 390 11 3 4290 1,2,5,10,11,22,39,55,78,110,195,390,429,858,2145,4290
U 13991 390 11 3 4290 1,5,6,22,26,30,33,39,110,130,143,165,195,715,858,4290
U 13995 390 11 3 4290 1,2,3,6,13,26,39,55,78,110,165,330,715,1430,2145,4290
U 13998 390 11 3 4290 1,3,5,13,15,22,39,65,66,110,195,286,330,858,1430,4290
U 14001 390 11 3 4290 1,6,10,13,15,22,33,55,78,130,195,286,330,429,715,4290
U 15710 858 5 3 4290 1,2,3,5,6,10,15,30,143,286,429,715,858,1430,2145,4290
U 15723 858 5 3 4290 1,6,10,11,15,26,39,65,66,110,165,286,390,429,715,4290
U 15732 858 5 3 4290 1,6,10,13,15,22,33,55,78,130,195,286,330,429,715,4290
U 3954 6 725 6 4350 1,2,3,6,25,29,50,58,75,87,150,174,725,1450,2175,4350
U 18308 4386 1 3 4386 1,2,3,6,17,34,43,51,86,102,129,258,731,1462,2193,4386
U 18309 4422 1 3 4422 1,2,3,6,11,22,33,66,67,134,201,402,737,1474,2211,4422
U 3957 6 745 5 4470 1,2,3,5,6,10,15,30,149,298,447,745,894,1490,2235,4470
U 18311 4470 1 3 4470 1,2,3,5,6,10,15,30,149,298,447,745,894,1490,2235,4470
U 18313 4510 1 4 4510 1,2,5,10,11,22,41,55,82,110,205,410,451,902,2255,4510
U 3969 6 803 5 4818 1,2,3,6,11,22,33,66,73,146,219,438,803,1606,2409,4818
U 3970 6 805 4 4830 1,2,3,5,6,7,10,14,15,21,23,30,35,42,46,69,70,105,115,138,161,210,230,322,345,483,690,805,966,1610,2415,4830
U 5372 10 483 5 4830 1,2,3,5,6,7,10,14,15,21,23,30,35,42,46,69,70,105,115,138,161,210,230,322,345,483,690,805,966,1610,2415,4830
U 6275 14 345 5 4830 1,2,3,5,6,7,10,14,15,21,23,30,35,42,46,69,70,105,115,138,161,210,230,322,345,483,690,805,966,1610,2415,4830
U 12894 210 23 3 4830 1,2,7,14,15,23,30,46,105,161,210,322,345,690,2415,4830
U 12899 210 23 3 4830 1,5,6,7,23,30,35,42,115,138,161,210,690,805,966,4830
U 12901 210 23 3 4830 1,2,3,5,6,10,15,30,161,322,483,805,966,1610,2415,4830
U 12902 210 23 3 4830 1,2,3,6,7,14,21,42,115,230,345,690,805,1610,2415,4830
U 12905 210 23 3 4830 1,2,5,10,21,42,69,105,138,161,210,322,345,690,805,1610
U 12919 210 23 3 4830 1,2,15,21,23,30,35,42,46,70,345,483,690,805,966,1610
U 15144 690 7 3 4830 1,3,7,10,21,30,46,70,115,138,210,322,345,805,966,2415
U 15151 690 7 3 4830 1,2,3,6,23,35,46,69,70,105,138,210,805,1610,2415,4830
U 15157 690 7 3 4830 1,6,10,14,15,21,23,35,138,210,230,322,345,483,805,4830
U 16132 966 5 3 4830 1,5,6,14,21,30,46,69,70,105,161,230,345,805,966,4830
U 16138 966 5 3 4830 1,2,15,21,23,30,35,42,46,70,345,483,690,805,966,1610
U 17259 1610 3 3 4830 1,2,3,5,6,7,10,14,15,21,23,30,35,42,46,69,70,105,115,138,161,210,230,322,345,483,690,805,966,1610,2415,4830
U 3977 6 935 4 5610 1,2,3,5,6,10,11,15,17,22,30,33,34,51,55,66,85,102,110,165,170,187,255,330,374,510,561,935,1122,1870,2805,5610
U 13578 330 17 3 5610 1,2,5,10,11,22,51,55,102,110,255,510,561,1122,2805,5610
U 14547 510 11 3 5610 1,2,3,5,6,10,15,30,187,374,561,935,1122,1870,2805,5610
U 14564 510 11 3 5610 1,2,5,10,17,33,34,66,85,165,170,330,561,1122,2805,5610
U 16251 1122 5 5 5610 1,2,11,15,17,22,30,34,165,187,255,330,374,510,2805,5610
U 16274 1122 5 5 5610 1,2,3,6,17,34,51,55,102,110,165,330,935,1870,2805,5610
U 17483 1870 3 3 5610 1,2,3,5,6,10,11,15,17,22,30,33,34,51,55,66,85,102,110,165,170,187,255,330,374,510,561,935,1122,1870,2805,5610
U 14387 462 13 3 6006 1,2,7,11,14,22,39,77,78,154,273,429,546,858,3003,6006
U 14394 462 13 3 6006 1,3,14,22,26,42,66,77,78,91,143,231,273,429,2002,6006
U 18364 6042 1 5 6042 1,2,3,6,19,38,53,57,106,114,159,318,1007,2014,3021,6042
U 3979 6 1015 4 6090 1,2,3,5,6,7,10,14,15,21,29,30,35,42,58,70,87,105,145,174,203,210,290,406,435,609,870,1015,1218,2030,3045,6090
U 5374 10 609 5 6090 1,2,3,5,6,7,10,14,15,21,29,30,35,42,58,70,87,105,145,174,203,210,290,406,435,609,870,1015,1218,2030,3045,6090
U 12931 210 29 3 6090 1,5,6,7,29,30,35,42,145,174,203,210,870,1015,1218,6090
U 12936 210 29 3 6090 1,2,5,7,10,14,35,70,87,174,435,609,870,1218,3045,6090
U 12950 210 29 3 6090 1,2,5,10,21,29,42,58,105,145,210,290,609,1218,3045,6090
U 15842 870 7 5 6090 1,2,3,5,6,10,15,30,203,406,609,1015,1218,2030,3045,6090
U 15859 870 7 4 6090 1,2,5,10,21,29,42,58,105,145,210,290,609,1218,3045,6090
U 15861 870 7 5 6090 1,3,5,14,15,29,42,70,87,145,210,406,435,1218,2030,6090
U 17601 2030 3 3 6090 1,2,3,5,6,7,10,14,15,21,29,30,35,42,58,70,87,105,145,174,203,210,290,406,435,609,870,1015,1218,2030,3045,6090
U 3980 6 1045 5 6270 1,2,3,5,6,10,11,15,19,22,30,33,38,55,57,66,95,110,114,165,190,209,285,330,418,570,627,1045,1254,2090,3135,6270
U 5375 10 627 6 6270 1,2,3,5,6,10,11,15,19,22,30,33,38,55,57,66,95,110,114,165,190,209,285,330,418,570,627,1045,1254,2090,3135,6270
U 13608 330 19 3 6270 1,2,3,6,11,22,33,66,95,190,285,570,1045,2090,3135,6270
U 13614 330 19 3 6270 1,3,5,11,15,33,38,55,114,165,190,418,570,1254,2090,6270
U 13629 330 19 3 6270 1,6,10,15,19,22,33,55,114,190,285,330,418,627,1045,6270
U 15012 570 11 5 6270 1,2,11,15,19,22,30,38,165,209,285,330,418,570,3135,6270
U 15019 570 11 5 6270 1,2,3,5,6,10,15,30,209,418,627,1045,1254,2090,3135,6270
U 15031 570 11 5 6270 1,5,6,22,30,33,38,57,110,165,190,209,285,1045,1254,6270
U 15032 570 11 5 6270 1,6,10,11,15,38,57,66,95,110,165,418,570,627,1045,6270
U 15038 570 11 5 6270 1,3,5,15,19,22,57,66,95,110,285,330,418,1254,2090,6270
U 15041 570 11 4 6270 1,6,10,15,19,22,33,55,114,190,285,330,418,627,1045,6270
U 17635 2090 3 4 6270 1,2,3,5,6,10,11,15,19,22,30,33,38,55,57,66,95,110,114,165,190,209,285,330,418,570,627,1045,1254,2090,3135,6270
U 3981 6 1085 5 6510 1,2,3,5,6,7,10,14,15,21,30,31,35,42,62,70,93,105,155,186,210,217,310,434,465,651,930,1085,1302,2170,3255,6510
U 12959 210 31 3 6510 1,3,7,10,21,30,31,70,93,210,217,310,651,930,2170,6510
U 16027 930 7 5 6510 1,3,7,10,21,30,31,70,93,210,217,310,651,930,2170,6510
U 3982 6 1105 4 6630 1,2,3,5,6,10,13,15,17,26,30,34,39,51,65,78,85,102,130,170,195,221,255,390,442,510,663,1105,1326,2210,3315,6630
U 14004 390 17 5 6630 1,2,13,15,17,26,30,34,195,221,255,390,442,510,3315,6630
U 14009 390 17 5 6630 1,5,6,13,17,30,65,78,85,102,221,390,510,1105,1326,6630
U 14024 390 17 5 6630 1,6,10,13,15,34,51,78,85,130,195,442,510,663,1105,6630
U 14027 390 17 5 6630 1,2,3,6,17,34,51,65,102,130,195,390,1105,2210,3315,6630
U 14033 390 17 5 6630 1,6,10,15,17,26,39,65,102,170,255,390,442,663,1105,6630
U 14579 510 13 5 6630 1,2,3,5,6,10,15,30,221,442,663,1105,1326,2210,3315,6630
U 16763 1326 5 3 6630 1,2,3,5,6,10,13,15,17,26,30,34,39,51,65,78,85,102,130,170,195,221,255,390,442,510,663,1105,1326,2210,3315,6630
U 15528 770 9 4 6930 1,2,5,7,9,10,11,14,18,22,35,45,55,63,70,77,90,99,110,126,154,198,315,385,495,630,693,770,990,1386,3465,6930
U 3983 6 1235 5 7410 1,2,3,5,6,10,13,15,19,26,30,38,39,57,65,78,95,114,130,190,195,247,285,390,494,570,741,1235,1482,2470,3705,7410
U 17084 1482 5 3 7410 1,2,3,5,6,10,13,15,19,26,30,38,39,57,65,78,95,114,130,190,195,247,285,390,494,570,741,1235,1482,2470,3705,7410
U 3984 6 1265 6 7590 1,2,3,5,6,10,11,15,22,23,30,33,46,55,66,69,110,115,138,165,230,253,330,345,506,690,759,1265,1518,2530,3795,7590
U 13658 330 23 5 7590 1,3,5,15,22,23,66,69,110,115,330,345,506,1518,2530,7590
U 3985 6 1295 5 7770 1,2,3,5,6,7,10,14,15,21,30,35,37,42,70,74,105,111,185,210,222,259,370,518,555,777,1110,1295,1554,2590,3885,7770
U 17190 1554 5 3 7770 1,2,3,5,6,7,10,14,15,21,30,35,37,42,70,74,105,111,185,210,222,259,370,518,555,777,1110,1295,1554,2590,3885,7770
U 15954 910 9 5 8190 1,2,5,7,9,10,13,14,18,26,35,45,63,65,70,90,91,117,126,130,182,234,315,455,585,630,819,910,1170,1638,4095,8190
U 17311 1722 5 3 8610 1,2,3,5,6,7,10,14,15,21,30,35,41,42,70,82,105,123,205,210,246,287,410,574,615,861,1230,1435,1722,2870,4305,8610
U 18032 2870 3 5 8610 1,2,3,5,6,7,10,14,15,21,30,35,41,42,70,82,105,123,205,210,246,287,410,574,615,861,1230,1435,1722,2870,4305,8610
U 15630 798 11 3 8778 1,2,3,6,7,11,14,19,21,22,33,38,42,57,66,77,114,133,154,209,231,266,399,418,462,627,798,1254,1463,2926,4389,8778
U 15160 690 13 3 8970 1,2,3,5,6,10,13,15,23,26,30,39,46,65,69,78,115,130,138,195,230,299,345,390,598,690,897,1495,1794,2990,4485,8970
U 17397 1794 5 5 8970 1,2,3,5,6,10,13,15,23,26,30,39,46,65,69,78,115,130,138,195,230,299,345,390,598,690,897,1495,1794,2990,4485,8970
U 16659 1290 7 4 9030 1,2,3,5,6,7,10,14,15,21,30,35,42,43,70,86,105,129,210,215,258,301,430,602,645,903,1290,1505,1806,3010,4515,9030
U 15866 870 11 4 9570 1,2,3,5,6,10,11,15,22,29,30,33,55,58,66,87,110,145,165,174,290,319,330,435,638,870,957,1595,1914,3190,4785,9570
U 17500 1914 5 4 9570 1,2,3,5,6,10,11,15,22,29,30,33,55,58,66,87,110,145,165,174,290,319,330,435,638,870,957,1595,1914,3190,4785,9570
U 14603 510 19 4 9690 1,2,3,5,6,10,15,17,19,30,34,38,51,57,85,95,102,114,170,190,255,285,323,510,570,646,969,1615,1938,3230,4845,9690
U 17517 1938 5 5 9690 1,2,3,5,6,10,15,17,19,30,34,38,51,57,85,95,102,114,170,190,255,285,323,510,570,646,969,1615,1938,3230,4845,9690
U 13664 330 31 3 10230 1,2,3,5,6,10,11,15,22,30,31,33,55,62,66,93,110,155,165,186,310,330,341,465,682,930,1023,1705,2046,3410,5115,10230
U 16057 930 11 3 10230 1,2,3,5,6,10,11,15,22,30,31,33,55,62,66,93,110,155,165,186,310,330,341,465,682,930,1023,1705,2046,3410,5115,10230
U 16144 966 11 5 10626 1,2,3,6,7,11,14,21,22,23,33,42,46,66,69,77,138,154,161,231,253,322,462,483,506,759,966,1518,1771,3542,5313,10626
U 13024 210 53 3 11130 1,2,3,5,6,7,10,14,15,21,30,35,42,53,70,105,106,159,210,265,318,371,530,742,795,1113,1590,1855,2226,3710,5565,11130
U 17242 1590 7 5 11130 1,2,3,5,6,7,10,14,15,21,30,35,42,53,70,105,106,159,210,265,318,371,530,742,795,1113,1590,1855,2226,3710,5565,11130
U 14411 462 25 6 11550 1,2,3,6,7,11,14,21,22,25,33,42,50,66,75,77,150,154,175,231,275,350,462,525,550,825,1050,1650,1925,3850,5775,11550
U 14069 390 31 3 12090 1,2,3,5,6,10,13,15,26,30,31,39,62,65,78,93,130,155,186,195,310,390,403,465,806,930,1209,2015,2418,4030,6045,12090
U 16058 930 13 4 12090 1,2,3,5,6,10,13,15,26,30,31,39,62,65,78,93,130,155,186,195,310,390,403,465,806,930,1209,2015,2418,4030,6045,12090
U 16145 966 13 5 12558 1,2,3,6,7,13,14,21,23,26,39,42,46,69,78,91,138,161,182,273,299,322,483,546,598,897,966,1794,2093,4186,6279,12558
U 15162 690 19 5 13110 1,2,3,5,6,10,15,19,23,30,38,46,57,69,95,114,115,138,190,230,285,345,437,570,690,874,1311,2185,2622,4370,6555,13110
U 14605 510 29 5 14790 1,2,3,5,6,10,15,17,29,30,34,51,58,85,87,102,145,170,174,255,290,435,493,510,870,986,1479,2465,2958,4930,7395,14790
U 13029 210 73 4 15330 1,2,3,5,6,7,10,14,15,21,30,35,42,70,73,105,146,210,219,365,438,511,730,1022,1095,1533,2190,2555,3066,5110,7665,15330
