1 90 3 1,2,9,18 5 13 [1,-8,59,-224,767,-1352,2197]
6 23 3 1,23 2 5 [1,-4,19,-40,95,-100,125]
6 23 3 1,23 6 5 [1,4,19,40,95,100,125]
6 65 3 1,15,78,130 2 17 [1,16,135,688,2295,4624,4913]
6 65 3 1,15,78,130 2 19 [1,-10,89,-412,1691,-3610,6859]
26 15 3 1,26,30,195 5 17 [1,8,71,288,1207,2312,4913]
6 77 3 1,6,22,33 7 5 [1,-4,19,-40,95,-100,125]
6 77 3 1,6,22,33 14 5 [1,4,19,40,95,100,125]
14 33 3 1,2,3,6,11,22,33,66 7 17 [1,8,71,288,1207,2312,4913]
22 21 3 1,14,33,462 2 5 [1,-4,19,-40,95,-100,125]
22 21 3 1,14,33,462 3 5 [1,4,19,40,95,100,125]
22 21 3 1,14,33,462 6 13 [1,8,59,224,767,1352,2197]
33 14 3 1,6,154,231 7 5 [1,-4,19,-40,95,-100,125]
33 14 3 1,6,154,231 11 5 [1,4,19,40,95,100,125]
6 85 3 1,30,51,170 2 13 [1,8,59,224,767,1352,2197]
10 51 3 1,2,85,170 15 13 [1,-8,59,-224,767,-1352,2197]
10 57 3 1,3,38,114 5 11 [1,10,65,252,715,1210,1331]
10 57 3 1,3,38,114 5 17 [1,8,71,288,1207,2312,4913]
15 38 3 1,6,10,15,38,57,95,570 2 13 [1,14,101,448,1313,2366,2197]
22 27 4 1,2,297,594 11 5 [1,6,28,90,230,450,700,750,625]
14 45 3 1,2,7,14,45,90,315,630 5 13 [1,-8,59,-224,767,-1352,2197]
14 45 3 1,5,7,18,35,90,126,630 2 13 [1,-8,59,-224,767,-1352,2197]
690 1 3 1,3,23,69 10 11 [1,10,65,252,715,1210,1331]
690 1 3 1,15,23,345 2 17 [1,8,71,288,1207,2312,4913]
10 99 3 1,9,10,11,90,99,110,990 2 13 [1,4,43,104,559,676,2197]
6 175 3 1,3,7,21,50,150,350,1050 2 19 [1,-10,89,-412,1691,-3610,6859]
6 193 3 1,2,579,1158 3 19 [1,-10,88,-410,1672,-3610,6859]
6 205 3 1,3,5,15,82,246,410,1230 2 13 [1,8,59,224,767,1352,2197]
1290 1 3 1,3,430,1290 5 23 [1,-14,133,-740,3059,-7406,12167]
6 217 3 1,3,7,21,31,93,217,651 2 23 [1,10,101,492,2323,5290,12167]
14 93 3 1,2,21,42,93,186,217,434 3 13 [1,8,59,224,767,1352,2197]
34 39 4 1,6,13,17,78,102,221,1326 2 5 [1,6,28,90,230,450,700,750,625]
6 229 4 1,6,229,1374 2 5 [1,6,29,90,235,450,725,750,625]
1518 1 3 1,3,11,33,46,138,506,1518 2 5 [1,0,10,-4,50,0,125]
6 319 4 1,6,22,33,58,87,319,1914 2 5 [1,6,29,90,240,450,725,750,625]
2226 1 3 1,6,14,21,106,159,371,2226 2 13 [1,8,59,224,767,1352,2197]
