XCHECK 1 90 W=1,2,9,18 w5 p=13 ES=[1,-8,59,-224,767,-1352,2197] expected=[1,-8,59,-224,767,-1352,2197] match=true
XCHECK 6 23 W=1,23 w2 p=5 ES=[1,-4,19,-40,95,-100,125] expected=[1,-4,19,-40,95,-100,125] match=true
XCHECK 6 23 W=1,23 w6 p=5 ES=[1,4,19,40,95,100,125] expected=[1,4,19,40,95,100,125] match=true
XCHECK 6 65 W=1,15,78,130 w2 p=17 ES=[1,16,135,688,2295,4624,4913] expected=[1,16,135,688,2295,4624,4913] match=true
XCHECK 6 65 W=1,15,78,130 w2 p=19 ES=[1,-10,89,-412,1691,-3610,6859] expected=[1,-10,89,-412,1691,-3610,6859] match=true
XCHECK 26 15 W=1,26,30,195 w5 p=17 ES=[1,8,71,288,1207,2312,4913] expected=[1,8,71,288,1207,2312,4913] match=true
XCHECK 6 77 W=1,6,22,33 w7 p=5 ES=[1,-4,19,-40,95,-100,125] expected=[1,-4,19,-40,95,-100,125] match=true
XCHECK 6 77 W=1,6,22,33 w14 p=5 ES=[1,4,19,40,95,100,125] expected=[1,4,19,40,95,100,125] match=true
XCHECK 14 33 W=1,2,3,6,11,22,33,66 w7 p=17 ES=[1,8,71,288,1207,2312,4913] expected=[1,8,71,288,1207,2312,4913] match=true
XCHECK 22 21 W=1,14,33,462 w2 p=5 ES=[1,-4,19,-40,95,-100,125] expected=[1,-4,19,-40,95,-100,125] match=true
XCHECK 22 21 W=1,14,33,462 w3 p=5 ES=[1,4,19,40,95,100,125] expected=[1,4,19,40,95,100,125] match=true
XCHECK 22 21 W=1,14,33,462 w6 p=13 ES=[1,8,59,224,767,1352,2197] expected=[1,8,59,224,767,1352,2197] match=true
XCHECK 33 14 W=1,6,154,231 w7 p=5 ES=[1,-4,19,-40,95,-100,125] expected=[1,-4,19,-40,95,-100,125] match=true
XCHECK 33 14 W=1,6,154,231 w11 p=5 ES=[1,4,19,40,95,100,125] expected=[1,4,19,40,95,100,125] match=true
XCHECK 6 85 W=1,30,51,170 w2 p=13 ES=[1,8,59,224,767,1352,2197] expected=[1,8,59,224,767,1352,2197] match=true
XCHECK 10 51 W=1,2,85,170 w15 p=13 ES=[1,-8,59,-224,767,-1352,2197] expected=[1,-8,59,-224,767,-1352,2197] match=true
XCHECK 10 57 W=1,3,38,114 w5 p=11 ES=[1,10,65,252,715,1210,1331] expected=[1,10,65,252,715,1210,1331] match=true
XCHECK 10 57 W=1,3,38,114 w5 p=17 ES=[1,8,71,288,1207,2312,4913] expected=[1,8,71,288,1207,2312,4913] match=true
XCHECK 15 38 W=1,6,10,15,38,57,95,570 w2 p=13 ES=[1,14,101,448,1313,2366,2197] expected=[1,14,101,448,1313,2366,2197] match=true
XCHECK 22 27 W=1,2,297,594 w11 p=5 ES=[1,6,28,90,230,450,700,750,625] expected=[1,6,28,90,230,450,700,750,625] match=true
XCHECK 14 45 W=1,2,7,14,45,90,315,630 w5 p=13 ES=[1,-8,59,-224,767,-1352,2197] expected=[1,-8,59,-224,767,-1352,2197] match=true
XCHECK 14 45 W=1,5,7,18,35,90,126,630 w2 p=13 ES=[1,-8,59,-224,767,-1352,2197] expected=[1,-8,59,-224,767,-1352,2197] match=true
XCHECK 690 1 W=1,3,23,69 w10 p=11 ES=[1,10,65,252,715,1210,1331] expected=[1,10,65,252,715,1210,1331] match=true
XCHECK 690 1 W=1,15,23,345 w2 p=17 ES=[1,8,71,288,1207,2312,4913] expected=[1,8,71,288,1207,2312,4913] match=true
XCHECK 10 99 W=1,9,10,11,90,99,110,990 w2 p=13 ES=[1,4,43,104,559,676,2197] expected=[1,4,43,104,559,676,2197] match=true
XCHECK 6 175 W=1,3,7,21,50,150,350,1050 w2 p=19 ES=[1,-10,89,-412,1691,-3610,6859] expected=[1,-10,89,-412,1691,-3610,6859] match=true
XCHECK 6 193 W=1,2,579,1158 w3 p=19 ES=[1,-10,88,-410,1672,-3610,6859] expected=[1,-10,88,-410,1672,-3610,6859] match=true
XCHECK 6 205 W=1,3,5,15,82,246,410,1230 w2 p=13 ES=[1,8,59,224,767,1352,2197] expected=[1,8,59,224,767,1352,2197] match=true
XCHECK 1290 1 W=1,3,430,1290 w5 p=23 ES=[1,-14,133,-740,3059,-7406,12167] expected=[1,-14,133,-740,3059,-7406,12167] match=true
XCHECK 6 217 W=1,3,7,21,31,93,217,651 w2 p=23 ES=[1,10,101,492,2323,5290,12167] expected=[1,10,101,492,2323,5290,12167] match=true
XCHECK 14 93 W=1,2,21,42,93,186,217,434 w3 p=13 ES=[1,8,59,224,767,1352,2197] expected=[1,8,59,224,767,1352,2197] match=true
XCHECK 34 39 W=1,6,13,17,78,102,221,1326 w2 p=5 ES=[1,6,28,90,230,450,700,750,625] expected=[1,6,28,90,230,450,700,750,625] match=true
XCHECK 6 229 W=1,6,229,1374 w2 p=5 ES=[1,6,29,90,235,450,725,750,625] expected=[1,6,29,90,235,450,725,750,625] match=true
XCHECK 1518 1 W=1,3,11,33,46,138,506,1518 w2 p=5 ES=[1,0,10,-4,50,0,125] expected=[1,0,10,-4,50,0,125] match=true
XCHECK 6 319 W=1,6,22,33,58,87,319,1914 w2 p=5 ES=[1,6,29,90,240,450,725,750,625] expected=[1,6,29,90,240,450,725,750,625] match=true
XCHECK 2226 1 W=1,6,14,21,106,159,371,2226 w2 p=13 ES=[1,8,59,224,767,1352,2197] expected=[1,8,59,224,767,1352,2197] match=true
