[ PowerSequence(IntegerRing()) |
\[ -18, 43, -14, 0, 10, -20 ],
\[ -18, 45, -16, 0, 12, -22 ],
\[ -17, 42, -16, -3, 17, -22 ],
\[ -15, 34, -8, -1, 13, -22 ],
\[ -15, 36, -12, -1, 11, -18 ],
\[ -15, 38, -14, -1, 13, -20 ],
\[ -15, 40, -16, -1, 15, -22 ],
\[ -14, 33, -10, -4, 20, -24 ],
\[ -14, 34, -11, 4, 9, -21 ],
\[ -14, 35, -12, -4, 22, -26 ],
\[ -13, 32, -12, -7, 27, -26 ],
\[ -13, 32, -8, 1, 11, -22 ],
\[ -13, 33, -13, 1, 16, -23 ],
\[ -13, 34, -12, 1, 9, -18 ],
\[ -13, 36, -14, 1, 11, -20 ],
\[ -12, 27, -6, -2, 14, -20 ],
\[ -12, 29, -10, -2, 12, -16 ],
\[ -12, 29, -8, -2, 16, -22 ],
\[ -12, 31, -12, -2, 14, -18 ],
\[ -12, 31, -10, -2, 18, -24 ],
\[ -11, 24, -4, -5, 23, -26 ],
\[ -11, 25, -5, 3, 12, -23 ],
\[ -11, 26, -8, -5, 21, -22 ],
\[ -11, 27, -9, 3, 10, -19 ],
\[ -11, 28, -10, -5, 23, -24 ],
\[ -11, 29, -11, 3, 12, -21 ],
\[ -11, 30, -12, -5, 25, -26 ],
\[ -11, 34, -14, 3, 9, -20 ],
\[ -10, 19, 2, 0, 10, -20 ],
\[ -10, 21, -2, 0, 8, -16 ],
\[ -10, 21, 0, 0, 12, -22 ],
\[ -10, 23, -6, -8, 30, -28 ],
\[ -10, 23, -6, 0, 6, -12 ],
\[ -10, 23, -6, 8, 6, -20 ],
\[ -10, 23, -4, 0, 10, -18 ],
\[ -10, 24, -7, 0, 19, -25 ],
\[ -10, 25, -8, -8, 32, -30 ],
\[ -10, 25, -8, 0, 8, -14 ],
\[ -10, 25, -8, 8, 8, -22 ],
\[ -10, 25, -6, 0, 12, -20 ],
\[ -10, 27, -10, 0, 10, -16 ],
\[ -10, 27, -8, 0, 14, -22 ],
\[ -10, 29, -10, 0, 16, -24 ],
\[ -10, 32, -11, 0, 11, -21 ],
\[ -9, 18, 0, -3, 17, -22 ],
\[ -9, 20, -4, -3, 15, -18 ],
\[ -9, 20, -2, -3, 19, -24 ],
\[ -9, 21, -3, 5, 8, -21 ],
\[ -9, 22, -8, -11, 37, -30 ],
\[ -9, 22, -8, -3, 13, -14 ],
\[ -9, 22, -8, 5, 13, -22 ],
\[ -9, 22, -6, -3, 17, -20 ],
\[ -9, 22, -4, -3, 21, -26 ],
\[ -9, 23, -9, -3, 26, -27 ],
\[ -9, 23, -7, 5, 6, -17 ],
\[ -9, 24, -8, -3, 19, -22 ],
\[ -9, 25, -9, 5, 8, -19 ],
\[ -9, 26, -10, -3, 21, -24 ],
\[ -9, 27, -11, 5, 10, -21 ],
\[ -9, 31, -13, -3, 18, -23 ],
\[ -8, 17, -2, -6, 24, -24 ],
\[ -8, 18, -3, 2, 13, -21 ],
\[ -8, 19, -6, -6, 22, -20 ],
\[ -8, 19, -4, -6, 26, -26 ],
\[ -8, 20, -7, 2, 11, -17 ],
\[ -8, 20, -5, 2, 15, -23 ],
\[ -8, 21, -8, -6, 24, -22 ],
\[ -8, 21, -6, -6, 28, -28 ],
\[ -8, 21, -4, 2, 8, -18 ],
\[ -8, 22, -7, 2, 17, -25 ],
\[ -8, 23, -8, 2, 6, -14 ],
\[ -8, 23, -6, 2, 10, -20 ],
\[ -8, 25, -10, 2, 8, -16 ],
\[ -8, 25, -8, 2, 12, -22 ],
\[ -7, 10, 8, -1, 13, -22 ],
\[ -7, 12, 4, -1, 11, -18 ],
\[ -7, 14, 0, -9, 33, -30 ],
\[ -7, 14, 0, -1, 9, -14 ],
\[ -7, 14, 0, 7, 9, -22 ],
\[ -7, 14, 2, -1, 13, -20 ],
\[ -7, 15, -1, -1, 22, -27 ],
\[ -7, 16, -4, -9, 31, -26 ],
\[ -7, 16, -4, -1, 7, -10 ],
\[ -7, 16, -4, 7, 7, -18 ],
\[ -7, 16, -2, -1, 11, -16 ],
\[ -7, 16, 0, -1, 15, -22 ],
\[ -7, 17, -5, -1, 20, -23 ],
\[ -7, 18, -6, -9, 33, -28 ],
\[ -7, 18, -6, -1, 9, -12 ],
\[ -7, 18, -6, 7, 9, -20 ],
\[ -7, 18, -4, -1, 13, -18 ],
\[ -7, 18, -2, -1, 17, -24 ],
\[ -7, 19, -7, -1, 22, -25 ],
\[ -7, 20, -8, -9, 35, -30 ],
\[ -7, 20, -8, -1, 11, -14 ],
\[ -7, 20, -8, 7, 11, -22 ],
\[ -7, 20, -6, -1, 15, -20 ],
\[ -7, 22, -8, -1, 17, -22 ],
\[ -7, 23, -9, 7, 6, -19 ],
\[ -7, 23, -5, -1, 14, -23 ],
\[ -7, 24, -10, -1, 19, -24 ],
\[ -7, 25, -9, -1, 12, -19 ],
\[ -7, 27, -11, -1, 14, -21 ],
\[ -6, 9, 6, -4, 20, -24 ],
\[ -6, 10, 5, 4, 9, -21 ],
\[ -6, 11, 2, -4, 18, -20 ],
\[ -6, 11, 4, -4, 22, -26 ],
\[ -6, 12, 1, 4, 7, -17 ],
\[ -6, 13, -2, -12, 40, -32 ],
\[ -6, 13, -2, -4, 16, -16 ],
\[ -6, 13, -2, 4, 16, -24 ],
\[ -6, 13, 0, -4, 20, -22 ],
\[ -6, 14, -3, -4, 29, -29 ],
\[ -6, 14, -3, 4, 5, -13 ],
\[ -6, 14, -3, 12, 5, -21 ],
\[ -6, 14, -1, 4, 9, -19 ],
\[ -6, 15, -4, -12, 42, -34 ],
\[ -6, 15, -4, -4, 18, -18 ],
\[ -6, 15, -4, 4, 18, -26 ],
\[ -6, 15, -2, -4, 22, -24 ],
\[ -6, 16, -5, 4, 7, -15 ],
\[ -6, 16, -3, 4, 11, -21 ],
\[ -6, 17, -6, -4, 20, -20 ],
\[ -6, 17, -4, -4, 24, -26 ],
\[ -6, 18, -7, 4, 9, -17 ],
\[ -6, 18, -5, 4, 13, -23 ],
\[ -6, 19, -6, -4, 26, -28 ],
\[ -6, 21, -6, 4, 8, -20 ],
\[ -6, 22, -7, -4, 21, -25 ],
\[ -6, 23, -8, 4, 10, -22 ],
\[ -5, 8, 4, -7, 27, -26 ],
\[ -5, 8, 8, 1, 11, -22 ],
\[ -5, 9, 3, 1, 16, -23 ],
\[ -5, 10, 0, -7, 25, -22 ],
\[ -5, 10, 2, -7, 29, -28 ],
\[ -5, 10, 4, 1, 9, -18 ],
\[ -5, 11, -1, 1, 14, -19 ],
\[ -5, 11, 1, 1, 18, -25 ],
\[ -5, 12, -4, -15, 47, -34 ],
\[ -5, 12, -4, -7, 23, -18 ],
\[ -5, 12, -4, 1, 23, -26 ],
\[ -5, 12, -2, -7, 27, -24 ],
\[ -5, 12, 0, -7, 31, -30 ],
\[ -5, 12, 0, 1, 7, -14 ],
\[ -5, 12, 0, 9, 7, -22 ],
\[ -5, 12, 2, 1, 11, -20 ],
\[ -5, 13, -5, -7, 36, -31 ],
\[ -5, 13, -5, 1, 12, -15 ],
\[ -5, 13, -5, 9, 12, -23 ],
\[ -5, 13, -3, 1, 16, -21 ],
\[ -5, 14, -4, -7, 29, -26 ],
\[ -5, 14, -4, 1, 5, -10 ],
\[ -5, 14, -4, 9, 5, -18 ],
\[ -5, 14, -2, 1, 9, -16 ],
\[ -5, 14, 0, 1, 13, -22 ],
\[ -5, 15, -5, 1, 18, -23 ],
\[ -5, 16, -6, -7, 31, -28 ],
\[ -5, 16, -6, 1, 7, -12 ],
\[ -5, 16, -6, 9, 7, -20 ],
\[ -5, 16, -4, 1, 11, -18 ],
\[ -5, 16, -2, 1, 15, -24 ],
\[ -5, 17, -7, 1, 20, -25 ],
\[ -5, 18, -6, 1, 13, -20 ],
\[ -5, 19, -3, 1, 10, -21 ],
\[ -5, 20, -8, 1, 15, -22 ],
\[ -5, 21, -9, -7, 28, -27 ],
\[ -5, 21, -7, 1, 8, -17 ],
\[ -5, 23, -9, 1, 10, -19 ],
\[ -5, 25, -11, 1, 12, -21 ],
\[ -4, 3, 10, -2, 14, -20 ],
\[ -4, 5, 6, -2, 12, -16 ],
\[ -4, 5, 8, -2, 16, -22 ],
\[ -4, 7, 2, -10, 34, -28 ],
\[ -4, 7, 2, -2, 10, -12 ],
\[ -4, 7, 2, 6, 10, -20 ],
\[ -4, 7, 4, -2, 14, -18 ],
\[ -4, 7, 6, -2, 18, -24 ],
\[ -4, 8, 1, -2, 23, -25 ],
\[ -4, 9, -2, -10, 32, -24 ],
\[ -4, 9, -2, -2, 8, -8 ],
\[ -4, 9, -2, 6, 8, -16 ],
\[ -4, 9, 0, -10, 36, -30 ],
\[ -4, 9, 0, -2, 12, -14 ],
\[ -4, 9, 0, 6, 12, -22 ],
\[ -4, 9, 2, -2, 16, -20 ],
\[ -4, 10, -3, -2, 21, -21 ],
\[ -4, 10, -1, -2, 25, -27 ],
\[ -4, 11, -4, -10, 34, -26 ],
\[ -4, 11, -4, -2, 10, -10 ],
\[ -4, 11, -4, 6, 10, -18 ],
\[ -4, 11, -2, -10, 38, -32 ],
\[ -4, 11, -2, -2, 14, -16 ],
\[ -4, 11, -2, 6, 14, -24 ],
\[ -4, 11, 0, -2, 18, -22 ],
\[ -4, 12, -3, -2, 27, -29 ],
\[ -4, 12, -1, 6, 7, -19 ],
\[ -4, 13, -4, -2, 16, -18 ],
\[ -4, 13, -2, -2, 20, -24 ],
\[ -4, 14, -5, 6, 5, -15 ],
\[ -4, 14, -3, 6, 9, -21 ],
\[ -4, 15, -6, -2, 18, -20 ],
\[ -4, 15, -4, -2, 22, -26 ],
\[ -4, 16, -5, 6, 11, -23 ],
\[ -4, 16, -3, -2, 15, -21 ],
\[ -4, 18, -7, -2, 13, -17 ],
\[ -4, 18, -5, -2, 17, -23 ],
\[ -4, 20, -7, -2, 19, -25 ],
\[ -3, 0, 12, -5, 23, -26 ],
\[ -3, 1, 11, 3, 12, -23 ],
\[ -3, 2, 8, -5, 21, -22 ],
\[ -3, 3, 7, 3, 10, -19 ],
\[ -3, 4, 4, -13, 43, -34 ],
\[ -3, 4, 4, -5, 19, -18 ],
\[ -3, 4, 4, 3, 19, -26 ],
\[ -3, 4, 6, -5, 23, -24 ],
\[ -3, 5, 3, -5, 32, -31 ],
\[ -3, 5, 3, 3, 8, -15 ],
\[ -3, 5, 3, 11, 8, -23 ],
\[ -3, 5, 5, 3, 12, -21 ],
\[ -3, 6, 0, -13, 41, -30 ],
\[ -3, 6, 0, -5, 17, -14 ],
\[ -3, 6, 0, 3, 17, -22 ],
\[ -3, 6, 2, -5, 21, -20 ],
\[ -3, 6, 4, -5, 25, -26 ],
\[ -3, 7, -1, -5, 30, -27 ],
\[ -3, 7, -1, 3, 6, -11 ],
\[ -3, 7, -1, 11, 6, -19 ],
\[ -3, 7, 1, 3, 10, -17 ],
\[ -3, 7, 3, 3, 14, -23 ],
\[ -3, 8, -2, -13, 43, -32 ],
\[ -3, 8, -2, -5, 19, -16 ],
\[ -3, 8, -2, 3, 19, -24 ],
\[ -3, 8, 0, -5, 23, -22 ],
\[ -3, 8, 2, -5, 27, -28 ],
\[ -3, 9, -3, -5, 32, -29 ],
\[ -3, 9, -3, 3, 8, -13 ],
\[ -3, 9, -3, 11, 8, -21 ],
\[ -3, 9, -1, 3, 12, -19 ],
\[ -3, 9, 1, 3, 16, -25 ],
\[ -3, 10, -4, -13, 45, -34 ],
\[ -3, 10, -4, -5, 21, -18 ],
\[ -3, 10, -4, 3, 21, -26 ],
\[ -3, 10, -2, -5, 25, -24 ],
\[ -3, 10, 2, 3, 9, -20 ],
\[ -3, 11, -3, 3, 14, -21 ],
\[ -3, 12, -4, -5, 27, -26 ],
\[ -3, 12, -2, 3, 7, -16 ],
\[ -3, 12, 0, 3, 11, -22 ],
\[ -3, 13, -5, 3, 16, -23 ],
\[ -3, 13, -1, -5, 24, -27 ],
\[ -3, 14, -6, -5, 29, -28 ],
\[ -3, 14, -6, 3, 5, -12 ],
\[ -3, 14, -6, 11, 5, -20 ],
\[ -3, 14, -4, 3, 9, -18 ],
\[ -3, 15, -5, -5, 22, -23 ],
\[ -3, 16, -6, 3, 11, -20 ],
\[ -3, 17, -7, -5, 24, -25 ],
\[ -3, 18, -8, 3, 13, -22 ],
\[ -3, 21, -9, 3, 8, -19 ],
\[ -2, -5, 18, 0, 10, -20 ],
\[ -2, -3, 14, 0, 8, -16 ],
\[ -2, -3, 16, 0, 12, -22 ],
\[ -2, -1, 10, -8, 30, -28 ],
\[ -2, -1, 10, 0, 6, -12 ],
\[ -2, -1, 10, 8, 6, -20 ],
\[ -2, -1, 12, 0, 10, -18 ],
\[ -2, 0, 9, 0, 19, -25 ],
\[ -2, 1, 6, -8, 28, -24 ],
\[ -2, 1, 6, 0, 4, -8 ],
\[ -2, 1, 6, 8, 4, -16 ],
\[ -2, 1, 8, -8, 32, -30 ],
\[ -2, 1, 8, 0, 8, -14 ],
\[ -2, 1, 8, 8, 8, -22 ],
\[ -2, 1, 10, 0, 12, -20 ],
\[ -2, 2, 5, 0, 17, -21 ],
\[ -2, 3, 2, -16, 50, -36 ],
\[ -2, 3, 2, -8, 26, -20 ],
\[ -2, 3, 2, 0, 2, -4 ],
\[ -2, 3, 2, 0, 26, -28 ],
\[ -2, 3, 2, 8, 2, -12 ],
\[ -2, 3, 2, 16, 2, -20 ],
\[ -2, 3, 4, -8, 30, -26 ],
\[ -2, 3, 4, 0, 6, -10 ],
\[ -2, 3, 4, 8, 6, -18 ],
\[ -2, 3, 6, 0, 10, -16 ],
\[ -2, 3, 8, 0, 14, -22 ],
\[ -2, 4, 1, -8, 39, -33 ],
\[ -2, 4, 1, 0, 15, -17 ],
\[ -2, 4, 1, 8, 15, -25 ],
\[ -2, 4, 3, 0, 19, -23 ],
\[ -2, 5, -2, 0, 0, 0 ],
\[ -2, 5, 0, -16, 52, -38 ],
\[ -2, 5, 0, -8, 28, -22 ],
\[ -2, 5, 0, 0, 4, -6 ],
\[ -2, 5, 0, 0, 28, -30 ],
\[ -2, 5, 0, 8, 4, -14 ],
\[ -2, 5, 0, 16, 4, -22 ],
\[ -2, 5, 2, -8, 32, -28 ],
\[ -2, 5, 2, 0, 8, -12 ],
\[ -2, 5, 2, 8, 8, -20 ],
\[ -2, 5, 4, 0, 12, -18 ],
\[ -2, 5, 6, 0, 16, -24 ],
\[ -2, 6, -1, 0, 17, -19 ],
\[ -2, 6, 1, 0, 21, -25 ],
\[ -2, 7, -2, -8, 30, -24 ],
\[ -2, 7, -2, 0, 6, -8 ],
\[ -2, 7, -2, 8, 6, -16 ],
\[ -2, 7, 0, -8, 34, -30 ],
\[ -2, 7, 0, 0, 10, -14 ],
\[ -2, 7, 0, 8, 10, -22 ],
\[ -2, 7, 2, 0, 14, -20 ],
\[ -2, 8, -3, 0, 19, -21 ],
\[ -2, 8, -1, 0, 23, -27 ],
\[ -2, 8, 5, 0, 11, -21 ],
\[ -2, 9, -2, -8, 36, -32 ],
\[ -2, 9, -2, 0, 12, -16 ],
\[ -2, 9, -2, 8, 12, -24 ],
\[ -2, 9, 0, 0, 16, -22 ],
\[ -2, 10, 1, 0, 9, -17 ],
\[ -2, 11, -4, 0, 14, -18 ],
\[ -2, 11, -2, 0, 18, -24 ],
\[ -2, 12, -3, -8, 31, -29 ],
\[ -2, 12, -3, 0, 7, -13 ],
\[ -2, 12, -3, 8, 7, -21 ],
\[ -2, 12, -1, 0, 11, -19 ],
\[ -2, 13, -4, 0, 20, -26 ],
\[ -2, 14, -5, 0, 9, -15 ],
\[ -2, 14, -3, 0, 13, -21 ],
\[ -2, 16, -7, 0, 11, -17 ],
\[ -2, 16, -5, 0, 15, -23 ],
\[ -2, 19, -6, 0, 10, -20 ],
\[ -2, 21, -8, 0, 12, -22 ],
\[ -1, -6, 16, -3, 17, -22 ],
\[ -1, -4, 12, -3, 15, -18 ],
\[ -1, -4, 14, -3, 19, -24 ],
\[ -1, -3, 13, 5, 8, -21 ],
\[ -1, -2, 8, -11, 37, -30 ],
\[ -1, -2, 8, -3, 13, -14 ],
\[ -1, -2, 8, 5, 13, -22 ],
\[ -1, -2, 10, -3, 17, -20 ],
\[ -1, -2, 12, -3, 21, -26 ],
\[ -1, -1, 7, -3, 26, -27 ],
\[ -1, -1, 9, 5, 6, -17 ],
\[ -1, 0, 4, -11, 35, -26 ],
\[ -1, 0, 4, -3, 11, -10 ],
\[ -1, 0, 4, 5, 11, -18 ],
\[ -1, 0, 6, -11, 39, -32 ],
\[ -1, 0, 6, -3, 15, -16 ],
\[ -1, 0, 6, 5, 15, -24 ],
\[ -1, 0, 8, -3, 19, -22 ],
\[ -1, 1, 3, -3, 24, -23 ],
\[ -1, 1, 5, -3, 28, -29 ],
\[ -1, 1, 5, 5, 4, -13 ],
\[ -1, 1, 5, 13, 4, -21 ],
\[ -1, 1, 7, 5, 8, -19 ],
\[ -1, 2, 0, -19, 57, -38 ],
\[ -1, 2, 0, -11, 33, -22 ],
\[ -1, 2, 0, -3, 9, -6 ],
\[ -1, 2, 0, -3, 33, -30 ],
\[ -1, 2, 0, 5, 9, -14 ],
\[ -1, 2, 0, 13, 9, -22 ],
\[ -1, 2, 2, -11, 37, -28 ],
\[ -1, 2, 2, -3, 13, -12 ],
\[ -1, 2, 2, 5, 13, -20 ],
\[ -1, 2, 4, -11, 41, -34 ],
\[ -1, 2, 4, -3, 17, -18 ],
\[ -1, 2, 4, 5, 17, -26 ],
\[ -1, 2, 6, -3, 21, -24 ],
\[ -1, 3, -1, -11, 46, -35 ],
\[ -1, 3, -1, -3, 22, -19 ],
\[ -1, 3, -1, 5, 22, -27 ],
\[ -1, 3, 1, -3, 26, -25 ],
\[ -1, 3, 1, 5, 2, -9 ],
\[ -1, 3, 1, 13, 2, -17 ],
\[ -1, 3, 3, 5, 6, -15 ],
\[ -1, 3, 5, 5, 10, -21 ],
\[ -1, 4, 0, -11, 39, -30 ],
\[ -1, 4, 0, -3, 15, -14 ],
\[ -1, 4, 0, 5, 15, -22 ],
\[ -1, 4, 2, -3, 19, -20 ],
\[ -1, 4, 4, -3, 23, -26 ],
\[ -1, 5, -1, -3, 28, -27 ],
\[ -1, 5, -1, 5, 4, -11 ],
\[ -1, 5, -1, 13, 4, -19 ],
\[ -1, 5, 1, 5, 8, -17 ],
\[ -1, 5, 3, 5, 12, -23 ],
\[ -1, 6, -2, -11, 41, -32 ],
\[ -1, 6, -2, -3, 17, -16 ],
\[ -1, 6, -2, 5, 17, -24 ],
\[ -1, 6, 0, -3, 21, -22 ],
\[ -1, 6, 2, -3, 25, -28 ],
\[ -1, 7, -3, -3, 30, -29 ],
\[ -1, 7, -3, 5, 6, -13 ],
\[ -1, 7, -3, 13, 6, -21 ],
\[ -1, 7, -1, 5, 10, -19 ],
\[ -1, 7, 3, -3, 18, -23 ],
\[ -1, 8, -2, -3, 23, -24 ],
\[ -1, 9, -3, 5, 12, -21 ],
\[ -1, 9, -1, -3, 16, -19 ],
\[ -1, 9, 1, -3, 20, -25 ],
\[ -1, 10, -4, -3, 25, -26 ],
\[ -1, 10, 0, 5, 9, -22 ],
\[ -1, 11, -5, -11, 38, -31 ],
\[ -1, 11, -5, -3, 14, -15 ],
\[ -1, 11, -5, 5, 14, -23 ],
\[ -1, 11, -3, -3, 18, -21 ],
\[ -1, 12, -4, 5, 7, -18 ],
\[ -1, 13, -5, -3, 20, -23 ],
\[ -1, 14, -6, 5, 9, -20 ],
\[ -1, 15, -7, -3, 22, -25 ],
\[ -1, 18, -8, -3, 17, -22 ],
\[ 0, -7, 14, -6, 24, -24 ],
\[ 0, -6, 13, 2, 13, -21 ],
\[ 0, -5, 10, -6, 22, -20 ],
\[ 0, -5, 12, -6, 26, -26 ],
\[ 0, -4, 9, 2, 11, -17 ],
\[ 0, -4, 11, 2, 15, -23 ],
\[ 0, -3, 6, -14, 44, -32 ],
\[ 0, -3, 6, -6, 20, -16 ],
\[ 0, -3, 6, 2, 20, -24 ],
\[ 0, -3, 8, -6, 24, -22 ],
\[ 0, -3, 10, -6, 28, -28 ],
\[ 0, -3, 12, 2, 8, -18 ],
\[ 0, -2, 5, -6, 33, -29 ],
\[ 0, -2, 5, 2, 9, -13 ],
\[ 0, -2, 5, 10, 9, -21 ],
\[ 0, -2, 7, 2, 13, -19 ],
\[ 0, -2, 9, 2, 17, -25 ],
\[ 0, -1, 2, -14, 42, -28 ],
\[ 0, -1, 2, -6, 18, -12 ],
\[ 0, -1, 2, 2, 18, -20 ],
\[ 0, -1, 4, -14, 46, -34 ],
\[ 0, -1, 4, -6, 22, -18 ],
\[ 0, -1, 4, 2, 22, -26 ],
\[ 0, -1, 6, -6, 26, -24 ],
\[ 0, -1, 8, 2, 6, -14 ],
\[ 0, -1, 10, 2, 10, -20 ],
\[ 0, 0, 1, -6, 31, -25 ],
\[ 0, 0, 1, 2, 7, -9 ],
\[ 0, 0, 1, 10, 7, -17 ],
\[ 0, 0, 3, -6, 35, -31 ],
\[ 0, 0, 3, 2, 11, -15 ],
\[ 0, 0, 3, 10, 11, -23 ],
\[ 0, 0, 5, 2, 15, -21 ],
\[ 0, 1, 0, -14, 44, -30 ],
\[ 0, 1, 0, -6, 20, -14 ],
\[ 0, 1, 0, 2, 20, -22 ],
\[ 0, 1, 2, -14, 48, -36 ],
\[ 0, 1, 2, -6, 24, -20 ],
\[ 0, 1, 2, 2, 24, -28 ],
\[ 0, 1, 4, -6, 28, -26 ],
\[ 0, 1, 4, 2, 4, -10 ],
\[ 0, 1, 4, 10, 4, -18 ],
\[ 0, 1, 6, 2, 8, -16 ],
\[ 0, 1, 8, 2, 12, -22 ],
\[ 0, 2, 1, -6, 37, -33 ],
\[ 0, 2, 1, 2, 13, -17 ],
\[ 0, 2, 1, 10, 13, -25 ],
\[ 0, 2, 3, 2, 17, -23 ],
\[ 0, 3, 0, -6, 26, -22 ],
\[ 0, 3, 0, 2, 2, -6 ],
\[ 0, 3, 0, 10, 2, -14 ],
\[ 0, 3, 2, -6, 30, -28 ],
\[ 0, 3, 2, 2, 6, -12 ],
\[ 0, 3, 2, 10, 6, -20 ],
\[ 0, 3, 4, 2, 10, -18 ],
\[ 0, 4, -1, 2, 15, -19 ],
\[ 0, 4, 1, 2, 19, -25 ],
\[ 0, 5, -2, -6, 28, -24 ],
\[ 0, 5, -2, 2, 4, -8 ],
\[ 0, 5, -2, 10, 4, -16 ],
\[ 0, 5, 0, -6, 32, -30 ],
\[ 0, 5, 0, 2, 8, -14 ],
\[ 0, 5, 0, 10, 8, -22 ],
\[ 0, 5, 2, 2, 12, -20 ],
\[ 0, 6, -1, 2, 21, -27 ],
\[ 0, 6, 1, -6, 25, -25 ],
\[ 0, 7, -2, 2, 10, -16 ],
\[ 0, 7, 0, 2, 14, -22 ],
\[ 0, 8, -3, -6, 23, -21 ],
\[ 0, 8, -1, -6, 27, -27 ],
\[ 0, 9, -4, 2, 12, -18 ],
\[ 0, 9, -2, 2, 16, -24 ],
\[ 0, 10, -3, -6, 29, -29 ],
\[ 0, 10, -1, 2, 9, -19 ],
\[ 0, 12, -5, 2, 7, -15 ],
\[ 0, 12, -3, 2, 11, -21 ],
\[ 0, 14, -5, 2, 13, -23 ],
\[ 1, -8, 16, -1, 15, -22 ],
\[ 1, -6, 12, -1, 13, -18 ],
\[ 1, -6, 14, -1, 17, -24 ],
\[ 1, -5, 9, -1, 22, -25 ],
\[ 1, -4, 8, -9, 35, -30 ],
\[ 1, -4, 8, -1, 11, -14 ],
\[ 1, -4, 8, 7, 11, -22 ],
\[ 1, -4, 10, -1, 15, -20 ],
\[ 1, -3, 5, -1, 20, -21 ],
\[ 1, -3, 7, -1, 24, -27 ],
\[ 1, -2, 4, -9, 33, -26 ],
\[ 1, -2, 4, -1, 9, -10 ],
\[ 1, -2, 4, 7, 9, -18 ],
\[ 1, -2, 6, -9, 37, -32 ],
\[ 1, -2, 6, -1, 13, -16 ],
\[ 1, -2, 6, 7, 13, -24 ],
\[ 1, -2, 8, -1, 17, -22 ],
\[ 1, -1, 1, -9, 42, -33 ],
\[ 1, -1, 1, -1, 18, -17 ],
\[ 1, -1, 1, 7, 18, -25 ],
\[ 1, -1, 3, -1, 22, -23 ],
\[ 1, -1, 5, -1, 26, -29 ],
\[ 1, -1, 7, 7, 6, -19 ],
\[ 1, -1, 11, -1, 14, -23 ],
\[ 1, 0, 0, -17, 55, -38 ],
\[ 1, 0, 0, -9, 31, -22 ],
\[ 1, 0, 0, -1, 7, -6 ],
\[ 1, 0, 0, -1, 31, -30 ],
\[ 1, 0, 0, 7, 7, -14 ],
\[ 1, 0, 0, 15, 7, -22 ],
\[ 1, 0, 2, -9, 35, -28 ],
\[ 1, 0, 2, -1, 11, -12 ],
\[ 1, 0, 2, 7, 11, -20 ],
\[ 1, 0, 4, -1, 15, -18 ],
\[ 1, 0, 6, -1, 19, -24 ],
\[ 1, 1, 1, -1, 24, -25 ],
\[ 1, 1, 3, 7, 4, -15 ],
\[ 1, 1, 5, 7, 8, -21 ],
\[ 1, 1, 7, -1, 12, -19 ],
\[ 1, 2, 0, -9, 37, -30 ],
\[ 1, 2, 0, -1, 13, -14 ],
\[ 1, 2, 0, 7, 13, -22 ],
\[ 1, 2, 2, -1, 17, -20 ],
\[ 1, 2, 4, -1, 21, -26 ],
\[ 1, 3, -1, -1, 26, -27 ],
\[ 1, 3, -1, 7, 2, -11 ],
\[ 1, 3, -1, 15, 2, -19 ],
\[ 1, 3, 1, 7, 6, -17 ],
\[ 1, 3, 3, -9, 34, -31 ],
\[ 1, 3, 3, -1, 10, -15 ],
\[ 1, 3, 3, 7, 10, -23 ],
\[ 1, 3, 5, -1, 14, -21 ],
\[ 1, 4, -2, -9, 39, -32 ],
\[ 1, 4, -2, -1, 15, -16 ],
\[ 1, 4, -2, 7, 15, -24 ],
\[ 1, 4, 0, -1, 19, -22 ],
\[ 1, 5, -1, -9, 32, -27 ],
\[ 1, 5, -1, -1, 8, -11 ],
\[ 1, 5, -1, 7, 8, -19 ],
\[ 1, 5, 1, -1, 12, -17 ],
\[ 1, 5, 3, -1, 16, -23 ],
\[ 1, 6, -2, -1, 21, -24 ],
\[ 1, 7, -3, -9, 34, -29 ],
\[ 1, 7, -3, -1, 10, -13 ],
\[ 1, 7, -3, 7, 10, -21 ],
\[ 1, 7, -1, -1, 14, -19 ],
\[ 1, 7, 1, -1, 18, -25 ],
\[ 1, 8, -4, -1, 23, -26 ],
\[ 1, 9, -3, -1, 16, -21 ],
\[ 1, 10, 0, -1, 13, -22 ],
\[ 1, 11, -5, -1, 18, -23 ],
\[ 1, 12, -6, 7, 7, -20 ],
\[ 1, 12, -4, -1, 11, -18 ],
\[ 1, 14, -6, -1, 13, -20 ],
\[ 1, 16, -8, -1, 15, -22 ],
\[ 2, -7, 12, -4, 24, -26 ],
\[ 2, -6, 11, 4, 13, -23 ],
\[ 2, -5, 8, -4, 22, -22 ],
\[ 2, -5, 10, -4, 26, -28 ],
\[ 2, -4, 7, 4, 11, -19 ],
\[ 2, -3, 4, -12, 44, -34 ],
\[ 2, -3, 4, -4, 20, -18 ],
\[ 2, -3, 4, 4, 20, -26 ],
\[ 2, -3, 6, -4, 24, -24 ],
\[ 2, -3, 10, 4, 8, -20 ],
\[ 2, -2, 3, -4, 33, -31 ],
\[ 2, -2, 3, 4, 9, -15 ],
\[ 2, -2, 3, 12, 9, -23 ],
\[ 2, -2, 5, 4, 13, -21 ],
\[ 2, -2, 9, -4, 21, -25 ],
\[ 2, -1, 2, -12, 46, -36 ],
\[ 2, -1, 2, -4, 22, -20 ],
\[ 2, -1, 2, 4, 22, -28 ],
\[ 2, -1, 4, -4, 26, -26 ],
\[ 2, -1, 6, 4, 6, -16 ],
\[ 2, -1, 8, 4, 10, -22 ],
\[ 2, 0, 1, 4, 11, -17 ],
\[ 2, 0, 3, 4, 15, -23 ],
\[ 2, 0, 5, -4, 19, -21 ],
\[ 2, 1, 0, -4, 24, -22 ],
\[ 2, 1, 2, -4, 28, -28 ],
\[ 2, 1, 2, 4, 4, -12 ],
\[ 2, 1, 2, 12, 4, -20 ],
\[ 2, 1, 4, 4, 8, -18 ],
\[ 2, 2, -1, 4, 13, -19 ],
\[ 2, 2, 1, -12, 41, -33 ],
\[ 2, 2, 1, -4, 17, -17 ],
\[ 2, 2, 1, 4, 17, -25 ],
\[ 2, 2, 3, -4, 21, -23 ],
\[ 2, 3, 0, -4, 30, -30 ],
\[ 2, 3, 0, 4, 6, -14 ],
\[ 2, 3, 0, 12, 6, -22 ],
\[ 2, 3, 2, 4, 10, -20 ],
\[ 2, 4, -1, -4, 19, -19 ],
\[ 2, 4, 1, -4, 23, -25 ],
\[ 2, 5, -2, 4, 8, -16 ],
\[ 2, 5, 0, 4, 12, -22 ],
\[ 2, 6, -3, -4, 21, -21 ],
\[ 2, 6, -1, -4, 25, -27 ],
\[ 2, 7, -2, 4, 14, -24 ],
\[ 2, 9, -2, -4, 20, -24 ],
\[ 2, 10, -3, 4, 9, -21 ],
\[ 2, 11, -4, -4, 22, -26 ],
\[ 3, -8, 14, 1, 15, -24 ],
\[ 3, -6, 10, 1, 13, -20 ],
\[ 3, -5, 7, 1, 22, -27 ],
\[ 3, -5, 13, 1, 10, -21 ],
\[ 3, -4, 6, -7, 35, -32 ],
\[ 3, -4, 6, 1, 11, -16 ],
\[ 3, -4, 6, 9, 11, -24 ],
\[ 3, -4, 8, 1, 15, -22 ],
\[ 3, -3, 3, 1, 20, -23 ],
\[ 3, -3, 7, -7, 28, -27 ],
\[ 3, -3, 9, 1, 8, -17 ],
\[ 3, -2, 2, -7, 33, -28 ],
\[ 3, -2, 2, 1, 9, -12 ],
\[ 3, -2, 2, 9, 9, -20 ],
\[ 3, -2, 4, 1, 13, -18 ],
\[ 3, -2, 6, 1, 17, -24 ],
\[ 3, -1, 1, 1, 22, -25 ],
\[ 3, -1, 3, -7, 26, -23 ],
\[ 3, -1, 5, -7, 30, -29 ],
\[ 3, -1, 5, 1, 6, -13 ],
\[ 3, -1, 5, 9, 6, -21 ],
\[ 3, -1, 7, 1, 10, -19 ],
\[ 3, 0, 0, -7, 35, -30 ],
\[ 3, 0, 0, 1, 11, -14 ],
\[ 3, 0, 0, 9, 11, -22 ],
\[ 3, 0, 2, 1, 15, -20 ],
\[ 3, 0, 4, 1, 19, -26 ],
\[ 3, 1, -1, -15, 48, -35 ],
\[ 3, 1, -1, -7, 24, -19 ],
\[ 3, 1, -1, 1, 24, -27 ],
\[ 3, 1, 1, -7, 28, -25 ],
\[ 3, 1, 1, 1, 4, -9 ],
\[ 3, 1, 1, 9, 4, -17 ],
\[ 3, 1, 3, 1, 8, -15 ],
\[ 3, 1, 5, 1, 12, -21 ],
\[ 3, 2, 0, 1, 17, -22 ],
\[ 3, 3, -1, -7, 30, -27 ],
\[ 3, 3, -1, 1, 6, -11 ],
\[ 3, 3, -1, 9, 6, -19 ],
\[ 3, 3, 1, 1, 10, -17 ],
\[ 3, 3, 3, 1, 14, -23 ],
\[ 3, 4, -2, 1, 19, -24 ],
\[ 3, 5, -3, -7, 32, -29 ],
\[ 3, 5, -3, 1, 8, -13 ],
\[ 3, 5, -3, 9, 8, -21 ],
\[ 3, 5, -1, 1, 12, -19 ],
\[ 3, 7, -3, 1, 14, -21 ],
\[ 3, 8, -4, -7, 27, -26 ],
\[ 3, 8, 0, 1, 11, -22 ],
\[ 3, 9, -5, 1, 16, -23 ],
\[ 3, 10, -4, 1, 9, -18 ],
\[ 3, 12, -6, 1, 11, -20 ],
\[ 4, -8, 13, -2, 15, -21 ],
\[ 4, -6, 9, -2, 13, -17 ],
\[ 4, -6, 11, -2, 17, -23 ],
\[ 4, -5, 6, -2, 22, -24 ],
\[ 4, -4, 5, -10, 35, -29 ],
\[ 4, -4, 5, -2, 11, -13 ],
\[ 4, -4, 5, 6, 11, -21 ],
\[ 4, -4, 7, -2, 15, -19 ],
\[ 4, -4, 9, -2, 19, -25 ],
\[ 4, -3, 2, -2, 20, -20 ],
\[ 4, -3, 4, -2, 24, -26 ],
\[ 4, -2, 1, -10, 33, -25 ],
\[ 4, -2, 1, -2, 9, -9 ],
\[ 4, -2, 1, 6, 9, -17 ],
\[ 4, -2, 3, -10, 37, -31 ],
\[ 4, -2, 3, -2, 13, -15 ],
\[ 4, -2, 3, 6, 13, -23 ],
\[ 4, -2, 5, -2, 17, -21 ],
\[ 4, -1, 0, -2, 22, -22 ],
\[ 4, -1, 2, -2, 26, -28 ],
\[ 4, -1, 4, 6, 6, -18 ],
\[ 4, 0, 1, -10, 39, -33 ],
\[ 4, 0, 1, -2, 15, -17 ],
\[ 4, 0, 1, 6, 15, -25 ],
\[ 4, 0, 3, -2, 19, -23 ],
\[ 4, 1, 0, 6, 4, -14 ],
\[ 4, 1, 2, 6, 8, -20 ],
\[ 4, 2, -1, -2, 17, -19 ],
\[ 4, 2, 1, -2, 21, -25 ],
\[ 4, 3, -2, 6, 6, -16 ],
\[ 4, 3, 0, 6, 10, -22 ],
\[ 4, 3, 2, -2, 14, -20 ],
\[ 4, 4, -1, -2, 23, -27 ],
\[ 4, 5, -2, -2, 12, -16 ],
\[ 4, 5, 0, -2, 16, -22 ],
\[ 4, 7, -4, -2, 14, -18 ],
\[ 4, 7, -2, -2, 18, -24 ],
\[ 5, -7, 9, -5, 24, -25 ],
\[ 5, -6, 8, 3, 13, -22 ],
\[ 5, -5, 5, -5, 22, -21 ],
\[ 5, -5, 7, -5, 26, -27 ],
\[ 5, -4, 4, 3, 11, -18 ],
\[ 5, -4, 6, 3, 15, -24 ],
\[ 5, -3, 1, -13, 44, -33 ],
\[ 5, -3, 1, -5, 20, -17 ],
\[ 5, -3, 1, 3, 20, -25 ],
\[ 5, -3, 3, -5, 24, -23 ],
\[ 5, -3, 5, -5, 28, -29 ],
\[ 5, -3, 7, 3, 8, -19 ],
\[ 5, -2, 0, -5, 33, -30 ],
\[ 5, -2, 0, 3, 9, -14 ],
\[ 5, -2, 0, 11, 9, -22 ],
\[ 5, -2, 2, 3, 13, -20 ],
\[ 5, -1, 1, -5, 26, -25 ],
\[ 5, -1, 3, 3, 6, -15 ],
\[ 5, -1, 5, 3, 10, -21 ],
\[ 5, 0, 0, 3, 15, -22 ],
\[ 5, 0, 4, -5, 23, -26 ],
\[ 5, 1, -1, -5, 28, -27 ],
\[ 5, 1, -1, 3, 4, -11 ],
\[ 5, 1, -1, 11, 4, -19 ],
\[ 5, 1, 1, 3, 8, -17 ],
\[ 5, 1, 3, 3, 12, -23 ],
\[ 5, 2, -2, 3, 17, -24 ],
\[ 5, 2, 0, -5, 21, -22 ],
\[ 5, 3, -1, 3, 10, -19 ],
\[ 5, 4, -2, -5, 23, -24 ],
\[ 5, 5, -3, 3, 12, -21 ],
\[ 5, 6, -4, -5, 25, -26 ],
\[ 5, 10, -6, 3, 9, -20 ],
\[ 6, -8, 11, 0, 15, -23 ],
\[ 6, -6, 7, 0, 13, -19 ],
\[ 6, -5, 4, 0, 22, -26 ],
\[ 6, -5, 10, 0, 10, -20 ],
\[ 6, -4, 3, -8, 35, -31 ],
\[ 6, -4, 3, 0, 11, -15 ],
\[ 6, -4, 3, 8, 11, -23 ],
\[ 6, -4, 5, 0, 15, -21 ],
\[ 6, -3, 2, 0, 24, -28 ],
\[ 6, -3, 6, 0, 8, -16 ],
\[ 6, -3, 8, 0, 12, -22 ],
\[ 6, -2, 1, 0, 13, -17 ],
\[ 6, -2, 3, 0, 17, -23 ],
\[ 6, -1, 2, -8, 30, -28 ],
\[ 6, -1, 2, 0, 6, -12 ],
\[ 6, -1, 2, 8, 6, -20 ],
\[ 6, -1, 4, 0, 10, -18 ],
\[ 6, 0, -1, 0, 15, -19 ],
\[ 6, 0, 1, 0, 19, -25 ],
\[ 6, 1, 0, -8, 32, -30 ],
\[ 6, 1, 0, 0, 8, -14 ],
\[ 6, 1, 0, 8, 8, -22 ],
\[ 6, 1, 2, 0, 12, -20 ],
\[ 6, 3, -2, 0, 10, -16 ],
\[ 6, 3, 0, 0, 14, -22 ],
\[ 6, 5, -2, 0, 16, -24 ],
\[ 6, 8, -3, 0, 11, -21 ],
\[ 7, -7, 7, -3, 24, -27 ],
\[ 7, -6, 6, 5, 13, -24 ],
\[ 7, -6, 8, -3, 17, -22 ],
\[ 7, -5, 3, -3, 22, -23 ],
\[ 7, -4, 2, 5, 11, -20 ],
\[ 7, -4, 4, -3, 15, -18 ],
\[ 7, -4, 6, -3, 19, -24 ],
\[ 7, -3, 1, -3, 24, -25 ],
\[ 7, -3, 5, 5, 8, -21 ],
\[ 7, -2, 0, -11, 37, -30 ],
\[ 7, -2, 0, -3, 13, -14 ],
\[ 7, -2, 0, 5, 13, -22 ],
\[ 7, -2, 2, -3, 17, -20 ],
\[ 7, -2, 4, -3, 21, -26 ],
\[ 7, -1, -1, -3, 26, -27 ],
\[ 7, -1, 1, 5, 6, -17 ],
\[ 7, 0, 0, -3, 19, -22 ],
\[ 7, 1, -1, 5, 8, -19 ],
\[ 7, 2, -2, -3, 21, -24 ],
\[ 7, 3, -3, 5, 10, -21 ],
\[ 7, 7, -5, -3, 18, -23 ],
\[ 8, -7, 6, -6, 24, -24 ],
\[ 8, -6, 5, 2, 13, -21 ],
\[ 8, -5, 2, -6, 22, -20 ],
\[ 8, -5, 4, -6, 26, -26 ],
\[ 8, -4, 1, 2, 11, -17 ],
\[ 8, -4, 3, 2, 15, -23 ],
\[ 8, -3, 0, -6, 24, -22 ],
\[ 8, -3, 2, -6, 28, -28 ],
\[ 8, -3, 4, 2, 8, -18 ],
\[ 8, -2, 1, 2, 17, -25 ],
\[ 8, -1, 0, 2, 6, -14 ],
\[ 8, -1, 2, 2, 10, -20 ],
\[ 8, 1, -2, 2, 8, -16 ],
\[ 8, 1, 0, 2, 12, -22 ],
\[ 9, -8, 8, -1, 15, -22 ],
\[ 9, -6, 4, -1, 13, -18 ],
\[ 9, -6, 6, -1, 17, -24 ],
\[ 9, -5, 1, -1, 22, -25 ],
\[ 9, -4, 0, -9, 35, -30 ],
\[ 9, -4, 0, -1, 11, -14 ],
\[ 9, -4, 0, 7, 11, -22 ],
\[ 9, -4, 2, -1, 15, -20 ],
\[ 9, -2, 0, -1, 17, -22 ],
\[ 9, -1, -1, 7, 6, -19 ],
\[ 9, -1, 3, -1, 14, -23 ],
\[ 9, 0, -2, -1, 19, -24 ],
\[ 9, 1, -1, -1, 12, -19 ],
\[ 9, 3, -3, -1, 14, -21 ],
\[ 10, -7, 4, -4, 24, -26 ],
\[ 10, -6, 3, 4, 13, -23 ],
\[ 10, -5, 2, -4, 26, -28 ],
\[ 10, -3, 2, 4, 8, -20 ],
\[ 10, -2, 1, -4, 21, -25 ],
\[ 10, -1, 0, 4, 10, -22 ],
\[ 11, -8, 6, 1, 15, -24 ],
\[ 11, -6, 2, 1, 13, -20 ],
\[ 11, -5, 5, 1, 10, -21 ],
\[ 11, -4, 0, 1, 15, -22 ],
\[ 11, -3, -1, -7, 28, -27 ],
\[ 11, -3, 1, 1, 8, -17 ],
\[ 11, -1, -1, 1, 10, -19 ],
\[ 11, 1, -3, 1, 12, -21 ],
\[ 12, -8, 5, -2, 15, -21 ],
\[ 12, -6, 1, -2, 13, -17 ],
\[ 12, -6, 3, -2, 17, -23 ],
\[ 12, -4, 1, -2, 19, -25 ],
\[ 13, -7, 1, -5, 24, -25 ],
\[ 13, -6, 0, 3, 13, -22 ],
\[ 13, -3, -1, 3, 8, -19 ],
\[ 14, -8, 3, 0, 15, -23 ],
\[ 14, -5, 2, 0, 10, -20 ],
\[ 14, -3, 0, 0, 12, -22 ],
\[ 15, -6, 0, -3, 17, -22 ],
\[ 17, -8, 0, -1, 15, -22 ]
]
