use application "polytope";
use vars '$ieqs', '$eqs', '$p';
$ieqs = [
[ 0, 552, 276, 184, 138, 92, 69, 46, 24, 23, 12, 8, 6, 4, 3, 2, 1, 0, 0, 0, 0, 0 ],
[ 0, 138, 276, 46, 138, 92, 69, 46, 6, 23, 12, 2, 6, 4, 3, 2, 1, 0, 0, 0, 0, 0 ],
[ 0, 184, 92, 552, 46, 276, 23, 138, 8, 69, 4, 24, 2, 12, 1, 6, 3, 0, 0, 0, 0, 0 ],
[ 0, 69, 138, 23, 276, 46, 138, 92, 3, 46, 6, 1, 12, 2, 6, 4, 2, 0, 0, 0, 0, 0 ],
[ 0, 46, 92, 138, 46, 276, 23, 138, 2, 69, 4, 6, 2, 12, 1, 6, 3, 0, 0, 0, 0, 0 ],
[ 0, 69, 138, 23, 276, 46, 552, 92, 3, 184, 6, 1, 12, 2, 24, 4, 8, 0, 0, 0, 0, 0 ],
[ 0, 23, 46, 69, 92, 138, 46, 276, 1, 138, 2, 3, 4, 6, 2, 12, 6, 0, 0, 0, 0, 0 ],
[ 0, 24, 12, 8, 6, 4, 3, 2, 552, 1, 276, 184, 138, 92, 69, 46, 23, 0, 0, 0, 0, 0 ],
[ 0, 23, 46, 69, 92, 138, 184, 276, 1, 552, 2, 3, 4, 6, 8, 12, 24, 0, 0, 0, 0, 0 ],
[ 0, 6, 12, 2, 6, 4, 3, 2, 138, 1, 276, 46, 138, 92, 69, 46, 23, 0, 0, 0, 0, 0 ],
[ 0, 8, 4, 24, 2, 12, 1, 6, 184, 3, 92, 552, 46, 276, 23, 138, 69, 0, 0, 0, 0, 0 ],
[ 0, 3, 6, 1, 12, 2, 6, 4, 69, 2, 138, 23, 276, 46, 138, 92, 46, 0, 0, 0, 0, 0 ],
[ 0, 2, 4, 6, 2, 12, 1, 6, 46, 3, 92, 138, 46, 276, 23, 138, 69, 0, 0, 0, 0, 0 ],
[ 0, 3, 6, 1, 12, 2, 24, 4, 69, 8, 138, 23, 276, 46, 552, 92, 184, 0, 0, 0, 0, 0 ],
[ 0, 1, 2, 3, 4, 6, 2, 12, 23, 6, 46, 69, 92, 138, 46, 276, 138, 0, 0, 0, 0, 0 ],
[ 2616, 1, 2, 3, 4, 6, 8, 12, 23, 24, 46, 69, 92, 138, 184, 276, 552, 0, 0, 0, 0, 0 ]
];
$eqs = [
[ -1, 1, 1, 1, 1, 1, 1, 1, 1, 1, 1, 1, 1, 1, 1, 1, 1, 0, 0, 0, 0, 0 ],
[ -1, 0, 1, 0, 2, 1, 3, 2, 0, 3, 1, 0, 2, 1, 3, 2, 3, -2, 0, 0, 0, 0 ],
[ 0, 0, 0, 1, 0, 1, 0, 1, 0, 1, 0, 1, 0, 1, 0, 1, 1, 0, -2, 0, 0, 0 ],
[ 0, 0, 0, 0, 0, 0, 0, 0, 1, 0, 1, 1, 1, 1, 1, 1, 1, 0, 0, -2, 0, 0 ],
[ 0, 1, 2, 3, 4, 6, 8, 12, 23, 24, 46, 69, 92, 138, 184, 276, 552, 0, 0, 0, -24, 0 ],
[ 0, 552, 276, 184, 138, 92, 69, 46, 24, 23, 12, 8, 6, 4, 3, 2, 1, 0, 0, 0, 0, -24 ]
];
$p = new Polytope(INEQUALITIES=>$ieqs, EQUATIONS=>$eqs);
print $p->LATTICE_POINTS;
