use application "polytope";
use vars '$ieqs', '$eqs', '$p';
$ieqs = [
[ 0, 236, 118, 59, 4, 2, 1, 0, 0, 0, 0 ],
[ 0, 59, 118, 59, 1, 2, 1, 0, 0, 0, 0 ],
[ 0, 59, 118, 236, 1, 2, 4, 0, 0, 0, 0 ],
[ 0, 4, 2, 1, 236, 118, 59, 0, 0, 0, 0 ],
[ 0, 1, 2, 1, 59, 118, 59, 0, 0, 0, 0 ],
[ 3120, 1, 2, 4, 59, 118, 236, 0, 0, 0, 0 ]
];
$eqs = [
[ -1, 1, 1, 1, 1, 1, 1, 0, 0, 0, 0 ],
[ -1, 0, 1, 2, 0, 1, 2, -2, 0, 0, 0 ],
[ 0, 0, 0, 0, 1, 1, 1, 0, -2, 0, 0 ],
[ 0, 1, 2, 4, 59, 118, 236, 0, 0, -24, 0 ],
[ 0, 236, 118, 59, 4, 2, 1, 0, 0, 0, -24 ]
];
$p = new Polytope(INEQUALITIES=>$ieqs, EQUATIONS=>$eqs);
prefer_now "libnormaliz";
print $p->LATTICE_POINTS_GENERATORS->[0];
