use application "polytope";
use vars '$ieqs', '$eqs', '$p';
$ieqs = [
[ 0, 1060, 530, 265, 212, 106, 53, 20, 10, 5, 4, 2, 1, 0, 0, 0, 0, 0 ],
[ 0, 265, 530, 265, 53, 106, 53, 5, 10, 5, 1, 2, 1, 0, 0, 0, 0, 0 ],
[ 0, 265, 530, 1060, 53, 106, 212, 5, 10, 20, 1, 2, 4, 0, 0, 0, 0, 0 ],
[ 0, 212, 106, 53, 1060, 530, 265, 4, 2, 1, 20, 10, 5, 0, 0, 0, 0, 0 ],
[ 0, 53, 106, 53, 265, 530, 265, 1, 2, 1, 5, 10, 5, 0, 0, 0, 0, 0 ],
[ 0, 53, 106, 212, 265, 530, 1060, 1, 2, 4, 5, 10, 20, 0, 0, 0, 0, 0 ],
[ 0, 20, 10, 5, 4, 2, 1, 1060, 530, 265, 212, 106, 53, 0, 0, 0, 0, 0 ],
[ 0, 5, 10, 5, 1, 2, 1, 265, 530, 265, 53, 106, 53, 0, 0, 0, 0, 0 ],
[ 0, 5, 10, 20, 1, 2, 4, 265, 530, 1060, 53, 106, 212, 0, 0, 0, 0, 0 ],
[ 0, 4, 2, 1, 20, 10, 5, 212, 106, 53, 1060, 530, 265, 0, 0, 0, 0, 0 ],
[ 0, 1, 2, 1, 5, 10, 5, 53, 106, 53, 265, 530, 265, 0, 0, 0, 0, 0 ],
[ 6264, 1, 2, 4, 5, 10, 20, 53, 106, 212, 265, 530, 1060, 0, 0, 0, 0, 0 ]
];
$eqs = [
[ -1, 1, 1, 1, 1, 1, 1, 1, 1, 1, 1, 1, 1, 0, 0, 0, 0, 0 ],
[ -1, 0, 1, 2, 0, 1, 2, 0, 1, 2, 0, 1, 2, -2, 0, 0, 0, 0 ],
[ 0, 0, 0, 0, 1, 1, 1, 0, 0, 0, 1, 1, 1, 0, -2, 0, 0, 0 ],
[ 0, 0, 0, 0, 0, 0, 0, 1, 1, 1, 1, 1, 1, 0, 0, -2, 0, 0 ],
[ 0, 1, 2, 4, 5, 10, 20, 53, 106, 212, 265, 530, 1060, 0, 0, 0, -24, 0 ],
[ 0, 1060, 530, 265, 212, 106, 53, 20, 10, 5, 4, 2, 1, 0, 0, 0, 0, -24 ]
];
$p = new Polytope(INEQUALITIES=>$ieqs, EQUATIONS=>$eqs);
prefer_now "libnormaliz";
print $p->LATTICE_POINTS_GENERATORS->[0];
