use application "polytope";
use vars '$ieqs', '$eqs', '$p';
$ieqs = [
[ 0, 952, 476, 238, 136, 119, 68, 56, 34, 28, 17, 14, 8, 7, 4, 2, 1, 0, 0, 0, 0, 0 ],
[ 0, 238, 476, 238, 34, 119, 68, 14, 34, 28, 17, 14, 2, 7, 4, 2, 1, 0, 0, 0, 0, 0 ],
[ 0, 119, 238, 476, 17, 238, 34, 7, 68, 14, 34, 28, 1, 14, 2, 4, 2, 0, 0, 0, 0, 0 ],
[ 0, 136, 68, 34, 952, 17, 476, 8, 238, 4, 119, 2, 56, 1, 28, 14, 7, 0, 0, 0, 0, 0 ],
[ 0, 119, 238, 476, 17, 952, 34, 7, 68, 14, 136, 28, 1, 56, 2, 4, 8, 0, 0, 0, 0, 0 ],
[ 0, 34, 68, 34, 238, 17, 476, 2, 238, 4, 119, 2, 14, 1, 28, 14, 7, 0, 0, 0, 0, 0 ],
[ 0, 56, 28, 14, 8, 7, 4, 952, 2, 476, 1, 238, 136, 119, 68, 34, 17, 0, 0, 0, 0, 0 ],
[ 0, 17, 34, 68, 119, 34, 238, 1, 476, 2, 238, 4, 7, 2, 14, 28, 14, 0, 0, 0, 0, 0 ],
[ 0, 14, 28, 14, 2, 7, 4, 238, 2, 476, 1, 238, 34, 119, 68, 34, 17, 0, 0, 0, 0, 0 ],
[ 0, 17, 34, 68, 119, 136, 238, 1, 476, 2, 952, 4, 7, 8, 14, 28, 56, 0, 0, 0, 0, 0 ],
[ 0, 7, 14, 28, 1, 14, 2, 119, 4, 238, 2, 476, 17, 238, 34, 68, 34, 0, 0, 0, 0, 0 ],
[ 0, 8, 4, 2, 56, 1, 28, 136, 14, 68, 7, 34, 952, 17, 476, 238, 119, 0, 0, 0, 0, 0 ],
[ 0, 7, 14, 28, 1, 56, 2, 119, 4, 238, 8, 476, 17, 952, 34, 68, 136, 0, 0, 0, 0, 0 ],
[ 0, 2, 4, 2, 14, 1, 28, 34, 14, 68, 7, 34, 238, 17, 476, 238, 119, 0, 0, 0, 0, 0 ],
[ 0, 1, 2, 4, 7, 2, 14, 17, 28, 34, 14, 68, 119, 34, 238, 476, 238, 0, 0, 0, 0, 0 ],
[ 8760, 1, 2, 4, 7, 8, 14, 17, 28, 34, 56, 68, 119, 136, 238, 476, 952, 0, 0, 0, 0, 0 ]
];
$eqs = [
[ -1, 1, 1, 1, 1, 1, 1, 1, 1, 1, 1, 1, 1, 1, 1, 1, 1, 0, 0, 0, 0, 0 ],
[ -1, 0, 1, 2, 0, 3, 1, 0, 2, 1, 3, 2, 0, 3, 1, 2, 3, -2, 0, 0, 0, 0 ],
[ 0, 0, 0, 0, 1, 0, 1, 0, 1, 0, 1, 0, 1, 0, 1, 1, 1, 0, -2, 0, 0, 0 ],
[ 0, 0, 0, 0, 0, 0, 0, 1, 0, 1, 0, 1, 1, 1, 1, 1, 1, 0, 0, -2, 0, 0 ],
[ 0, 1, 2, 4, 7, 8, 14, 17, 28, 34, 56, 68, 119, 136, 238, 476, 952, 0, 0, 0, -24, 0 ],
[ 0, 952, 476, 238, 136, 119, 68, 56, 34, 28, 17, 14, 8, 7, 4, 2, 1, 0, 0, 0, 0, -24 ]
];
$p = new Polytope(INEQUALITIES=>$ieqs, EQUATIONS=>$eqs);
prefer_now "libnormaliz";
print $p->LATTICE_POINTS_GENERATORS->[0];
