use application "polytope";
use vars '$ieqs', '$eqs', '$p';
$ieqs = [
[ 0, 92, 46, 23, 4, 2, 1, 0, 0, 0, 0 ],
[ 0, 23, 46, 23, 1, 2, 1, 0, 0, 0, 0 ],
[ 0, 23, 46, 92, 1, 2, 4, 0, 0, 0, 0 ],
[ 0, 4, 2, 1, 92, 46, 23, 0, 0, 0, 0 ],
[ 0, 1, 2, 1, 23, 46, 23, 0, 0, 0, 0 ],
[ 648, 1, 2, 4, 23, 46, 92, 0, 0, 0, 0 ]
];
$eqs = [
[ -1, 1, 1, 1, 1, 1, 1, 0, 0, 0, 0 ],
[ -1, 0, 1, 2, 0, 1, 2, -2, 0, 0, 0 ],
[ 0, 0, 0, 0, 1, 1, 1, 0, -2, 0, 0 ],
[ 0, 1, 2, 4, 23, 46, 92, 0, 0, -24, 0 ],
[ 0, 92, 46, 23, 4, 2, 1, 0, 0, 0, -24 ]
];
$p = new Polytope(INEQUALITIES=>$ieqs, EQUATIONS=>$eqs);
print $p->LATTICE_POINTS;
