use application "polytope";
use vars '$ieqs', '$eqs', '$p';
$ieqs = [
[ 2016, 516, 258, 172, 129, 86, 43, 12, 6, 4, 3, 2, 1, 0, 0, 0, 0, 0 ],
[ 0, 129, 258, 43, 129, 86, 43, 3, 6, 1, 3, 2, 1, 0, 0, 0, 0, 0 ],
[ 0, 172, 86, 516, 43, 258, 129, 4, 2, 12, 1, 6, 3, 0, 0, 0, 0, 0 ],
[ 0, 129, 258, 43, 516, 86, 172, 3, 6, 1, 12, 2, 4, 0, 0, 0, 0, 0 ],
[ 0, 43, 86, 129, 43, 258, 129, 1, 2, 3, 1, 6, 3, 0, 0, 0, 0, 0 ],
[ 0, 43, 86, 129, 172, 258, 516, 1, 2, 3, 4, 6, 12, 0, 0, 0, 0, 0 ],
[ 0, 12, 6, 4, 3, 2, 1, 516, 258, 172, 129, 86, 43, 0, 0, 0, 0, 0 ],
[ 0, 3, 6, 1, 3, 2, 1, 129, 258, 43, 129, 86, 43, 0, 0, 0, 0, 0 ],
[ 0, 4, 2, 12, 1, 6, 3, 172, 86, 516, 43, 258, 129, 0, 0, 0, 0, 0 ],
[ 0, 3, 6, 1, 12, 2, 4, 129, 258, 43, 516, 86, 172, 0, 0, 0, 0, 0 ],
[ 0, 1, 2, 3, 1, 6, 3, 43, 86, 129, 43, 258, 129, 0, 0, 0, 0, 0 ],
[ 3024, 1, 2, 3, 4, 6, 12, 43, 86, 129, 172, 258, 516, 0, 0, 0, 0, 0 ]
];
$eqs = [
[ -1, 1, 1, 1, 1, 1, 1, 1, 1, 1, 1, 1, 1, 0, 0, 0, 0, 0 ],
[ -1, 0, 1, 0, 2, 1, 2, 0, 1, 0, 2, 1, 2, -2, 0, 0, 0, 0 ],
[ 0, 0, 0, 1, 0, 1, 1, 0, 0, 1, 0, 1, 1, 0, -2, 0, 0, 0 ],
[ 0, 0, 0, 0, 0, 0, 0, 1, 1, 1, 1, 1, 1, 0, 0, -2, 0, 0 ],
[ 0, 1, 2, 3, 4, 6, 12, 43, 86, 129, 172, 258, 516, 0, 0, 0, -24, 0 ],
[ 0, 516, 258, 172, 129, 86, 43, 12, 6, 4, 3, 2, 1, 0, 0, 0, 0, -24 ]
];
$p = new Polytope(INEQUALITIES=>$ieqs, EQUATIONS=>$eqs);
print $p->LATTICE_POINTS;
