use application "polytope";
use vars '$ieqs', '$eqs', '$p';
$ieqs = [
[ 0, 508, 254, 127, 4, 2, 1, 0, 0, 0, 0 ],
[ 0, 127, 254, 127, 1, 2, 1, 0, 0, 0, 0 ],
[ 0, 127, 254, 508, 1, 2, 4, 0, 0, 0, 0 ],
[ 0, 4, 2, 1, 508, 254, 127, 0, 0, 0, 0 ],
[ 0, 1, 2, 1, 127, 254, 127, 0, 0, 0, 0 ],
[ 12840, 1, 2, 4, 127, 254, 508, 0, 0, 0, 0 ]
];
$eqs = [
[ -1, 1, 1, 1, 1, 1, 1, 0, 0, 0, 0 ],
[ -1, 0, 1, 2, 0, 1, 2, -2, 0, 0, 0 ],
[ 0, 0, 0, 0, 1, 1, 1, 0, -2, 0, 0 ],
[ 0, 1, 2, 4, 127, 254, 508, 0, 0, -24, 0 ],
[ 0, 508, 254, 127, 4, 2, 1, 0, 0, 0, -24 ]
];
$p = new Polytope(INEQUALITIES=>$ieqs, EQUATIONS=>$eqs);
print $p->LATTICE_POINTS;
