use application "polytope";
use vars '$ieqs', '$eqs', '$p';
$ieqs = [
[ 0, 804, 402, 268, 201, 134, 67, 12, 6, 4, 3, 2, 1, 0, 0, 0, 0, 0 ],
[ 0, 201, 402, 67, 201, 134, 67, 3, 6, 1, 3, 2, 1, 0, 0, 0, 0, 0 ],
[ 0, 268, 134, 804, 67, 402, 201, 4, 2, 12, 1, 6, 3, 0, 0, 0, 0, 0 ],
[ 0, 201, 402, 67, 804, 134, 268, 3, 6, 1, 12, 2, 4, 0, 0, 0, 0, 0 ],
[ 0, 67, 134, 201, 67, 402, 201, 1, 2, 3, 1, 6, 3, 0, 0, 0, 0, 0 ],
[ 0, 67, 134, 201, 268, 402, 804, 1, 2, 3, 4, 6, 12, 0, 0, 0, 0, 0 ],
[ 0, 12, 6, 4, 3, 2, 1, 804, 402, 268, 201, 134, 67, 0, 0, 0, 0, 0 ],
[ 0, 3, 6, 1, 3, 2, 1, 201, 402, 67, 201, 134, 67, 0, 0, 0, 0, 0 ],
[ 0, 4, 2, 12, 1, 6, 3, 268, 134, 804, 67, 402, 201, 0, 0, 0, 0, 0 ],
[ 0, 3, 6, 1, 12, 2, 4, 201, 402, 67, 804, 134, 268, 0, 0, 0, 0, 0 ],
[ 0, 1, 2, 3, 1, 6, 3, 67, 134, 201, 67, 402, 201, 0, 0, 0, 0, 0 ],
[ 4728, 1, 2, 3, 4, 6, 12, 67, 134, 201, 268, 402, 804, 0, 0, 0, 0, 0 ]
];
$eqs = [
[ -1, 1, 1, 1, 1, 1, 1, 1, 1, 1, 1, 1, 1, 0, 0, 0, 0, 0 ],
[ -1, 0, 1, 0, 2, 1, 2, 0, 1, 0, 2, 1, 2, -2, 0, 0, 0, 0 ],
[ 0, 0, 0, 1, 0, 1, 1, 0, 0, 1, 0, 1, 1, 0, -2, 0, 0, 0 ],
[ 0, 0, 0, 0, 0, 0, 0, 1, 1, 1, 1, 1, 1, 0, 0, -2, 0, 0 ],
[ 0, 1, 2, 3, 4, 6, 12, 67, 134, 201, 268, 402, 804, 0, 0, 0, -24, 0 ],
[ 0, 804, 402, 268, 201, 134, 67, 12, 6, 4, 3, 2, 1, 0, 0, 0, 0, -24 ]
];
$p = new Polytope(INEQUALITIES=>$ieqs, EQUATIONS=>$eqs);
prefer_now "libnormaliz";
print $p->LATTICE_POINTS_GENERATORS->[0];
