use application "polytope";
use vars '$ieqs', '$eqs', '$p';
$ieqs = [
[ 0, 492, 246, 164, 123, 82, 41, 12, 6, 4, 3, 2, 1, 0, 0, 0, 0, 0 ],
[ 0, 123, 246, 41, 123, 82, 41, 3, 6, 1, 3, 2, 1, 0, 0, 0, 0, 0 ],
[ 0, 164, 82, 492, 41, 246, 123, 4, 2, 12, 1, 6, 3, 0, 0, 0, 0, 0 ],
[ 0, 123, 246, 41, 492, 82, 164, 3, 6, 1, 12, 2, 4, 0, 0, 0, 0, 0 ],
[ 0, 41, 82, 123, 41, 246, 123, 1, 2, 3, 1, 6, 3, 0, 0, 0, 0, 0 ],
[ 0, 41, 82, 123, 164, 246, 492, 1, 2, 3, 4, 6, 12, 0, 0, 0, 0, 0 ],
[ 0, 12, 6, 4, 3, 2, 1, 492, 246, 164, 123, 82, 41, 0, 0, 0, 0, 0 ],
[ 0, 3, 6, 1, 3, 2, 1, 123, 246, 41, 123, 82, 41, 0, 0, 0, 0, 0 ],
[ 0, 4, 2, 12, 1, 6, 3, 164, 82, 492, 41, 246, 123, 0, 0, 0, 0, 0 ],
[ 0, 3, 6, 1, 12, 2, 4, 123, 246, 41, 492, 82, 164, 0, 0, 0, 0, 0 ],
[ 0, 1, 2, 3, 1, 6, 3, 41, 82, 123, 41, 246, 123, 0, 0, 0, 0, 0 ],
[ 4776, 1, 2, 3, 4, 6, 12, 41, 82, 123, 164, 246, 492, 0, 0, 0, 0, 0 ]
];
$eqs = [
[ -1, 1, 1, 1, 1, 1, 1, 1, 1, 1, 1, 1, 1, 0, 0, 0, 0, 0 ],
[ -1, 0, 1, 0, 2, 1, 2, 0, 1, 0, 2, 1, 2, -2, 0, 0, 0, 0 ],
[ 0, 0, 0, 1, 0, 1, 1, 0, 0, 1, 0, 1, 1, 0, -2, 0, 0, 0 ],
[ 0, 0, 0, 0, 0, 0, 0, 1, 1, 1, 1, 1, 1, 0, 0, -2, 0, 0 ],
[ 0, 1, 2, 3, 4, 6, 12, 41, 82, 123, 164, 246, 492, 0, 0, 0, -24, 0 ],
[ 0, 492, 246, 164, 123, 82, 41, 12, 6, 4, 3, 2, 1, 0, 0, 0, 0, -24 ]
];
$p = new Polytope(INEQUALITIES=>$ieqs, EQUATIONS=>$eqs);
print $p->LATTICE_POINTS;
