[ PowerSequence(IntegerRing()) |
\[ -7, 16, -4, -1, 7, -10 ],
\[ -5, 14, -4, 1, 5, -10 ],
\[ -4, 9, -2, -2, 8, -8 ],
\[ -4, 11, -4, -2, 10, -10 ],
\[ -3, 6, 0, -5, 17, -14 ],
\[ -3, 7, -1, 3, 6, -11 ],
\[ -2, 1, 6, 0, 4, -8 ],
\[ -2, 3, 2, 0, 2, -4 ],
\[ -2, 3, 4, 0, 6, -10 ],
\[ -2, 5, -2, 0, 0, 0 ],
\[ -2, 5, 0, 0, 4, -6 ],
\[ -2, 7, -2, 0, 6, -8 ],
\[ -1, 0, 4, -3, 11, -10 ],
\[ -1, 2, 0, -3, 9, -6 ],
\[ -1, 2, 2, -3, 13, -12 ],
\[ -1, 3, 1, 5, 2, -9 ],
\[ -1, 4, 0, -3, 15, -14 ],
\[ 0, -1, 2, -6, 18, -12 ],
\[ 0, 0, 1, 2, 7, -9 ],
\[ 0, 1, 0, -6, 20, -14 ],
\[ 0, 3, 0, 2, 2, -6 ],
\[ 0, 5, -2, 2, 4, -8 ],
\[ 1, -2, 4, -1, 9, -10 ],
\[ 1, 0, 0, -1, 7, -6 ],
\[ 1, 0, 2, -1, 11, -12 ],
\[ 1, 5, -1, -1, 8, -11 ],
\[ 3, -2, 2, 1, 9, -12 ],
\[ 3, 1, 1, 1, 4, -9 ],
\[ 4, -2, 1, -2, 9, -9 ]
]
