use application "polytope";
use vars '$ieqs', '$eqs', '$p';
$ieqs = [
[ 0, 988, 494, 247, 76, 52, 38, 26, 19, 13, 4, 2, 1, 0, 0, 0, 0, 0 ],
[ 0, 247, 494, 247, 19, 13, 38, 26, 19, 13, 1, 2, 1, 0, 0, 0, 0, 0 ],
[ 0, 247, 494, 988, 19, 13, 38, 26, 76, 52, 1, 2, 4, 0, 0, 0, 0, 0 ],
[ 0, 76, 38, 19, 988, 4, 494, 2, 247, 1, 52, 26, 13, 0, 0, 0, 0, 0 ],
[ 0, 52, 26, 13, 4, 988, 2, 494, 1, 247, 76, 38, 19, 0, 0, 0, 0, 0 ],
[ 0, 19, 38, 19, 247, 1, 494, 2, 247, 1, 13, 26, 13, 0, 0, 0, 0, 0 ],
[ 0, 13, 26, 13, 1, 247, 2, 494, 1, 247, 19, 38, 19, 0, 0, 0, 0, 0 ],
[ 0, 19, 38, 76, 247, 1, 494, 2, 988, 4, 13, 26, 52, 0, 0, 0, 0, 0 ],
[ 0, 13, 26, 52, 1, 247, 2, 494, 4, 988, 19, 38, 76, 0, 0, 0, 0, 0 ],
[ 0, 4, 2, 1, 52, 76, 26, 38, 13, 19, 988, 494, 247, 0, 0, 0, 0, 0 ],
[ 0, 1, 2, 1, 13, 19, 26, 38, 13, 19, 247, 494, 247, 0, 0, 0, 0, 0 ],
[ 10104, 1, 2, 4, 13, 19, 26, 38, 52, 76, 247, 494, 988, 0, 0, 0, 0, 0 ]
];
$eqs = [
[ -1, 1, 1, 1, 1, 1, 1, 1, 1, 1, 1, 1, 1, 0, 0, 0, 0, 0 ],
[ -1, 0, 1, 2, 0, 0, 1, 1, 2, 2, 0, 1, 2, -2, 0, 0, 0, 0 ],
[ 0, 0, 0, 0, 1, 0, 1, 0, 1, 0, 1, 1, 1, 0, -2, 0, 0, 0 ],
[ 0, 0, 0, 0, 0, 1, 0, 1, 0, 1, 1, 1, 1, 0, 0, -2, 0, 0 ],
[ 0, 1, 2, 4, 13, 19, 26, 38, 52, 76, 247, 494, 988, 0, 0, 0, -24, 0 ],
[ 0, 988, 494, 247, 76, 52, 38, 26, 19, 13, 4, 2, 1, 0, 0, 0, 0, -24 ]
];
$p = new Polytope(INEQUALITIES=>$ieqs, EQUATIONS=>$eqs);
prefer_now "libnormaliz";
print $p->LATTICE_POINTS_GENERATORS->[0];
