use application "polytope";
use vars '$ieqs', '$eqs', '$p';
$ieqs = [
[ 0, 740, 370, 185, 148, 74, 37, 20, 10, 5, 4, 2, 1, 0, 0, 0, 0, 0 ],
[ 0, 185, 370, 185, 37, 74, 37, 5, 10, 5, 1, 2, 1, 0, 0, 0, 0, 0 ],
[ 0, 185, 370, 740, 37, 74, 148, 5, 10, 20, 1, 2, 4, 0, 0, 0, 0, 0 ],
[ 0, 148, 74, 37, 740, 370, 185, 4, 2, 1, 20, 10, 5, 0, 0, 0, 0, 0 ],
[ 0, 37, 74, 37, 185, 370, 185, 1, 2, 1, 5, 10, 5, 0, 0, 0, 0, 0 ],
[ 0, 37, 74, 148, 185, 370, 740, 1, 2, 4, 5, 10, 20, 0, 0, 0, 0, 0 ],
[ 0, 20, 10, 5, 4, 2, 1, 740, 370, 185, 148, 74, 37, 0, 0, 0, 0, 0 ],
[ 0, 5, 10, 5, 1, 2, 1, 185, 370, 185, 37, 74, 37, 0, 0, 0, 0, 0 ],
[ 0, 5, 10, 20, 1, 2, 4, 185, 370, 740, 37, 74, 148, 0, 0, 0, 0, 0 ],
[ 0, 4, 2, 1, 20, 10, 5, 148, 74, 37, 740, 370, 185, 0, 0, 0, 0, 0 ],
[ 0, 1, 2, 1, 5, 10, 5, 37, 74, 37, 185, 370, 185, 0, 0, 0, 0, 0 ],
[ 7416, 1, 2, 4, 5, 10, 20, 37, 74, 148, 185, 370, 740, 0, 0, 0, 0, 0 ]
];
$eqs = [
[ -1, 1, 1, 1, 1, 1, 1, 1, 1, 1, 1, 1, 1, 0, 0, 0, 0, 0 ],
[ -1, 0, 1, 2, 0, 1, 2, 0, 1, 2, 0, 1, 2, -2, 0, 0, 0, 0 ],
[ 0, 0, 0, 0, 1, 1, 1, 0, 0, 0, 1, 1, 1, 0, -2, 0, 0, 0 ],
[ 0, 0, 0, 0, 0, 0, 0, 1, 1, 1, 1, 1, 1, 0, 0, -2, 0, 0 ],
[ 0, 1, 2, 4, 5, 10, 20, 37, 74, 148, 185, 370, 740, 0, 0, 0, -24, 0 ],
[ 0, 740, 370, 185, 148, 74, 37, 20, 10, 5, 4, 2, 1, 0, 0, 0, 0, -24 ]
];
$p = new Polytope(INEQUALITIES=>$ieqs, EQUATIONS=>$eqs);
prefer_now "libnormaliz";
print $p->LATTICE_POINTS_GENERATORS->[0];
