use application "polytope";
use vars '$ieqs', '$eqs', '$p';
$ieqs = [
[ 0, 24, 12, 8, 6, 4, 3, 2, 1, 0, 0, 0, 0 ],
[ 0, 6, 12, 2, 6, 4, 3, 2, 1, 0, 0, 0, 0 ],
[ 0, 8, 4, 24, 2, 12, 1, 6, 3, 0, 0, 0, 0 ],
[ 0, 3, 6, 1, 12, 2, 6, 4, 2, 0, 0, 0, 0 ],
[ 0, 2, 4, 6, 2, 12, 1, 6, 3, 0, 0, 0, 0 ],
[ 0, 3, 6, 1, 12, 2, 24, 4, 8, 0, 0, 0, 0 ],
[ 0, 1, 2, 3, 4, 6, 2, 12, 6, 0, 0, 0, 0 ],
[ 48, 1, 2, 3, 4, 6, 8, 12, 24, 0, 0, 0, 0 ]
];
$eqs = [
[ -1, 1, 1, 1, 1, 1, 1, 1, 1, 0, 0, 0, 0 ],
[ -1, 0, 1, 0, 2, 1, 3, 2, 3, -2, 0, 0, 0 ],
[ 0, 0, 0, 1, 0, 1, 0, 1, 1, 0, -2, 0, 0 ],
[ 0, 1, 2, 3, 4, 6, 8, 12, 24, 0, 0, -24, 0 ],
[ 0, 24, 12, 8, 6, 4, 3, 2, 1, 0, 0, 0, -24 ]
];
$p = new Polytope(INEQUALITIES=>$ieqs, EQUATIONS=>$eqs);
print $p->LATTICE_POINTS;
