use application "polytope";
use vars '$ieqs', '$eqs', '$p';
$ieqs = [
[ 0, 728, 364, 182, 104, 91, 56, 52, 28, 26, 14, 13, 8, 7, 4, 2, 1, 0, 0, 0, 0, 0 ],
[ 0, 182, 364, 182, 26, 91, 14, 52, 28, 26, 14, 13, 2, 7, 4, 2, 1, 0, 0, 0, 0, 0 ],
[ 0, 91, 182, 364, 13, 182, 7, 26, 14, 52, 28, 26, 1, 14, 2, 4, 2, 0, 0, 0, 0, 0 ],
[ 0, 104, 52, 26, 728, 13, 8, 364, 4, 182, 2, 91, 56, 1, 28, 14, 7, 0, 0, 0, 0, 0 ],
[ 0, 91, 182, 364, 13, 728, 7, 26, 14, 52, 28, 104, 1, 56, 2, 4, 8, 0, 0, 0, 0, 0 ],
[ 0, 56, 28, 14, 8, 7, 728, 4, 364, 2, 182, 1, 104, 91, 52, 26, 13, 0, 0, 0, 0, 0 ],
[ 0, 26, 52, 26, 182, 13, 2, 364, 4, 182, 2, 91, 14, 1, 28, 14, 7, 0, 0, 0, 0, 0 ],
[ 0, 14, 28, 14, 2, 7, 182, 4, 364, 2, 182, 1, 26, 91, 52, 26, 13, 0, 0, 0, 0, 0 ],
[ 0, 13, 26, 52, 91, 26, 1, 182, 2, 364, 4, 182, 7, 2, 14, 28, 14, 0, 0, 0, 0, 0 ],
[ 0, 7, 14, 28, 1, 14, 91, 2, 182, 4, 364, 2, 13, 182, 26, 52, 26, 0, 0, 0, 0, 0 ],
[ 0, 13, 26, 52, 91, 104, 1, 182, 2, 364, 4, 728, 7, 8, 14, 28, 56, 0, 0, 0, 0, 0 ],
[ 0, 8, 4, 2, 56, 1, 104, 28, 52, 14, 26, 7, 728, 13, 364, 182, 91, 0, 0, 0, 0, 0 ],
[ 0, 7, 14, 28, 1, 56, 91, 2, 182, 4, 364, 8, 13, 728, 26, 52, 104, 0, 0, 0, 0, 0 ],
[ 0, 2, 4, 2, 14, 1, 26, 28, 52, 14, 26, 7, 182, 13, 364, 182, 91, 0, 0, 0, 0, 0 ],
[ 0, 1, 2, 4, 7, 2, 13, 14, 26, 28, 52, 14, 91, 26, 182, 364, 182, 0, 0, 0, 0, 0 ],
[ 6648, 1, 2, 4, 7, 8, 13, 14, 26, 28, 52, 56, 91, 104, 182, 364, 728, 0, 0, 0, 0, 0 ]
];
$eqs = [
[ -1, 1, 1, 1, 1, 1, 1, 1, 1, 1, 1, 1, 1, 1, 1, 1, 1, 0, 0, 0, 0, 0 ],
[ -1, 0, 1, 2, 0, 3, 0, 1, 1, 2, 2, 3, 0, 3, 1, 2, 3, -2, 0, 0, 0, 0 ],
[ 0, 0, 0, 0, 1, 0, 0, 1, 0, 1, 0, 1, 1, 0, 1, 1, 1, 0, -2, 0, 0, 0 ],
[ 0, 0, 0, 0, 0, 0, 1, 0, 1, 0, 1, 0, 1, 1, 1, 1, 1, 0, 0, -2, 0, 0 ],
[ 0, 1, 2, 4, 7, 8, 13, 14, 26, 28, 52, 56, 91, 104, 182, 364, 728, 0, 0, 0, -24, 0 ],
[ 0, 728, 364, 182, 104, 91, 56, 52, 28, 26, 14, 13, 8, 7, 4, 2, 1, 0, 0, 0, 0, -24 ]
];
$p = new Polytope(INEQUALITIES=>$ieqs, EQUATIONS=>$eqs);
prefer_now "libnormaliz";
print $p->LATTICE_POINTS_GENERATORS->[0];
