use application "polytope";
use vars '$ieqs', '$eqs', '$p';
$ieqs = [
[ 0, 520, 260, 130, 104, 65, 52, 40, 26, 20, 13, 10, 8, 5, 4, 2, 1, 0, 0, 0, 0, 0 ],
[ 0, 130, 260, 130, 26, 65, 52, 10, 26, 20, 13, 10, 2, 5, 4, 2, 1, 0, 0, 0, 0, 0 ],
[ 0, 65, 130, 260, 13, 130, 26, 5, 52, 10, 26, 20, 1, 10, 2, 4, 2, 0, 0, 0, 0, 0 ],
[ 0, 104, 52, 26, 520, 13, 260, 8, 130, 4, 65, 2, 40, 1, 20, 10, 5, 0, 0, 0, 0, 0 ],
[ 0, 65, 130, 260, 13, 520, 26, 5, 52, 10, 104, 20, 1, 40, 2, 4, 8, 0, 0, 0, 0, 0 ],
[ 0, 26, 52, 26, 130, 13, 260, 2, 130, 4, 65, 2, 10, 1, 20, 10, 5, 0, 0, 0, 0, 0 ],
[ 0, 40, 20, 10, 8, 5, 4, 520, 2, 260, 1, 130, 104, 65, 52, 26, 13, 0, 0, 0, 0, 0 ],
[ 0, 13, 26, 52, 65, 26, 130, 1, 260, 2, 130, 4, 5, 2, 10, 20, 10, 0, 0, 0, 0, 0 ],
[ 0, 10, 20, 10, 2, 5, 4, 130, 2, 260, 1, 130, 26, 65, 52, 26, 13, 0, 0, 0, 0, 0 ],
[ 0, 13, 26, 52, 65, 104, 130, 1, 260, 2, 520, 4, 5, 8, 10, 20, 40, 0, 0, 0, 0, 0 ],
[ 0, 5, 10, 20, 1, 10, 2, 65, 4, 130, 2, 260, 13, 130, 26, 52, 26, 0, 0, 0, 0, 0 ],
[ 0, 8, 4, 2, 40, 1, 20, 104, 10, 52, 5, 26, 520, 13, 260, 130, 65, 0, 0, 0, 0, 0 ],
[ 0, 5, 10, 20, 1, 40, 2, 65, 4, 130, 8, 260, 13, 520, 26, 52, 104, 0, 0, 0, 0, 0 ],
[ 0, 2, 4, 2, 10, 1, 20, 26, 10, 52, 5, 26, 130, 13, 260, 130, 65, 0, 0, 0, 0, 0 ],
[ 0, 1, 2, 4, 5, 2, 10, 13, 20, 26, 10, 52, 65, 26, 130, 260, 130, 0, 0, 0, 0, 0 ],
[ 2520, 1, 2, 4, 5, 8, 10, 13, 20, 26, 40, 52, 65, 104, 130, 260, 520, 0, 0, 0, 0, 0 ]
];
$eqs = [
[ -1, 1, 1, 1, 1, 1, 1, 1, 1, 1, 1, 1, 1, 1, 1, 1, 1, 0, 0, 0, 0, 0 ],
[ -1, 0, 1, 2, 0, 3, 1, 0, 2, 1, 3, 2, 0, 3, 1, 2, 3, -2, 0, 0, 0, 0 ],
[ 0, 0, 0, 0, 1, 0, 1, 0, 1, 0, 1, 0, 1, 0, 1, 1, 1, 0, -2, 0, 0, 0 ],
[ 0, 0, 0, 0, 0, 0, 0, 1, 0, 1, 0, 1, 1, 1, 1, 1, 1, 0, 0, -2, 0, 0 ],
[ 0, 1, 2, 4, 5, 8, 10, 13, 20, 26, 40, 52, 65, 104, 130, 260, 520, 0, 0, 0, -24, 0 ],
[ 0, 520, 260, 130, 104, 65, 52, 40, 26, 20, 13, 10, 8, 5, 4, 2, 1, 0, 0, 0, 0, -24 ]
];
$p = new Polytope(INEQUALITIES=>$ieqs, EQUATIONS=>$eqs);
print $p->LATTICE_POINTS;
