use application "polytope";
use vars '$ieqs', '$eqs', '$p';
$ieqs = [
[ 0, 884, 442, 221, 68, 52, 34, 26, 17, 13, 4, 2, 1, 0, 0, 0, 0, 0 ],
[ 0, 221, 442, 221, 17, 13, 34, 26, 17, 13, 1, 2, 1, 0, 0, 0, 0, 0 ],
[ 0, 221, 442, 884, 17, 13, 34, 26, 68, 52, 1, 2, 4, 0, 0, 0, 0, 0 ],
[ 0, 68, 34, 17, 884, 4, 442, 2, 221, 1, 52, 26, 13, 0, 0, 0, 0, 0 ],
[ 0, 52, 26, 13, 4, 884, 2, 442, 1, 221, 68, 34, 17, 0, 0, 0, 0, 0 ],
[ 0, 17, 34, 17, 221, 1, 442, 2, 221, 1, 13, 26, 13, 0, 0, 0, 0, 0 ],
[ 0, 13, 26, 13, 1, 221, 2, 442, 1, 221, 17, 34, 17, 0, 0, 0, 0, 0 ],
[ 0, 17, 34, 68, 221, 1, 442, 2, 884, 4, 13, 26, 52, 0, 0, 0, 0, 0 ],
[ 0, 13, 26, 52, 1, 221, 2, 442, 4, 884, 17, 34, 68, 0, 0, 0, 0, 0 ],
[ 0, 4, 2, 1, 52, 68, 26, 34, 13, 17, 884, 442, 221, 0, 0, 0, 0, 0 ],
[ 0, 1, 2, 1, 13, 17, 26, 34, 13, 17, 221, 442, 221, 0, 0, 0, 0, 0 ],
[ 9000, 1, 2, 4, 13, 17, 26, 34, 52, 68, 221, 442, 884, 0, 0, 0, 0, 0 ]
];
$eqs = [
[ -1, 1, 1, 1, 1, 1, 1, 1, 1, 1, 1, 1, 1, 0, 0, 0, 0, 0 ],
[ -1, 0, 1, 2, 0, 0, 1, 1, 2, 2, 0, 1, 2, -2, 0, 0, 0, 0 ],
[ 0, 0, 0, 0, 1, 0, 1, 0, 1, 0, 1, 1, 1, 0, -2, 0, 0, 0 ],
[ 0, 0, 0, 0, 0, 1, 0, 1, 0, 1, 1, 1, 1, 0, 0, -2, 0, 0 ],
[ 0, 1, 2, 4, 13, 17, 26, 34, 52, 68, 221, 442, 884, 0, 0, 0, -24, 0 ],
[ 0, 884, 442, 221, 68, 52, 34, 26, 17, 13, 4, 2, 1, 0, 0, 0, 0, -24 ]
];
$p = new Polytope(INEQUALITIES=>$ieqs, EQUATIONS=>$eqs);
prefer_now "libnormaliz";
print $p->LATTICE_POINTS_GENERATORS->[0];
