use application "polytope";
use vars '$ieqs', '$eqs', '$p';
$ieqs = [
[ 0, 564, 282, 188, 141, 94, 47, 12, 6, 4, 3, 2, 1, 0, 0, 0, 0, 0 ],
[ 0, 141, 282, 47, 141, 94, 47, 3, 6, 1, 3, 2, 1, 0, 0, 0, 0, 0 ],
[ 0, 188, 94, 564, 47, 282, 141, 4, 2, 12, 1, 6, 3, 0, 0, 0, 0, 0 ],
[ 0, 141, 282, 47, 564, 94, 188, 3, 6, 1, 12, 2, 4, 0, 0, 0, 0, 0 ],
[ 0, 47, 94, 141, 47, 282, 141, 1, 2, 3, 1, 6, 3, 0, 0, 0, 0, 0 ],
[ 0, 47, 94, 141, 188, 282, 564, 1, 2, 3, 4, 6, 12, 0, 0, 0, 0, 0 ],
[ 0, 12, 6, 4, 3, 2, 1, 564, 282, 188, 141, 94, 47, 0, 0, 0, 0, 0 ],
[ 0, 3, 6, 1, 3, 2, 1, 141, 282, 47, 141, 94, 47, 0, 0, 0, 0, 0 ],
[ 0, 4, 2, 12, 1, 6, 3, 188, 94, 564, 47, 282, 141, 0, 0, 0, 0, 0 ],
[ 0, 3, 6, 1, 12, 2, 4, 141, 282, 47, 564, 94, 188, 0, 0, 0, 0, 0 ],
[ 0, 1, 2, 3, 1, 6, 3, 47, 94, 141, 47, 282, 141, 0, 0, 0, 0, 0 ],
[ 5496, 1, 2, 3, 4, 6, 12, 47, 94, 141, 188, 282, 564, 0, 0, 0, 0, 0 ]
];
$eqs = [
[ -1, 1, 1, 1, 1, 1, 1, 1, 1, 1, 1, 1, 1, 0, 0, 0, 0, 0 ],
[ -1, 0, 1, 0, 2, 1, 2, 0, 1, 0, 2, 1, 2, -2, 0, 0, 0, 0 ],
[ 0, 0, 0, 1, 0, 1, 1, 0, 0, 1, 0, 1, 1, 0, -2, 0, 0, 0 ],
[ 0, 0, 0, 0, 0, 0, 0, 1, 1, 1, 1, 1, 1, 0, 0, -2, 0, 0 ],
[ 0, 1, 2, 3, 4, 6, 12, 47, 94, 141, 188, 282, 564, 0, 0, 0, -24, 0 ],
[ 0, 564, 282, 188, 141, 94, 47, 12, 6, 4, 3, 2, 1, 0, 0, 0, 0, -24 ]
];
$p = new Polytope(INEQUALITIES=>$ieqs, EQUATIONS=>$eqs);
print $p->LATTICE_POINTS;
