use application "polytope";
use vars '$ieqs', '$eqs', '$p';
$ieqs = [
[ 0, 868, 434, 217, 124, 62, 31, 28, 14, 7, 4, 2, 1, 0, 0, 0, 0, 0 ],
[ 0, 217, 434, 217, 31, 62, 31, 7, 14, 7, 1, 2, 1, 0, 0, 0, 0, 0 ],
[ 0, 217, 434, 868, 31, 62, 124, 7, 14, 28, 1, 2, 4, 0, 0, 0, 0, 0 ],
[ 0, 124, 62, 31, 868, 434, 217, 4, 2, 1, 28, 14, 7, 0, 0, 0, 0, 0 ],
[ 0, 31, 62, 31, 217, 434, 217, 1, 2, 1, 7, 14, 7, 0, 0, 0, 0, 0 ],
[ 0, 31, 62, 124, 217, 434, 868, 1, 2, 4, 7, 14, 28, 0, 0, 0, 0, 0 ],
[ 0, 28, 14, 7, 4, 2, 1, 868, 434, 217, 124, 62, 31, 0, 0, 0, 0, 0 ],
[ 0, 7, 14, 7, 1, 2, 1, 217, 434, 217, 31, 62, 31, 0, 0, 0, 0, 0 ],
[ 0, 7, 14, 28, 1, 2, 4, 217, 434, 868, 31, 62, 124, 0, 0, 0, 0, 0 ],
[ 0, 4, 2, 1, 28, 14, 7, 124, 62, 31, 868, 434, 217, 0, 0, 0, 0, 0 ],
[ 0, 1, 2, 1, 7, 14, 7, 31, 62, 31, 217, 434, 217, 0, 0, 0, 0, 0 ],
[ 5136, 1, 2, 4, 7, 14, 28, 31, 62, 124, 217, 434, 868, 0, 0, 0, 0, 0 ]
];
$eqs = [
[ -1, 1, 1, 1, 1, 1, 1, 1, 1, 1, 1, 1, 1, 0, 0, 0, 0, 0 ],
[ -1, 0, 1, 2, 0, 1, 2, 0, 1, 2, 0, 1, 2, -2, 0, 0, 0, 0 ],
[ 0, 0, 0, 0, 1, 1, 1, 0, 0, 0, 1, 1, 1, 0, -2, 0, 0, 0 ],
[ 0, 0, 0, 0, 0, 0, 0, 1, 1, 1, 1, 1, 1, 0, 0, -2, 0, 0 ],
[ 0, 1, 2, 4, 7, 14, 28, 31, 62, 124, 217, 434, 868, 0, 0, 0, -24, 0 ],
[ 0, 868, 434, 217, 124, 62, 31, 28, 14, 7, 4, 2, 1, 0, 0, 0, 0, -24 ]
];
$p = new Polytope(INEQUALITIES=>$ieqs, EQUATIONS=>$eqs);
prefer_now "libnormaliz";
print $p->LATTICE_POINTS_GENERATORS->[0];
