use application "polytope";
use vars '$ieqs', '$eqs', '$p';
$ieqs = [
[ 3576, 860, 430, 215, 172, 86, 43, 20, 10, 5, 4, 2, 1, 0, 0, 0, 0, 0 ],
[ 0, 215, 430, 215, 43, 86, 43, 5, 10, 5, 1, 2, 1, 0, 0, 0, 0, 0 ],
[ 0, 215, 430, 860, 43, 86, 172, 5, 10, 20, 1, 2, 4, 0, 0, 0, 0, 0 ],
[ 0, 172, 86, 43, 860, 430, 215, 4, 2, 1, 20, 10, 5, 0, 0, 0, 0, 0 ],
[ 0, 43, 86, 43, 215, 430, 215, 1, 2, 1, 5, 10, 5, 0, 0, 0, 0, 0 ],
[ 0, 43, 86, 172, 215, 430, 860, 1, 2, 4, 5, 10, 20, 0, 0, 0, 0, 0 ],
[ 0, 20, 10, 5, 4, 2, 1, 860, 430, 215, 172, 86, 43, 0, 0, 0, 0, 0 ],
[ 0, 5, 10, 5, 1, 2, 1, 215, 430, 215, 43, 86, 43, 0, 0, 0, 0, 0 ],
[ 0, 5, 10, 20, 1, 2, 4, 215, 430, 860, 43, 86, 172, 0, 0, 0, 0, 0 ],
[ 0, 4, 2, 1, 20, 10, 5, 172, 86, 43, 860, 430, 215, 0, 0, 0, 0, 0 ],
[ 0, 1, 2, 1, 5, 10, 5, 43, 86, 43, 215, 430, 215, 0, 0, 0, 0, 0 ],
[ 1680, 1, 2, 4, 5, 10, 20, 43, 86, 172, 215, 430, 860, 0, 0, 0, 0, 0 ]
];
$eqs = [
[ -1, 1, 1, 1, 1, 1, 1, 1, 1, 1, 1, 1, 1, 0, 0, 0, 0, 0 ],
[ -1, 0, 1, 2, 0, 1, 2, 0, 1, 2, 0, 1, 2, -2, 0, 0, 0, 0 ],
[ 0, 0, 0, 0, 1, 1, 1, 0, 0, 0, 1, 1, 1, 0, -2, 0, 0, 0 ],
[ 0, 0, 0, 0, 0, 0, 0, 1, 1, 1, 1, 1, 1, 0, 0, -2, 0, 0 ],
[ 0, 1, 2, 4, 5, 10, 20, 43, 86, 172, 215, 430, 860, 0, 0, 0, -24, 0 ],
[ 0, 860, 430, 215, 172, 86, 43, 20, 10, 5, 4, 2, 1, 0, 0, 0, 0, -24 ]
];
$p = new Polytope(INEQUALITIES=>$ieqs, EQUATIONS=>$eqs);
prefer_now "libnormaliz";
print $p->LATTICE_POINTS_GENERATORS->[0];
