use application "polytope";
use vars '$ieqs', '$eqs', '$p';
$ieqs = [
[ 0, 440, 220, 110, 88, 55, 44, 40, 22, 20, 11, 10, 8, 5, 4, 2, 1, 0, 0, 0, 0, 0 ],
[ 0, 110, 220, 110, 22, 55, 44, 10, 22, 20, 11, 10, 2, 5, 4, 2, 1, 0, 0, 0, 0, 0 ],
[ 0, 55, 110, 220, 11, 110, 22, 5, 44, 10, 22, 20, 1, 10, 2, 4, 2, 0, 0, 0, 0, 0 ],
[ 0, 88, 44, 22, 440, 11, 220, 8, 110, 4, 55, 2, 40, 1, 20, 10, 5, 0, 0, 0, 0, 0 ],
[ 0, 55, 110, 220, 11, 440, 22, 5, 44, 10, 88, 20, 1, 40, 2, 4, 8, 0, 0, 0, 0, 0 ],
[ 0, 22, 44, 22, 110, 11, 220, 2, 110, 4, 55, 2, 10, 1, 20, 10, 5, 0, 0, 0, 0, 0 ],
[ 0, 40, 20, 10, 8, 5, 4, 440, 2, 220, 1, 110, 88, 55, 44, 22, 11, 0, 0, 0, 0, 0 ],
[ 0, 11, 22, 44, 55, 22, 110, 1, 220, 2, 110, 4, 5, 2, 10, 20, 10, 0, 0, 0, 0, 0 ],
[ 0, 10, 20, 10, 2, 5, 4, 110, 2, 220, 1, 110, 22, 55, 44, 22, 11, 0, 0, 0, 0, 0 ],
[ 0, 11, 22, 44, 55, 88, 110, 1, 220, 2, 440, 4, 5, 8, 10, 20, 40, 0, 0, 0, 0, 0 ],
[ 0, 5, 10, 20, 1, 10, 2, 55, 4, 110, 2, 220, 11, 110, 22, 44, 22, 0, 0, 0, 0, 0 ],
[ 0, 8, 4, 2, 40, 1, 20, 88, 10, 44, 5, 22, 440, 11, 220, 110, 55, 0, 0, 0, 0, 0 ],
[ 0, 5, 10, 20, 1, 40, 2, 55, 4, 110, 8, 220, 11, 440, 22, 44, 88, 0, 0, 0, 0, 0 ],
[ 0, 2, 4, 2, 10, 1, 20, 22, 10, 44, 5, 22, 110, 11, 220, 110, 55, 0, 0, 0, 0, 0 ],
[ 0, 1, 2, 4, 5, 2, 10, 11, 20, 22, 10, 44, 55, 22, 110, 220, 110, 0, 0, 0, 0, 0 ],
[ 3912, 1, 2, 4, 5, 8, 10, 11, 20, 22, 40, 44, 55, 88, 110, 220, 440, 0, 0, 0, 0, 0 ]
];
$eqs = [
[ -1, 1, 1, 1, 1, 1, 1, 1, 1, 1, 1, 1, 1, 1, 1, 1, 1, 0, 0, 0, 0, 0 ],
[ -1, 0, 1, 2, 0, 3, 1, 0, 2, 1, 3, 2, 0, 3, 1, 2, 3, -2, 0, 0, 0, 0 ],
[ 0, 0, 0, 0, 1, 0, 1, 0, 1, 0, 1, 0, 1, 0, 1, 1, 1, 0, -2, 0, 0, 0 ],
[ 0, 0, 0, 0, 0, 0, 0, 1, 0, 1, 0, 1, 1, 1, 1, 1, 1, 0, 0, -2, 0, 0 ],
[ 0, 1, 2, 4, 5, 8, 10, 11, 20, 22, 40, 44, 55, 88, 110, 220, 440, 0, 0, 0, -24, 0 ],
[ 0, 440, 220, 110, 88, 55, 44, 40, 22, 20, 11, 10, 8, 5, 4, 2, 1, 0, 0, 0, 0, -24 ]
];
$p = new Polytope(INEQUALITIES=>$ieqs, EQUATIONS=>$eqs);
prefer_now "libnormaliz";
print $p->LATTICE_POINTS_GENERATORS->[0];
