use application "polytope";
use vars '$ieqs', '$eqs', '$p';
$ieqs = [
[ 0, 532, 266, 133, 76, 38, 28, 19, 14, 7, 4, 2, 1, 0, 0, 0, 0, 0 ],
[ 0, 133, 266, 133, 19, 38, 7, 19, 14, 7, 1, 2, 1, 0, 0, 0, 0, 0 ],
[ 0, 133, 266, 532, 19, 38, 7, 76, 14, 28, 1, 2, 4, 0, 0, 0, 0, 0 ],
[ 0, 76, 38, 19, 532, 266, 4, 133, 2, 1, 28, 14, 7, 0, 0, 0, 0, 0 ],
[ 0, 19, 38, 19, 133, 266, 1, 133, 2, 1, 7, 14, 7, 0, 0, 0, 0, 0 ],
[ 0, 28, 14, 7, 4, 2, 532, 1, 266, 133, 76, 38, 19, 0, 0, 0, 0, 0 ],
[ 0, 19, 38, 76, 133, 266, 1, 532, 2, 4, 7, 14, 28, 0, 0, 0, 0, 0 ],
[ 0, 7, 14, 7, 1, 2, 133, 1, 266, 133, 19, 38, 19, 0, 0, 0, 0, 0 ],
[ 0, 7, 14, 28, 1, 2, 133, 4, 266, 532, 19, 38, 76, 0, 0, 0, 0, 0 ],
[ 0, 4, 2, 1, 28, 14, 76, 7, 38, 19, 532, 266, 133, 0, 0, 0, 0, 0 ],
[ 0, 1, 2, 1, 7, 14, 19, 7, 38, 19, 133, 266, 133, 0, 0, 0, 0, 0 ],
[ 3120, 1, 2, 4, 7, 14, 19, 28, 38, 76, 133, 266, 532, 0, 0, 0, 0, 0 ]
];
$eqs = [
[ -1, 1, 1, 1, 1, 1, 1, 1, 1, 1, 1, 1, 1, 0, 0, 0, 0, 0 ],
[ -1, 0, 1, 2, 0, 1, 0, 2, 1, 2, 0, 1, 2, -2, 0, 0, 0, 0 ],
[ 0, 0, 0, 0, 1, 1, 0, 1, 0, 0, 1, 1, 1, 0, -2, 0, 0, 0 ],
[ 0, 0, 0, 0, 0, 0, 1, 0, 1, 1, 1, 1, 1, 0, 0, -2, 0, 0 ],
[ 0, 1, 2, 4, 7, 14, 19, 28, 38, 76, 133, 266, 532, 0, 0, 0, -24, 0 ],
[ 0, 532, 266, 133, 76, 38, 28, 19, 14, 7, 4, 2, 1, 0, 0, 0, 0, -24 ]
];
$p = new Polytope(INEQUALITIES=>$ieqs, EQUATIONS=>$eqs);
print $p->LATTICE_POINTS;
