use application "polytope";
use vars '$ieqs', '$eqs', '$p';
$ieqs = [
[ 0, 364, 182, 91, 52, 28, 26, 14, 13, 7, 4, 2, 1, 0, 0, 0, 0, 0 ],
[ 0, 91, 182, 91, 13, 7, 26, 14, 13, 7, 1, 2, 1, 0, 0, 0, 0, 0 ],
[ 0, 91, 182, 364, 13, 7, 26, 14, 52, 28, 1, 2, 4, 0, 0, 0, 0, 0 ],
[ 0, 52, 26, 13, 364, 4, 182, 2, 91, 1, 28, 14, 7, 0, 0, 0, 0, 0 ],
[ 0, 28, 14, 7, 4, 364, 2, 182, 1, 91, 52, 26, 13, 0, 0, 0, 0, 0 ],
[ 0, 13, 26, 13, 91, 1, 182, 2, 91, 1, 7, 14, 7, 0, 0, 0, 0, 0 ],
[ 0, 7, 14, 7, 1, 91, 2, 182, 1, 91, 13, 26, 13, 0, 0, 0, 0, 0 ],
[ 0, 13, 26, 52, 91, 1, 182, 2, 364, 4, 7, 14, 28, 0, 0, 0, 0, 0 ],
[ 0, 7, 14, 28, 1, 91, 2, 182, 4, 364, 13, 26, 52, 0, 0, 0, 0, 0 ],
[ 0, 4, 2, 1, 28, 52, 14, 26, 7, 13, 364, 182, 91, 0, 0, 0, 0, 0 ],
[ 0, 1, 2, 1, 7, 13, 14, 26, 7, 13, 91, 182, 91, 0, 0, 0, 0, 0 ],
[ 2112, 1, 2, 4, 7, 13, 14, 26, 28, 52, 91, 182, 364, 0, 0, 0, 0, 0 ]
];
$eqs = [
[ -1, 1, 1, 1, 1, 1, 1, 1, 1, 1, 1, 1, 1, 0, 0, 0, 0, 0 ],
[ -1, 0, 1, 2, 0, 0, 1, 1, 2, 2, 0, 1, 2, -2, 0, 0, 0, 0 ],
[ 0, 0, 0, 0, 1, 0, 1, 0, 1, 0, 1, 1, 1, 0, -2, 0, 0, 0 ],
[ 0, 0, 0, 0, 0, 1, 0, 1, 0, 1, 1, 1, 1, 0, 0, -2, 0, 0 ],
[ 0, 1, 2, 4, 7, 13, 14, 26, 28, 52, 91, 182, 364, 0, 0, 0, -24, 0 ],
[ 0, 364, 182, 91, 52, 28, 26, 14, 13, 7, 4, 2, 1, 0, 0, 0, 0, -24 ]
];
$p = new Polytope(INEQUALITIES=>$ieqs, EQUATIONS=>$eqs);
print $p->LATTICE_POINTS;
