use application "polytope";
use vars '$ieqs', '$eqs', '$p';
$ieqs = [
[ 0, 476, 238, 119, 68, 34, 28, 17, 14, 7, 4, 2, 1, 0, 0, 0, 0, 0 ],
[ 0, 119, 238, 119, 17, 34, 7, 17, 14, 7, 1, 2, 1, 0, 0, 0, 0, 0 ],
[ 0, 119, 238, 476, 17, 34, 7, 68, 14, 28, 1, 2, 4, 0, 0, 0, 0, 0 ],
[ 0, 68, 34, 17, 476, 238, 4, 119, 2, 1, 28, 14, 7, 0, 0, 0, 0, 0 ],
[ 0, 17, 34, 17, 119, 238, 1, 119, 2, 1, 7, 14, 7, 0, 0, 0, 0, 0 ],
[ 0, 28, 14, 7, 4, 2, 476, 1, 238, 119, 68, 34, 17, 0, 0, 0, 0, 0 ],
[ 0, 17, 34, 68, 119, 238, 1, 476, 2, 4, 7, 14, 28, 0, 0, 0, 0, 0 ],
[ 0, 7, 14, 7, 1, 2, 119, 1, 238, 119, 17, 34, 17, 0, 0, 0, 0, 0 ],
[ 0, 7, 14, 28, 1, 2, 119, 4, 238, 476, 17, 34, 68, 0, 0, 0, 0, 0 ],
[ 0, 4, 2, 1, 28, 14, 68, 7, 34, 17, 476, 238, 119, 0, 0, 0, 0, 0 ],
[ 0, 1, 2, 1, 7, 14, 17, 7, 34, 17, 119, 238, 119, 0, 0, 0, 0, 0 ],
[ 4872, 1, 2, 4, 7, 14, 17, 28, 34, 68, 119, 238, 476, 0, 0, 0, 0, 0 ]
];
$eqs = [
[ -1, 1, 1, 1, 1, 1, 1, 1, 1, 1, 1, 1, 1, 0, 0, 0, 0, 0 ],
[ -1, 0, 1, 2, 0, 1, 0, 2, 1, 2, 0, 1, 2, -2, 0, 0, 0, 0 ],
[ 0, 0, 0, 0, 1, 1, 0, 1, 0, 0, 1, 1, 1, 0, -2, 0, 0, 0 ],
[ 0, 0, 0, 0, 0, 0, 1, 0, 1, 1, 1, 1, 1, 0, 0, -2, 0, 0 ],
[ 0, 1, 2, 4, 7, 14, 17, 28, 34, 68, 119, 238, 476, 0, 0, 0, -24, 0 ],
[ 0, 476, 238, 119, 68, 34, 28, 17, 14, 7, 4, 2, 1, 0, 0, 0, 0, -24 ]
];
$p = new Polytope(INEQUALITIES=>$ieqs, EQUATIONS=>$eqs);
print $p->LATTICE_POINTS;
