use application "polytope";
use vars '$ieqs', '$eqs', '$p';
$ieqs = [
[ 0, 1212, 606, 404, 303, 202, 101, 12, 6, 4, 3, 2, 1, 0, 0, 0, 0, 0 ],
[ 0, 303, 606, 101, 303, 202, 101, 3, 6, 1, 3, 2, 1, 0, 0, 0, 0, 0 ],
[ 0, 404, 202, 1212, 101, 606, 303, 4, 2, 12, 1, 6, 3, 0, 0, 0, 0, 0 ],
[ 0, 303, 606, 101, 1212, 202, 404, 3, 6, 1, 12, 2, 4, 0, 0, 0, 0, 0 ],
[ 0, 101, 202, 303, 101, 606, 303, 1, 2, 3, 1, 6, 3, 0, 0, 0, 0, 0 ],
[ 0, 101, 202, 303, 404, 606, 1212, 1, 2, 3, 4, 6, 12, 0, 0, 0, 0, 0 ],
[ 0, 12, 6, 4, 3, 2, 1, 1212, 606, 404, 303, 202, 101, 0, 0, 0, 0, 0 ],
[ 0, 3, 6, 1, 3, 2, 1, 303, 606, 101, 303, 202, 101, 0, 0, 0, 0, 0 ],
[ 0, 4, 2, 12, 1, 6, 3, 404, 202, 1212, 101, 606, 303, 0, 0, 0, 0, 0 ],
[ 0, 3, 6, 1, 12, 2, 4, 303, 606, 101, 1212, 202, 404, 0, 0, 0, 0, 0 ],
[ 0, 1, 2, 3, 1, 6, 3, 101, 202, 303, 101, 606, 303, 0, 0, 0, 0, 0 ],
[ 4464, 1, 2, 3, 4, 6, 12, 101, 202, 303, 404, 606, 1212, 0, 0, 0, 0, 0 ]
];
$eqs = [
[ -1, 1, 1, 1, 1, 1, 1, 1, 1, 1, 1, 1, 1, 0, 0, 0, 0, 0 ],
[ -1, 0, 1, 0, 2, 1, 2, 0, 1, 0, 2, 1, 2, -2, 0, 0, 0, 0 ],
[ 0, 0, 0, 1, 0, 1, 1, 0, 0, 1, 0, 1, 1, 0, -2, 0, 0, 0 ],
[ 0, 0, 0, 0, 0, 0, 0, 1, 1, 1, 1, 1, 1, 0, 0, -2, 0, 0 ],
[ 0, 1, 2, 3, 4, 6, 12, 101, 202, 303, 404, 606, 1212, 0, 0, 0, -24, 0 ],
[ 0, 1212, 606, 404, 303, 202, 101, 12, 6, 4, 3, 2, 1, 0, 0, 0, 0, -24 ]
];
$p = new Polytope(INEQUALITIES=>$ieqs, EQUATIONS=>$eqs);
print $p->LATTICE_POINTS;
