[ PowerSequence(IntegerRing()) |
\[ -13, 32, -12, -3, 15, -18 ],
\[ -13, 33, -13, -3, 16, -19 ],
\[ -12, 29, -10, -2, 12, -16 ],
\[ -12, 30, -11, -2, 13, -17 ],
\[ -12, 31, -12, -2, 14, -18 ],
\[ -11, 24, -4, -1, 11, -18 ],
\[ -11, 25, -5, -1, 12, -19 ],
\[ -11, 26, -8, -1, 9, -14 ],
\[ -11, 27, -9, -1, 10, -15 ],
\[ -11, 28, -10, -1, 11, -16 ],
\[ -11, 29, -11, -1, 12, -17 ],
\[ -11, 30, -12, -1, 13, -18 ],
\[ -10, 21, -2, 0, 8, -16 ],
\[ -10, 22, -3, 0, 9, -17 ],
\[ -10, 23, -6, 0, 6, -12 ],
\[ -10, 23, -4, 0, 10, -18 ],
\[ -10, 24, -7, 0, 7, -13 ],
\[ -10, 25, -8, 0, 8, -14 ],
\[ -10, 26, -9, 0, 9, -15 ],
\[ -10, 27, -10, 0, 10, -16 ],
\[ -10, 28, -11, 0, 11, -17 ],
\[ -9, 21, -3, 1, 8, -17 ],
\[ -9, 22, -8, -7, 25, -22 ],
\[ -9, 22, -4, 1, 9, -18 ],
\[ -9, 23, -9, -7, 26, -23 ],
\[ -9, 23, -7, 1, 6, -13 ],
\[ -9, 24, -8, 1, 7, -14 ],
\[ -9, 25, -9, 1, 8, -15 ],
\[ -9, 26, -10, 1, 9, -16 ],
\[ -9, 27, -11, 1, 10, -17 ],
\[ -8, 19, -6, -6, 22, -20 ],
\[ -8, 20, -7, -6, 23, -21 ],
\[ -8, 21, -8, -6, 24, -22 ],
\[ -8, 23, -8, 2, 6, -14 ],
\[ -8, 24, -9, 2, 7, -15 ],
\[ -8, 25, -10, 2, 8, -16 ],
\[ -7, 14, 0, -5, 21, -22 ],
\[ -7, 15, -1, -5, 22, -23 ],
\[ -7, 16, -4, -5, 19, -18 ],
\[ -7, 17, -5, -5, 20, -19 ],
\[ -7, 18, -6, -5, 21, -20 ],
\[ -7, 19, -7, -5, 22, -21 ],
\[ -7, 20, -8, -5, 23, -22 ],
\[ -7, 23, -9, 3, 6, -15 ],
\[ -7, 24, -10, 3, 7, -16 ],
\[ -6, 11, 2, -4, 18, -20 ],
\[ -6, 12, 1, -4, 19, -21 ],
\[ -6, 13, -2, -4, 16, -16 ],
\[ -6, 13, 0, -4, 20, -22 ],
\[ -6, 14, -3, -4, 17, -17 ],
\[ -6, 15, -4, -4, 18, -18 ],
\[ -6, 16, -5, -4, 19, -19 ],
\[ -6, 17, -6, -4, 20, -20 ],
\[ -6, 18, -7, -4, 21, -21 ],
\[ -5, 8, 4, -3, 15, -18 ],
\[ -5, 9, 3, -3, 16, -19 ],
\[ -5, 10, 0, -3, 13, -14 ],
\[ -5, 10, 2, -3, 17, -20 ],
\[ -5, 11, -1, -3, 14, -15 ],
\[ -5, 11, 1, -3, 18, -21 ],
\[ -5, 12, -4, -11, 35, -26 ],
\[ -5, 12, -4, -3, 11, -10 ],
\[ -5, 12, -4, 5, 11, -18 ],
\[ -5, 12, -2, -3, 15, -16 ],
\[ -5, 12, 0, -3, 19, -22 ],
\[ -5, 13, -5, -11, 36, -27 ],
\[ -5, 13, -5, -3, 12, -11 ],
\[ -5, 13, -5, 5, 12, -19 ],
\[ -5, 13, -3, -3, 16, -17 ],
\[ -5, 14, -4, -3, 17, -18 ],
\[ -5, 15, -5, -3, 18, -19 ],
\[ -5, 16, -6, -3, 19, -20 ],
\[ -5, 17, -7, -3, 20, -21 ],
\[ -4, 5, 6, -2, 12, -16 ],
\[ -4, 6, 5, -2, 13, -17 ],
\[ -4, 7, 2, -2, 10, -12 ],
\[ -4, 7, 4, -2, 14, -18 ],
\[ -4, 8, 1, -2, 11, -13 ],
\[ -4, 8, 3, -2, 15, -19 ],
\[ -4, 9, -2, -10, 32, -24 ],
\[ -4, 9, -2, -2, 8, -8 ],
\[ -4, 9, -2, 6, 8, -16 ],
\[ -4, 9, 0, -2, 12, -14 ],
\[ -4, 9, 2, -2, 16, -20 ],
\[ -4, 10, -3, -10, 33, -25 ],
\[ -4, 10, -3, -2, 9, -9 ],
\[ -4, 10, -3, 6, 9, -17 ],
\[ -4, 10, -1, -2, 13, -15 ],
\[ -4, 10, 1, -2, 17, -21 ],
\[ -4, 11, -4, -10, 34, -26 ],
\[ -4, 11, -4, -2, 10, -10 ],
\[ -4, 11, -4, 6, 10, -18 ],
\[ -4, 11, -2, -2, 14, -16 ],
\[ -4, 12, -3, -2, 15, -17 ],
\[ -4, 13, -4, -2, 16, -18 ],
\[ -4, 14, -5, -2, 17, -19 ],
\[ -4, 15, -6, -2, 18, -20 ],
\[ -3, 0, 12, -1, 11, -18 ],
\[ -3, 1, 11, -1, 12, -19 ],
\[ -3, 2, 8, -1, 9, -14 ],
\[ -3, 3, 7, -1, 10, -15 ],
\[ -3, 4, 4, -9, 31, -26 ],
\[ -3, 4, 4, -1, 7, -10 ],
\[ -3, 4, 4, 7, 7, -18 ],
\[ -3, 4, 6, -1, 11, -16 ],
\[ -3, 5, 3, -9, 32, -27 ],
\[ -3, 5, 3, -1, 8, -11 ],
\[ -3, 5, 3, 7, 8, -19 ],
\[ -3, 5, 5, -1, 12, -17 ],
\[ -3, 6, 0, -9, 29, -22 ],
\[ -3, 6, 0, -1, 5, -6 ],
\[ -3, 6, 0, 7, 5, -14 ],
\[ -3, 6, 2, -1, 9, -12 ],
\[ -3, 6, 4, -1, 13, -18 ],
\[ -3, 7, -1, -9, 30, -23 ],
\[ -3, 7, -1, -1, 6, -7 ],
\[ -3, 7, -1, 7, 6, -15 ],
\[ -3, 7, 1, -1, 10, -13 ],
\[ -3, 7, 3, -1, 14, -19 ],
\[ -3, 8, -2, -9, 31, -24 ],
\[ -3, 8, -2, -1, 7, -8 ],
\[ -3, 8, -2, 7, 7, -16 ],
\[ -3, 8, 0, -1, 11, -14 ],
\[ -3, 8, 2, -1, 15, -20 ],
\[ -3, 9, -3, -9, 32, -25 ],
\[ -3, 9, -3, -1, 8, -9 ],
\[ -3, 9, -3, 7, 8, -17 ],
\[ -3, 9, -1, -1, 12, -15 ],
\[ -3, 9, 1, -1, 16, -21 ],
\[ -3, 10, -4, -9, 33, -26 ],
\[ -3, 10, -4, -1, 9, -10 ],
\[ -3, 10, -4, 7, 9, -18 ],
\[ -3, 10, -2, -1, 13, -16 ],
\[ -3, 11, -3, -1, 14, -17 ],
\[ -3, 12, -4, -1, 15, -18 ],
\[ -3, 13, -5, -1, 16, -19 ],
\[ -3, 14, -6, -1, 17, -20 ],
\[ -2, -3, 14, 0, 8, -16 ],
\[ -2, -2, 13, 0, 9, -17 ],
\[ -2, -1, 10, 0, 6, -12 ],
\[ -2, -1, 12, 0, 10, -18 ],
\[ -2, 0, 9, 0, 7, -13 ],
\[ -2, 1, 6, -8, 28, -24 ],
\[ -2, 1, 6, 0, 4, -8 ],
\[ -2, 1, 6, 8, 4, -16 ],
\[ -2, 1, 8, 0, 8, -14 ],
\[ -2, 2, 5, -8, 29, -25 ],
\[ -2, 2, 5, 0, 5, -9 ],
\[ -2, 2, 5, 8, 5, -17 ],
\[ -2, 2, 7, 0, 9, -15 ],
\[ -2, 3, 2, -8, 26, -20 ],
\[ -2, 3, 2, 0, 2, -4 ],
\[ -2, 3, 2, 8, 2, -12 ],
\[ -2, 3, 4, -8, 30, -26 ],
\[ -2, 3, 4, 0, 6, -10 ],
\[ -2, 3, 4, 8, 6, -18 ],
\[ -2, 3, 6, 0, 10, -16 ],
\[ -2, 4, 1, -8, 27, -21 ],
\[ -2, 4, 1, 0, 3, -5 ],
\[ -2, 4, 1, 8, 3, -13 ],
\[ -2, 4, 3, 0, 7, -11 ],
\[ -2, 4, 5, 0, 11, -17 ],
\[ -2, 5, -2, 0, 0, 0 ],
\[ -2, 5, 0, -8, 28, -22 ],
\[ -2, 5, 0, 0, 4, -6 ],
\[ -2, 5, 0, 8, 4, -14 ],
\[ -2, 5, 2, 0, 8, -12 ],
\[ -2, 5, 4, 0, 12, -18 ],
\[ -2, 6, -1, -8, 29, -23 ],
\[ -2, 6, -1, 0, 5, -7 ],
\[ -2, 6, -1, 8, 5, -15 ],
\[ -2, 6, 1, 0, 9, -13 ],
\[ -2, 6, 3, 0, 13, -19 ],
\[ -2, 7, -2, -8, 30, -24 ],
\[ -2, 7, -2, 0, 6, -8 ],
\[ -2, 7, -2, 8, 6, -16 ],
\[ -2, 7, 0, 0, 10, -14 ],
\[ -2, 7, 2, 0, 14, -20 ],
\[ -2, 8, -3, -8, 31, -25 ],
\[ -2, 8, -3, 0, 7, -9 ],
\[ -2, 8, -3, 8, 7, -17 ],
\[ -2, 8, -1, 0, 11, -15 ],
\[ -2, 9, -2, 0, 12, -16 ],
\[ -2, 10, -3, 0, 13, -17 ],
\[ -2, 11, -4, 0, 14, -18 ],
\[ -2, 12, -5, 0, 15, -19 ],
\[ -1, -3, 13, 1, 8, -17 ],
\[ -1, -2, 8, -7, 25, -22 ],
\[ -1, -2, 12, 1, 9, -18 ],
\[ -1, -1, 7, -7, 26, -23 ],
\[ -1, -1, 9, 1, 6, -13 ],
\[ -1, 0, 4, -7, 23, -18 ],
\[ -1, 0, 6, -7, 27, -24 ],
\[ -1, 0, 8, 1, 7, -14 ],
\[ -1, 1, 3, -7, 24, -19 ],
\[ -1, 1, 5, -7, 28, -25 ],
\[ -1, 1, 5, 1, 4, -9 ],
\[ -1, 1, 5, 9, 4, -17 ],
\[ -1, 1, 7, 1, 8, -15 ],
\[ -1, 2, 0, -15, 45, -30 ],
\[ -1, 2, 0, -7, 21, -14 ],
\[ -1, 2, 0, 1, 21, -22 ],
\[ -1, 2, 2, -7, 25, -20 ],
\[ -1, 2, 4, -7, 29, -26 ],
\[ -1, 2, 4, 1, 5, -10 ],
\[ -1, 2, 4, 9, 5, -18 ],
\[ -1, 2, 6, 1, 9, -16 ],
\[ -1, 3, -1, -15, 46, -31 ],
\[ -1, 3, -1, -7, 22, -15 ],
\[ -1, 3, -1, 1, 22, -23 ],
\[ -1, 3, 1, -7, 26, -21 ],
\[ -1, 3, 1, 1, 2, -5 ],
\[ -1, 3, 1, 9, 2, -13 ],
\[ -1, 3, 3, 1, 6, -11 ],
\[ -1, 3, 5, 1, 10, -17 ],
\[ -1, 4, 0, -7, 27, -22 ],
\[ -1, 4, 0, 1, 3, -6 ],
\[ -1, 4, 0, 9, 3, -14 ],
\[ -1, 4, 2, 1, 7, -12 ],
\[ -1, 4, 4, 1, 11, -18 ],
\[ -1, 5, -1, -7, 28, -23 ],
\[ -1, 5, -1, 1, 4, -7 ],
\[ -1, 5, -1, 9, 4, -15 ],
\[ -1, 5, 1, 1, 8, -13 ],
\[ -1, 5, 3, 1, 12, -19 ],
\[ -1, 6, -2, -7, 29, -24 ],
\[ -1, 6, -2, 1, 5, -8 ],
\[ -1, 6, -2, 9, 5, -16 ],
\[ -1, 6, 0, 1, 9, -14 ],
\[ -1, 6, 2, 1, 13, -20 ],
\[ -1, 7, -3, -7, 30, -25 ],
\[ -1, 7, -3, 1, 6, -9 ],
\[ -1, 7, -3, 9, 6, -17 ],
\[ -1, 7, -1, 1, 10, -15 ],
\[ -1, 8, -2, 1, 11, -16 ],
\[ -1, 9, -3, 1, 12, -17 ],
\[ -1, 10, -4, 1, 13, -18 ],
\[ -1, 11, -5, 1, 14, -19 ],
\[ 0, -5, 10, -6, 22, -20 ],
\[ 0, -4, 9, -6, 23, -21 ],
\[ 0, -3, 6, -6, 20, -16 ],
\[ 0, -3, 8, -6, 24, -22 ],
\[ 0, -2, 5, -6, 21, -17 ],
\[ 0, -2, 7, -6, 25, -23 ],
\[ 0, -1, 2, -14, 42, -28 ],
\[ 0, -1, 2, -6, 18, -12 ],
\[ 0, -1, 2, 2, 18, -20 ],
\[ 0, -1, 4, -6, 22, -18 ],
\[ 0, -1, 6, -6, 26, -24 ],
\[ 0, -1, 8, 2, 6, -14 ],
\[ 0, 0, 1, -14, 43, -29 ],
\[ 0, 0, 1, -6, 19, -13 ],
\[ 0, 0, 1, 2, 19, -21 ],
\[ 0, 0, 3, -6, 23, -19 ],
\[ 0, 0, 5, -6, 27, -25 ],
\[ 0, 0, 7, 2, 7, -15 ],
\[ 0, 1, 0, -14, 44, -30 ],
\[ 0, 1, 0, -6, 20, -14 ],
\[ 0, 1, 0, 2, 20, -22 ],
\[ 0, 1, 2, -6, 24, -20 ],
\[ 0, 1, 4, 2, 4, -10 ],
\[ 0, 1, 6, 2, 8, -16 ],
\[ 0, 2, 1, -6, 25, -21 ],
\[ 0, 2, 3, 2, 5, -11 ],
\[ 0, 2, 5, 2, 9, -17 ],
\[ 0, 3, 0, -6, 26, -22 ],
\[ 0, 3, 0, 2, 2, -6 ],
\[ 0, 3, 0, 10, 2, -14 ],
\[ 0, 3, 2, 2, 6, -12 ],
\[ 0, 3, 4, 2, 10, -18 ],
\[ 0, 4, -1, -6, 27, -23 ],
\[ 0, 4, -1, 2, 3, -7 ],
\[ 0, 4, -1, 10, 3, -15 ],
\[ 0, 4, 1, 2, 7, -13 ],
\[ 0, 4, 3, 2, 11, -19 ],
\[ 0, 5, -2, -6, 28, -24 ],
\[ 0, 5, -2, 2, 4, -8 ],
\[ 0, 5, -2, 10, 4, -16 ],
\[ 0, 5, 0, 2, 8, -14 ],
\[ 0, 6, -1, 2, 9, -15 ],
\[ 0, 7, -2, 2, 10, -16 ],
\[ 0, 8, -3, 2, 11, -17 ],
\[ 0, 9, -4, 2, 12, -18 ],
\[ 1, -5, 9, -5, 22, -21 ],
\[ 1, -4, 8, -5, 23, -22 ],
\[ 1, -3, 5, -5, 20, -17 ],
\[ 1, -3, 7, -5, 24, -23 ],
\[ 1, -2, 4, -5, 21, -18 ],
\[ 1, -2, 6, -5, 25, -24 ],
\[ 1, -1, 1, -13, 42, -29 ],
\[ 1, -1, 1, -5, 18, -13 ],
\[ 1, -1, 1, 3, 18, -21 ],
\[ 1, -1, 3, -5, 22, -19 ],
\[ 1, -1, 5, -5, 26, -25 ],
\[ 1, -1, 7, 3, 6, -15 ],
\[ 1, 0, 0, -13, 43, -30 ],
\[ 1, 0, 0, -5, 19, -14 ],
\[ 1, 0, 0, 3, 19, -22 ],
\[ 1, 0, 2, -5, 23, -20 ],
\[ 1, 0, 6, 3, 7, -16 ],
\[ 1, 1, 1, -5, 24, -21 ],
\[ 1, 1, 3, 3, 4, -11 ],
\[ 1, 1, 5, 3, 8, -17 ],
\[ 1, 2, 0, -5, 25, -22 ],
\[ 1, 2, 2, 3, 5, -12 ],
\[ 1, 2, 4, 3, 9, -18 ],
\[ 1, 3, -1, -5, 26, -23 ],
\[ 1, 3, -1, 3, 2, -7 ],
\[ 1, 3, -1, 11, 2, -15 ],
\[ 1, 3, 1, 3, 6, -13 ],
\[ 1, 3, 3, 3, 10, -19 ],
\[ 1, 4, -2, -5, 27, -24 ],
\[ 1, 4, -2, 3, 3, -8 ],
\[ 1, 4, -2, 11, 3, -16 ],
\[ 1, 4, 0, 3, 7, -14 ],
\[ 1, 5, -1, 3, 8, -15 ],
\[ 1, 6, -2, 3, 9, -16 ],
\[ 1, 7, -3, 3, 10, -17 ],
\[ 1, 8, -4, 3, 11, -18 ],
\[ 2, -5, 8, -4, 22, -22 ],
\[ 2, -4, 7, -4, 23, -23 ],
\[ 2, -3, 4, -4, 20, -18 ],
\[ 2, -3, 6, -4, 24, -24 ],
\[ 2, -2, 3, -4, 21, -19 ],
\[ 2, -1, 2, -4, 22, -20 ],
\[ 2, -1, 6, 4, 6, -16 ],
\[ 2, 0, 1, -4, 23, -21 ],
\[ 2, 0, 5, 4, 7, -17 ],
\[ 2, 1, 0, -4, 24, -22 ],
\[ 2, 1, 2, 4, 4, -12 ],
\[ 2, 1, 4, 4, 8, -18 ],
\[ 2, 2, -1, -4, 25, -23 ],
\[ 2, 2, 1, 4, 5, -13 ],
\[ 2, 3, 0, 4, 6, -14 ],
\[ 2, 4, -1, 4, 7, -15 ],
\[ 2, 5, -2, 4, 8, -16 ],
\[ 2, 6, -3, 4, 9, -17 ],
\[ 3, -5, 7, -3, 22, -23 ],
\[ 3, -4, 6, -3, 23, -24 ],
\[ 3, -3, 3, -3, 20, -19 ],
\[ 3, -2, 2, -3, 21, -20 ],
\[ 3, -1, 1, -3, 22, -21 ],
\[ 3, -1, 5, 5, 6, -17 ],
\[ 3, 0, 0, -3, 23, -22 ],
\[ 3, 0, 4, 5, 7, -18 ],
\[ 3, 1, -1, -3, 24, -23 ],
\[ 3, 1, 1, 5, 4, -13 ],
\[ 3, 2, 0, 5, 5, -14 ],
\[ 3, 3, -1, 5, 6, -15 ],
\[ 3, 4, -2, 5, 7, -16 ],
\[ 3, 5, -3, 5, 8, -17 ],
\[ 3, 8, -4, -3, 15, -18 ],
\[ 3, 9, -5, -3, 16, -19 ],
\[ 4, -3, 2, -2, 20, -20 ],
\[ 4, -2, 1, -2, 21, -21 ],
\[ 4, -1, 0, -2, 22, -22 ],
\[ 4, 1, 0, 6, 4, -14 ],
\[ 4, 2, -1, 6, 5, -15 ],
\[ 4, 3, -2, 6, 6, -16 ],
\[ 4, 5, -2, -2, 12, -16 ],
\[ 4, 6, -3, -2, 13, -17 ],
\[ 4, 7, -4, -2, 14, -18 ],
\[ 5, -3, 1, -1, 20, -21 ],
\[ 5, -2, 0, -1, 21, -22 ],
\[ 5, 0, 4, -1, 11, -18 ],
\[ 5, 1, -1, 7, 4, -15 ],
\[ 5, 1, 3, -1, 12, -19 ],
\[ 5, 2, -2, 7, 5, -16 ],
\[ 5, 2, 0, -1, 9, -14 ],
\[ 5, 3, -1, -1, 10, -15 ],
\[ 5, 4, -2, -1, 11, -16 ],
\[ 5, 5, -3, -1, 12, -17 ],
\[ 5, 6, -4, -1, 13, -18 ],
\[ 6, -3, 6, 0, 8, -16 ],
\[ 6, -2, 5, 0, 9, -17 ],
\[ 6, -1, 2, 0, 6, -12 ],
\[ 6, -1, 4, 0, 10, -18 ],
\[ 6, 0, 1, 0, 7, -13 ],
\[ 6, 1, 0, 0, 8, -14 ],
\[ 6, 2, -1, 0, 9, -15 ],
\[ 6, 3, -2, 0, 10, -16 ],
\[ 6, 4, -3, 0, 11, -17 ],
\[ 7, -3, 5, 1, 8, -17 ],
\[ 7, -2, 0, -7, 25, -22 ],
\[ 7, -2, 4, 1, 9, -18 ],
\[ 7, -1, -1, -7, 26, -23 ],
\[ 7, -1, 1, 1, 6, -13 ],
\[ 7, 0, 0, 1, 7, -14 ],
\[ 7, 1, -1, 1, 8, -15 ],
\[ 7, 2, -2, 1, 9, -16 ],
\[ 7, 3, -3, 1, 10, -17 ],
\[ 8, -5, 2, -6, 22, -20 ],
\[ 8, -4, 1, -6, 23, -21 ],
\[ 8, -3, 0, -6, 24, -22 ],
\[ 8, -1, 0, 2, 6, -14 ],
\[ 8, 0, -1, 2, 7, -15 ],
\[ 8, 1, -2, 2, 8, -16 ],
\[ 9, -5, 1, -5, 22, -21 ],
\[ 9, -4, 0, -5, 23, -22 ],
\[ 9, -1, -1, 3, 6, -15 ],
\[ 9, 0, -2, 3, 7, -16 ]
]
