[ PowerSequence(IntegerRing()) |
\[ -13, 30, -8, -1, 11, -18 ],
\[ -13, 32, -12, -1, 9, -14 ],
\[ -12, 30, -11, 2, 11, -19 ],
\[ -11, 26, -8, -3, 15, -18 ],
\[ -10, 21, -2, 0, 8, -16 ],
\[ -10, 23, -6, 0, 6, -12 ],
\[ -10, 28, -11, 0, 13, -19 ],
\[ -10, 32, -13, 0, 9, -17 ],
\[ -9, 20, -4, -5, 21, -22 ],
\[ -9, 21, -5, 3, 8, -17 ],
\[ -9, 22, -8, -5, 19, -18 ],
\[ -9, 23, -9, 3, 6, -13 ],
\[ -9, 23, -7, 3, 6, -15 ],
\[ -8, 17, -2, -2, 12, -16 ],
\[ -8, 19, -6, -2, 10, -12 ],
\[ -8, 20, -7, -2, 21, -23 ],
\[ -8, 21, -8, 6, 8, -18 ],
\[ -8, 24, -9, -2, 17, -21 ],
\[ -7, 16, -4, -7, 25, -22 ],
\[ -7, 17, -5, 1, 12, -17 ],
\[ -7, 17, -3, 1, 12, -19 ],
\[ -7, 19, -7, 1, 10, -15 ],
\[ -7, 19, -5, 1, 10, -17 ],
\[ -7, 21, -7, 1, 8, -15 ],
\[ -7, 21, -5, 1, 8, -17 ],
\[ -7, 23, -9, 1, 6, -13 ],
\[ -6, 11, 2, -4, 18, -20 ],
\[ -6, 13, -2, -4, 16, -16 ],
\[ -6, 17, -6, 4, 12, -20 ],
\[ -6, 18, -7, -4, 23, -23 ],
\[ -6, 21, -8, 4, 8, -18 ],
\[ -6, 22, -9, -4, 19, -21 ],
\[ -5, 6, 8, -1, 11, -18 ],
\[ -5, 8, 4, -1, 9, -14 ],
\[ -5, 10, 0, -9, 31, -26 ],
\[ -5, 10, 0, -1, 7, -10 ],
\[ -5, 10, 0, 7, 7, -18 ],
\[ -5, 11, -1, -1, 18, -21 ],
\[ -5, 12, -4, -9, 29, -22 ],
\[ -5, 12, -4, -1, 5, -6 ],
\[ -5, 12, -4, 7, 5, -14 ],
\[ -5, 12, -2, 7, 5, -16 ],
\[ -5, 13, -5, -1, 16, -17 ],
\[ -5, 13, -3, -1, 16, -19 ],
\[ -5, 13, -1, -1, 16, -21 ],
\[ -5, 15, -5, -1, 14, -17 ],
\[ -5, 15, -3, -1, 14, -19 ],
\[ -5, 17, -7, -1, 12, -15 ],
\[ -5, 17, -5, -1, 12, -17 ],
\[ -5, 17, -3, -1, 12, -19 ],
\[ -5, 19, -7, -1, 10, -15 ],
\[ -4, 6, 5, 2, 11, -19 ],
\[ -4, 7, 2, -6, 22, -20 ],
\[ -4, 8, 1, 2, 9, -15 ],
\[ -4, 8, 3, 2, 9, -17 ],
\[ -4, 9, -2, -6, 20, -16 ],
\[ -4, 10, -3, -6, 31, -27 ],
\[ -4, 10, -3, 2, 7, -11 ],
\[ -4, 10, -3, 10, 7, -19 ],
\[ -4, 10, -1, 2, 7, -13 ],
\[ -4, 10, 1, 2, 7, -15 ],
\[ -4, 11, -4, 2, 18, -22 ],
\[ -4, 12, -3, 2, 5, -11 ],
\[ -4, 14, -5, -6, 27, -25 ],
\[ -4, 15, -6, 2, 14, -20 ],
\[ -4, 19, -8, 2, 10, -18 ],
\[ -3, 2, 8, -3, 15, -18 ],
\[ -3, 4, 4, -3, 13, -14 ],
\[ -3, 6, 0, -11, 35, -26 ],
\[ -3, 6, 0, -3, 11, -10 ],
\[ -3, 6, 0, 5, 11, -18 ],
\[ -3, 6, 2, 5, 11, -20 ],
\[ -3, 7, -1, -3, 22, -21 ],
\[ -3, 7, 1, -3, 22, -23 ],
\[ -3, 8, -2, 5, 9, -16 ],
\[ -3, 8, 0, 5, 9, -18 ],
\[ -3, 9, -3, -3, 20, -19 ],
\[ -3, 9, -1, -3, 20, -21 ],
\[ -3, 10, -4, 5, 7, -14 ],
\[ -3, 10, -2, 5, 7, -16 ],
\[ -3, 10, 0, 5, 7, -18 ],
\[ -3, 11, -3, -3, 18, -19 ],
\[ -3, 11, -1, -3, 18, -21 ],
\[ -3, 12, -4, 5, 5, -14 ],
\[ -3, 13, -5, -3, 16, -17 ],
\[ -3, 13, -3, -3, 16, -19 ],
\[ -2, -3, 14, 0, 8, -16 ],
\[ -2, -1, 10, 0, 6, -12 ],
\[ -2, 1, 6, -8, 28, -24 ],
\[ -2, 1, 6, 0, 4, -8 ],
\[ -2, 1, 6, 8, 4, -16 ],
\[ -2, 2, 5, 0, 15, -19 ],
\[ -2, 3, 2, -8, 26, -20 ],
\[ -2, 3, 2, 0, 2, -4 ],
\[ -2, 3, 2, 8, 2, -12 ],
\[ -2, 4, 1, 0, 13, -15 ],
\[ -2, 4, 3, 0, 13, -17 ],
\[ -2, 4, 5, 0, 13, -19 ],
\[ -2, 5, -2, 0, 0, 0 ],
\[ -2, 6, -1, 0, 11, -13 ],
\[ -2, 6, 1, 0, 11, -15 ],
\[ -2, 6, 3, 0, 11, -17 ],
\[ -2, 7, -2, 0, 22, -24 ],
\[ -2, 8, -3, -8, 33, -27 ],
\[ -2, 8, -3, 0, 9, -11 ],
\[ -2, 8, -3, 8, 9, -19 ],
\[ -2, 8, -1, 0, 9, -13 ],
\[ -2, 8, 1, 0, 9, -15 ],
\[ -2, 8, 3, 0, 9, -17 ],
\[ -2, 10, -3, 0, 7, -11 ],
\[ -2, 10, -1, 0, 7, -13 ],
\[ -2, 11, -4, 0, 18, -22 ],
\[ -2, 12, -5, -8, 29, -25 ],
\[ -2, 12, -5, 0, 5, -9 ],
\[ -2, 12, -5, 8, 5, -17 ],
\[ -2, 15, -6, 0, 14, -20 ],
\[ -2, 19, -8, 0, 10, -18 ],
\[ -1, -4, 12, -5, 21, -22 ],
\[ -1, -3, 11, 3, 8, -17 ],
\[ -1, -2, 8, -5, 19, -18 ],
\[ -1, -1, 7, 3, 6, -13 ],
\[ -1, -1, 9, 3, 6, -15 ],
\[ -1, 0, 4, -13, 41, -30 ],
\[ -1, 0, 4, -5, 17, -14 ],
\[ -1, 0, 4, 3, 17, -22 ],
\[ -1, 1, 3, -5, 28, -25 ],
\[ -1, 1, 3, 3, 4, -9 ],
\[ -1, 1, 3, 11, 4, -17 ],
\[ -1, 1, 5, 3, 4, -11 ],
\[ -1, 2, 0, -13, 39, -26 ],
\[ -1, 2, 0, -5, 15, -10 ],
\[ -1, 2, 0, 3, 15, -18 ],
\[ -1, 2, 2, 3, 15, -20 ],
\[ -1, 3, -1, -5, 26, -21 ],
\[ -1, 3, -1, 3, 2, -5 ],
\[ -1, 3, -1, 11, 2, -13 ],
\[ -1, 3, 1, -5, 26, -23 ],
\[ -1, 3, 1, 3, 2, -7 ],
\[ -1, 3, 1, 11, 2, -15 ],
\[ -1, 3, 3, -5, 26, -25 ],
\[ -1, 4, 0, 3, 13, -18 ],
\[ -1, 4, 2, 3, 13, -20 ],
\[ -1, 5, -1, -5, 24, -21 ],
\[ -1, 5, 1, -5, 24, -23 ],
\[ -1, 6, -2, 3, 11, -16 ],
\[ -1, 6, 0, 3, 11, -18 ],
\[ -1, 7, -3, -5, 22, -19 ],
\[ -1, 7, -1, -5, 22, -21 ],
\[ -1, 7, 1, -5, 22, -23 ],
\[ -1, 8, -2, 3, 9, -16 ],
\[ -1, 8, 0, 3, 9, -18 ],
\[ -1, 9, -3, -5, 20, -19 ],
\[ -1, 10, -4, 3, 7, -14 ],
\[ -1, 10, -2, 3, 7, -16 ],
\[ 0, -7, 14, -2, 12, -16 ],
\[ 0, -5, 10, -2, 10, -12 ],
\[ 0, -4, 9, -2, 21, -23 ],
\[ 0, -3, 6, -10, 32, -24 ],
\[ 0, -3, 6, -2, 8, -8 ],
\[ 0, -3, 6, 6, 8, -16 ],
\[ 0, -3, 8, 6, 8, -18 ],
\[ 0, -2, 5, -2, 19, -19 ],
\[ 0, -2, 7, -2, 19, -21 ],
\[ 0, -1, 2, -10, 30, -20 ],
\[ 0, -1, 2, -2, 6, -4 ],
\[ 0, -1, 2, 6, 6, -12 ],
\[ 0, -1, 4, 6, 6, -14 ],
\[ 0, -1, 6, 6, 6, -16 ],
\[ 0, 0, 1, -10, 41, -31 ],
\[ 0, 0, 1, -2, 17, -15 ],
\[ 0, 0, 1, 6, 17, -23 ],
\[ 0, 0, 3, -2, 17, -17 ],
\[ 0, 0, 5, -2, 17, -19 ],
\[ 0, 0, 7, -2, 17, -21 ],
\[ 0, 1, 0, -2, 28, -26 ],
\[ 0, 1, 0, 6, 4, -10 ],
\[ 0, 1, 0, 14, 4, -18 ],
\[ 0, 1, 2, 6, 4, -12 ],
\[ 0, 1, 4, 6, 4, -14 ],
\[ 0, 2, 1, -2, 15, -15 ],
\[ 0, 2, 3, -2, 15, -17 ],
\[ 0, 2, 5, -2, 15, -19 ],
\[ 0, 3, 0, 6, 2, -10 ],
\[ 0, 4, -1, -10, 37, -29 ],
\[ 0, 4, -1, -2, 13, -13 ],
\[ 0, 4, -1, 6, 13, -21 ],
\[ 0, 4, 1, -2, 13, -15 ],
\[ 0, 4, 3, -2, 13, -17 ],
\[ 0, 5, -2, -2, 24, -24 ],
\[ 0, 6, -1, -2, 11, -13 ],
\[ 0, 8, -3, 6, 9, -19 ],
\[ 0, 9, -4, -2, 20, -22 ],
\[ 0, 13, -6, -2, 16, -20 ],
\[ 1, -7, 13, 1, 12, -19 ],
\[ 1, -5, 9, 1, 10, -15 ],
\[ 1, -5, 11, 1, 10, -17 ],
\[ 1, -3, 5, -7, 32, -27 ],
\[ 1, -3, 5, 1, 8, -11 ],
\[ 1, -3, 5, 9, 8, -19 ],
\[ 1, -3, 7, 1, 8, -13 ],
\[ 1, -3, 9, 1, 8, -15 ],
\[ 1, -3, 11, 1, 8, -17 ],
\[ 1, -2, 4, 1, 19, -22 ],
\[ 1, -1, 1, -7, 30, -23 ],
\[ 1, -1, 1, 1, 6, -7 ],
\[ 1, -1, 1, 9, 6, -15 ],
\[ 1, -1, 3, -7, 30, -25 ],
\[ 1, -1, 3, 1, 6, -9 ],
\[ 1, -1, 3, 9, 6, -17 ],
\[ 1, -1, 5, 1, 6, -11 ],
\[ 1, -1, 7, 1, 6, -13 ],
\[ 1, 0, 0, 1, 17, -18 ],
\[ 1, 0, 2, 1, 17, -20 ],
\[ 1, 0, 4, 1, 17, -22 ],
\[ 1, 1, 1, -7, 28, -23 ],
\[ 1, 1, 1, 1, 4, -7 ],
\[ 1, 1, 1, 9, 4, -15 ],
\[ 1, 1, 3, -7, 28, -25 ],
\[ 1, 1, 3, 1, 4, -9 ],
\[ 1, 1, 3, 9, 4, -17 ],
\[ 1, 2, 0, 1, 15, -18 ],
\[ 1, 2, 2, 1, 15, -20 ],
\[ 1, 3, -1, -7, 26, -21 ],
\[ 1, 3, -1, 1, 2, -5 ],
\[ 1, 3, -1, 9, 2, -13 ],
\[ 1, 3, 1, -7, 26, -23 ],
\[ 1, 4, -2, 1, 13, -16 ],
\[ 1, 4, 0, 1, 13, -18 ],
\[ 1, 4, 2, 1, 13, -20 ],
\[ 1, 6, -2, 1, 11, -16 ],
\[ 1, 6, 0, 1, 11, -18 ],
\[ 1, 8, -4, 1, 9, -14 ],
\[ 1, 8, -2, 1, 9, -16 ],
\[ 1, 8, 0, 1, 9, -18 ],
\[ 1, 10, -4, 1, 7, -14 ],
\[ 2, -5, 8, 4, 10, -18 ],
\[ 2, -4, 7, -4, 21, -21 ],
\[ 2, -3, 4, 4, 8, -14 ],
\[ 2, -3, 6, 4, 8, -16 ],
\[ 2, -3, 8, 4, 8, -18 ],
\[ 2, -2, 3, -4, 19, -17 ],
\[ 2, -2, 5, -4, 19, -19 ],
\[ 2, -2, 7, -4, 19, -21 ],
\[ 2, -1, 2, 4, 6, -12 ],
\[ 2, -1, 4, 4, 6, -14 ],
\[ 2, -1, 6, 4, 6, -16 ],
\[ 2, 0, 1, -4, 17, -15 ],
\[ 2, 0, 3, -4, 17, -17 ],
\[ 2, 1, 0, -4, 28, -26 ],
\[ 2, 1, 0, 4, 4, -10 ],
\[ 2, 1, 0, 12, 4, -18 ],
\[ 2, 1, 2, 4, 4, -12 ],
\[ 2, 2, -1, -12, 39, -29 ],
\[ 2, 2, -1, -4, 15, -13 ],
\[ 2, 2, -1, 4, 15, -21 ],
\[ 2, 5, -2, -4, 24, -24 ],
\[ 2, 6, -3, 4, 11, -19 ],
\[ 2, 9, -4, -4, 20, -22 ],
\[ 2, 10, -5, 4, 7, -17 ],
\[ 3, -7, 11, -1, 12, -17 ],
\[ 3, -7, 13, -1, 12, -19 ],
\[ 3, -5, 7, -1, 10, -13 ],
\[ 3, -5, 9, -1, 10, -15 ],
\[ 3, -3, 3, -9, 32, -25 ],
\[ 3, -3, 3, -1, 8, -9 ],
\[ 3, -3, 3, 7, 8, -17 ],
\[ 3, -3, 5, -9, 32, -27 ],
\[ 3, -3, 5, -1, 8, -11 ],
\[ 3, -3, 5, 7, 8, -19 ],
\[ 3, -2, 2, -1, 19, -20 ],
\[ 3, -2, 4, -1, 19, -22 ],
\[ 3, -1, 1, -9, 30, -23 ],
\[ 3, -1, 1, -1, 6, -7 ],
\[ 3, -1, 1, 7, 6, -15 ],
\[ 3, -1, 3, 7, 6, -17 ],
\[ 3, 0, 0, -1, 17, -18 ],
\[ 3, 0, 2, -1, 17, -20 ],
\[ 3, 1, -1, 7, 4, -13 ],
\[ 3, 1, 1, 7, 4, -15 ],
\[ 3, 2, 0, -1, 15, -18 ],
\[ 3, 2, 2, -1, 15, -20 ],
\[ 3, 4, -2, -1, 13, -16 ],
\[ 3, 4, 0, -1, 13, -18 ],
\[ 3, 6, -2, -1, 11, -16 ],
\[ 3, 6, 0, -1, 11, -18 ],
\[ 3, 8, -4, -1, 9, -14 ],
\[ 4, -5, 6, 2, 10, -16 ],
\[ 4, -5, 8, 2, 10, -18 ],
\[ 4, -3, 2, 2, 8, -12 ],
\[ 4, -3, 4, 2, 8, -14 ],
\[ 4, -3, 6, 2, 8, -16 ],
\[ 4, -2, 1, 2, 19, -23 ],
\[ 4, -1, 0, -6, 30, -26 ],
\[ 4, -1, 0, 2, 6, -10 ],
\[ 4, -1, 0, 10, 6, -18 ],
\[ 4, -1, 2, 2, 6, -12 ],
\[ 4, -1, 4, 2, 6, -14 ],
\[ 4, 1, 0, 2, 4, -10 ],
\[ 4, 2, -1, 2, 15, -21 ],
\[ 4, 3, -2, -6, 26, -24 ],
\[ 4, 6, -3, 2, 11, -19 ],
\[ 5, -5, 5, 5, 10, -19 ],
\[ 5, -4, 4, -3, 21, -22 ],
\[ 5, -3, 1, 5, 8, -15 ],
\[ 5, -3, 3, 5, 8, -17 ],
\[ 5, -2, 0, -3, 19, -18 ],
\[ 5, -2, 2, -3, 19, -20 ],
\[ 5, -2, 4, -3, 19, -22 ],
\[ 5, -1, 1, 5, 6, -15 ],
\[ 5, -1, 3, 5, 6, -17 ],
\[ 5, 0, 0, -3, 17, -18 ],
\[ 5, 0, 2, -3, 17, -20 ],
\[ 5, 1, -1, 5, 4, -13 ],
\[ 5, 2, -2, -3, 15, -16 ],
\[ 5, 2, 0, -3, 15, -18 ],
\[ 6, -7, 8, 0, 12, -18 ],
\[ 6, -5, 4, 0, 10, -14 ],
\[ 6, -5, 6, 0, 10, -16 ],
\[ 6, -5, 8, 0, 10, -18 ],
\[ 6, -3, 2, 0, 8, -12 ],
\[ 6, -3, 4, 0, 8, -14 ],
\[ 6, -3, 6, 0, 8, -16 ],
\[ 6, -1, 0, -8, 30, -26 ],
\[ 6, -1, 0, 0, 6, -10 ],
\[ 6, -1, 0, 8, 6, -18 ],
\[ 6, -1, 2, 0, 6, -12 ],
\[ 6, 0, -1, 0, 17, -21 ],
\[ 6, 4, -3, 0, 13, -19 ],
\[ 6, 8, -5, 0, 9, -17 ],
\[ 7, -5, 3, 3, 10, -17 ],
\[ 7, -5, 5, 3, 10, -19 ],
\[ 7, -4, 2, -5, 21, -20 ],
\[ 7, -4, 4, -5, 21, -22 ],
\[ 7, -3, 1, 3, 8, -15 ],
\[ 7, -3, 3, 3, 8, -17 ],
\[ 7, -2, 0, -5, 19, -18 ],
\[ 7, -1, -1, 3, 6, -13 ],
\[ 7, -1, 1, 3, 6, -15 ],
\[ 8, -7, 6, -2, 12, -16 ],
\[ 8, -5, 2, -2, 10, -12 ],
\[ 8, -4, 1, -2, 21, -23 ],
\[ 8, -3, 0, 6, 8, -18 ],
\[ 8, 0, -1, -2, 17, -21 ],
\[ 9, -7, 5, 1, 12, -19 ],
\[ 9, -5, 1, 1, 10, -15 ],
\[ 9, -5, 3, 1, 10, -17 ],
\[ 9, -3, 1, 1, 8, -15 ],
\[ 9, -3, 3, 1, 8, -17 ],
\[ 9, -1, -1, 1, 6, -13 ],
\[ 10, -3, 0, 4, 8, -18 ],
\[ 10, -2, -1, -4, 19, -21 ],
\[ 11, -7, 3, -1, 12, -17 ],
\[ 11, -7, 5, -1, 12, -19 ],
\[ 11, -5, 1, -1, 10, -15 ],
\[ 12, -5, 0, 2, 10, -18 ],
\[ 14, -5, 0, 0, 10, -18 ]
]
