use application "polytope";
use vars '$ieqs', '$eqs', '$p';
$ieqs = [
[ 0, 356, 178, 89, 4, 2, 1, 0, 0, 0, 0 ],
[ 0, 89, 178, 89, 1, 2, 1, 0, 0, 0, 0 ],
[ 0, 89, 178, 356, 1, 2, 4, 0, 0, 0, 0 ],
[ 0, 4, 2, 1, 356, 178, 89, 0, 0, 0, 0 ],
[ 0, 1, 2, 1, 89, 178, 89, 0, 0, 0, 0 ],
[ 4728, 1, 2, 4, 89, 178, 356, 0, 0, 0, 0 ]
];
$eqs = [
[ -1, 1, 1, 1, 1, 1, 1, 0, 0, 0, 0 ],
[ -1, 0, 1, 2, 0, 1, 2, -2, 0, 0, 0 ],
[ 0, 0, 0, 0, 1, 1, 1, 0, -2, 0, 0 ],
[ 0, 1, 2, 4, 89, 178, 356, 0, 0, -24, 0 ],
[ 0, 356, 178, 89, 4, 2, 1, 0, 0, 0, -24 ]
];
$p = new Polytope(INEQUALITIES=>$ieqs, EQUATIONS=>$eqs);
print $p->LATTICE_POINTS;
