[ PowerSequence(IntegerRing()) |
\[ -10, 23, -6, 0, 6, -12 ],
\[ -10, 25, -8, 0, 8, -14 ],
\[ -9, 22, -8, -3, 13, -14 ],
\[ -7, 14, 0, -1, 9, -14 ],
\[ -7, 16, -4, -1, 7, -10 ],
\[ -7, 18, -6, -1, 9, -12 ],
\[ -7, 20, -8, -1, 11, -14 ],
\[ -6, 13, -2, -4, 16, -16 ],
\[ -6, 14, -3, 4, 5, -13 ],
\[ -6, 15, -4, -4, 18, -18 ],
\[ -5, 12, -4, -7, 23, -18 ],
\[ -5, 12, 0, 1, 7, -14 ],
\[ -5, 13, -5, 1, 12, -15 ],
\[ -5, 14, -4, 1, 5, -10 ],
\[ -5, 16, -6, 1, 7, -12 ],
\[ -4, 7, 2, -2, 10, -12 ],
\[ -4, 9, -2, -2, 8, -8 ],
\[ -4, 9, 0, -2, 12, -14 ],
\[ -4, 11, -4, -2, 10, -10 ],
\[ -4, 11, -2, -2, 14, -16 ],
\[ -3, 4, 4, -5, 19, -18 ],
\[ -3, 5, 3, 3, 8, -15 ],
\[ -3, 6, 0, -5, 17, -14 ],
\[ -3, 7, -1, 3, 6, -11 ],
\[ -3, 8, -2, -5, 19, -16 ],
\[ -3, 9, -3, 3, 8, -13 ],
\[ -3, 10, -4, -5, 21, -18 ],
\[ -3, 14, -6, 3, 5, -12 ],
\[ -2, -1, 10, 0, 6, -12 ],
\[ -2, 1, 6, 0, 4, -8 ],
\[ -2, 1, 8, 0, 8, -14 ],
\[ -2, 3, 2, -8, 26, -20 ],
\[ -2, 3, 2, 0, 2, -4 ],
\[ -2, 3, 2, 8, 2, -12 ],
\[ -2, 3, 4, 0, 6, -10 ],
\[ -2, 4, 1, 0, 15, -17 ],
\[ -2, 5, -2, 0, 0, 0 ],
\[ -2, 5, 0, -8, 28, -22 ],
\[ -2, 5, 0, 0, 4, -6 ],
\[ -2, 5, 0, 8, 4, -14 ],
\[ -2, 5, 2, 0, 8, -12 ],
\[ -2, 7, -2, 0, 6, -8 ],
\[ -2, 7, 0, 0, 10, -14 ],
\[ -2, 9, -2, 0, 12, -16 ],
\[ -2, 12, -3, 0, 7, -13 ],
\[ -1, -2, 8, -3, 13, -14 ],
\[ -1, 0, 4, -3, 11, -10 ],
\[ -1, 0, 6, -3, 15, -16 ],
\[ -1, 1, 5, 5, 4, -13 ],
\[ -1, 2, 0, -11, 33, -22 ],
\[ -1, 2, 0, -3, 9, -6 ],
\[ -1, 2, 0, 5, 9, -14 ],
\[ -1, 2, 2, -3, 13, -12 ],
\[ -1, 2, 4, -3, 17, -18 ],
\[ -1, 3, -1, -3, 22, -19 ],
\[ -1, 3, 1, 5, 2, -9 ],
\[ -1, 4, 0, -3, 15, -14 ],
\[ -1, 5, -1, 5, 4, -11 ],
\[ -1, 6, -2, -3, 17, -16 ],
\[ -1, 7, -3, 5, 6, -13 ],
\[ -1, 11, -5, -3, 14, -15 ],
\[ 0, -3, 6, -6, 20, -16 ],
\[ 0, -2, 5, 2, 9, -13 ],
\[ 0, -1, 2, -6, 18, -12 ],
\[ 0, -1, 4, -6, 22, -18 ],
\[ 0, 0, 1, 2, 7, -9 ],
\[ 0, 0, 3, 2, 11, -15 ],
\[ 0, 1, 0, -6, 20, -14 ],
\[ 0, 1, 2, -6, 24, -20 ],
\[ 0, 1, 4, 2, 4, -10 ],
\[ 0, 2, 1, 2, 13, -17 ],
\[ 0, 3, 0, 2, 2, -6 ],
\[ 0, 3, 2, 2, 6, -12 ],
\[ 0, 5, -2, 2, 4, -8 ],
\[ 0, 5, 0, 2, 8, -14 ],
\[ 1, -4, 8, -1, 11, -14 ],
\[ 1, -2, 4, -1, 9, -10 ],
\[ 1, -2, 6, -1, 13, -16 ],
\[ 1, -1, 1, -1, 18, -17 ],
\[ 1, 0, 0, -9, 31, -22 ],
\[ 1, 0, 0, -1, 7, -6 ],
\[ 1, 0, 0, 7, 7, -14 ],
\[ 1, 0, 2, -1, 11, -12 ],
\[ 1, 2, 0, -1, 13, -14 ],
\[ 1, 3, -1, 7, 2, -11 ],
\[ 1, 3, 3, -1, 10, -15 ],
\[ 1, 4, -2, -1, 15, -16 ],
\[ 1, 5, -1, -1, 8, -11 ],
\[ 1, 7, -3, -1, 10, -13 ],
\[ 2, -3, 4, -4, 20, -18 ],
\[ 2, -2, 3, 4, 9, -15 ],
\[ 2, -1, 2, -4, 22, -20 ],
\[ 2, 1, 2, 4, 4, -12 ],
\[ 2, 2, 1, -4, 17, -17 ],
\[ 2, 3, 0, 4, 6, -14 ],
\[ 3, -4, 6, 1, 11, -16 ],
\[ 3, -2, 2, 1, 9, -12 ],
\[ 3, -1, 5, 1, 6, -13 ],
\[ 3, 0, 0, 1, 11, -14 ],
\[ 3, 1, -1, -7, 24, -19 ],
\[ 3, 1, 1, 1, 4, -9 ],
\[ 3, 3, -1, 1, 6, -11 ],
\[ 3, 5, -3, 1, 8, -13 ],
\[ 4, -4, 5, -2, 11, -13 ],
\[ 4, -2, 1, -2, 9, -9 ],
\[ 4, -2, 3, -2, 13, -15 ],
\[ 4, 0, 1, -2, 15, -17 ],
\[ 5, -3, 1, -5, 20, -17 ],
\[ 5, -2, 0, 3, 9, -14 ],
\[ 5, 1, -1, 3, 4, -11 ],
\[ 6, -4, 3, 0, 11, -15 ],
\[ 6, -1, 2, 0, 6, -12 ],
\[ 6, 1, 0, 0, 8, -14 ],
\[ 7, -2, 0, -3, 13, -14 ],
\[ 9, -4, 0, -1, 11, -14 ]
]
