use application "polytope";
use vars '$ieqs', '$eqs', '$p';
$ieqs = [
[ 0, 744, 372, 248, 186, 124, 93, 62, 31, 24, 12, 8, 6, 4, 3, 2, 1, 0, 0, 0, 0, 0 ],
[ 0, 186, 372, 62, 186, 124, 93, 62, 31, 6, 12, 2, 6, 4, 3, 2, 1, 0, 0, 0, 0, 0 ],
[ 0, 248, 124, 744, 62, 372, 31, 186, 93, 8, 4, 24, 2, 12, 1, 6, 3, 0, 0, 0, 0, 0 ],
[ 0, 93, 186, 31, 372, 62, 186, 124, 62, 3, 6, 1, 12, 2, 6, 4, 2, 0, 0, 0, 0, 0 ],
[ 0, 62, 124, 186, 62, 372, 31, 186, 93, 2, 4, 6, 2, 12, 1, 6, 3, 0, 0, 0, 0, 0 ],
[ 0, 93, 186, 31, 372, 62, 744, 124, 248, 3, 6, 1, 12, 2, 24, 4, 8, 0, 0, 0, 0, 0 ],
[ 0, 31, 62, 93, 124, 186, 62, 372, 186, 1, 2, 3, 4, 6, 2, 12, 6, 0, 0, 0, 0, 0 ],
[ 0, 31, 62, 93, 124, 186, 248, 372, 744, 1, 2, 3, 4, 6, 8, 12, 24, 0, 0, 0, 0, 0 ],
[ 0, 24, 12, 8, 6, 4, 3, 2, 1, 744, 372, 248, 186, 124, 93, 62, 31, 0, 0, 0, 0, 0 ],
[ 0, 6, 12, 2, 6, 4, 3, 2, 1, 186, 372, 62, 186, 124, 93, 62, 31, 0, 0, 0, 0, 0 ],
[ 0, 8, 4, 24, 2, 12, 1, 6, 3, 248, 124, 744, 62, 372, 31, 186, 93, 0, 0, 0, 0, 0 ],
[ 0, 3, 6, 1, 12, 2, 6, 4, 2, 93, 186, 31, 372, 62, 186, 124, 62, 0, 0, 0, 0, 0 ],
[ 0, 2, 4, 6, 2, 12, 1, 6, 3, 62, 124, 186, 62, 372, 31, 186, 93, 0, 0, 0, 0, 0 ],
[ 0, 3, 6, 1, 12, 2, 24, 4, 8, 93, 186, 31, 372, 62, 744, 124, 248, 0, 0, 0, 0, 0 ],
[ 0, 1, 2, 3, 4, 6, 2, 12, 6, 31, 62, 93, 124, 186, 62, 372, 186, 0, 0, 0, 0, 0 ],
[ 6456, 1, 2, 3, 4, 6, 8, 12, 24, 31, 62, 93, 124, 186, 248, 372, 744, 0, 0, 0, 0, 0 ]
];
$eqs = [
[ -1, 1, 1, 1, 1, 1, 1, 1, 1, 1, 1, 1, 1, 1, 1, 1, 1, 0, 0, 0, 0, 0 ],
[ -1, 0, 1, 0, 2, 1, 3, 2, 3, 0, 1, 0, 2, 1, 3, 2, 3, -2, 0, 0, 0, 0 ],
[ 0, 0, 0, 1, 0, 1, 0, 1, 1, 0, 0, 1, 0, 1, 0, 1, 1, 0, -2, 0, 0, 0 ],
[ 0, 0, 0, 0, 0, 0, 0, 0, 0, 1, 1, 1, 1, 1, 1, 1, 1, 0, 0, -2, 0, 0 ],
[ 0, 1, 2, 3, 4, 6, 8, 12, 24, 31, 62, 93, 124, 186, 248, 372, 744, 0, 0, 0, -24, 0 ],
[ 0, 744, 372, 248, 186, 124, 93, 62, 31, 24, 12, 8, 6, 4, 3, 2, 1, 0, 0, 0, 0, -24 ]
];
$p = new Polytope(INEQUALITIES=>$ieqs, EQUATIONS=>$eqs);
prefer_now "libnormaliz";
print $p->LATTICE_POINTS_GENERATORS->[0];
