[ PowerSequence(IntegerRing()) |
\[ -19, 50, -20, 1, 11, -22 ],
\[ -18, 43, -14, 0, 10, -20 ],
\[ -17, 40, -12, -1, 13, -22 ],
\[ -17, 42, -16, -1, 11, -18 ],
\[ -17, 43, -17, -1, 18, -25 ],
\[ -17, 47, -19, -1, 14, -23 ],
\[ -16, 39, -14, -2, 14, -20 ],
\[ -15, 36, -12, -3, 17, -22 ],
\[ -15, 40, -16, -3, 21, -26 ],
\[ -14, 33, -10, -4, 20, -24 ],
\[ -14, 35, -12, 4, 10, -22 ],
\[ -13, 30, -8, -5, 23, -26 ],
\[ -13, 32, -12, -5, 21, -22 ],
\[ -13, 33, -13, -5, 28, -29 ],
\[ -13, 35, -13, 3, 10, -21 ],
\[ -13, 37, -15, -5, 24, -27 ],
\[ -12, 28, -7, 2, 9, -19 ],
\[ -12, 29, -10, -6, 24, -24 ],
\[ -12, 30, -11, 2, 7, -15 ],
\[ -12, 31, -12, 2, 14, -22 ],
\[ -12, 32, -11, 2, 13, -23 ],
\[ -12, 35, -14, 2, 10, -20 ],
\[ -11, 25, -5, 1, 12, -21 ],
\[ -11, 26, -8, -7, 27, -26 ],
\[ -11, 26, -4, 1, 11, -22 ],
\[ -11, 27, -9, 1, 10, -17 ],
\[ -11, 28, -10, 1, 17, -24 ],
\[ -11, 28, -8, 1, 9, -18 ],
\[ -11, 30, -12, -7, 31, -30 ],
\[ -11, 30, -12, 1, 7, -14 ],
\[ -11, 30, -12, 9, 7, -22 ],
\[ -11, 32, -12, 1, 13, -22 ],
\[ -10, 19, 2, 0, 10, -20 ],
\[ -10, 21, -2, 0, 8, -16 ],
\[ -10, 22, -3, 0, 15, -23 ],
\[ -10, 23, -6, -8, 30, -28 ],
\[ -10, 23, -6, 0, 6, -12 ],
\[ -10, 23, -6, 8, 6, -20 ],
\[ -10, 24, -7, 0, 13, -19 ],
\[ -10, 25, -8, 0, 20, -26 ],
\[ -10, 25, -6, 0, 12, -20 ],
\[ -10, 26, -5, 0, 11, -21 ],
\[ -10, 27, -10, 0, 10, -16 ],
\[ -10, 28, -11, 0, 17, -23 ],
\[ -10, 28, -9, 0, 9, -17 ],
\[ -10, 29, -10, 0, 16, -24 ],
\[ -10, 32, -13, 0, 13, -21 ],
\[ -10, 33, -12, 0, 12, -22 ],
\[ -9, 16, 4, -1, 13, -22 ],
\[ -9, 18, 0, -1, 11, -18 ],
\[ -9, 19, -1, -1, 18, -25 ],
\[ -9, 20, -4, -9, 33, -30 ],
\[ -9, 20, -4, -1, 9, -14 ],
\[ -9, 20, -4, 7, 9, -22 ],
\[ -9, 21, -5, -1, 16, -21 ],
\[ -9, 22, -8, -9, 31, -26 ],
\[ -9, 22, -8, -1, 7, -10 ],
\[ -9, 22, -8, 7, 7, -18 ],
\[ -9, 22, -4, -1, 15, -22 ],
\[ -9, 23, -9, -9, 38, -33 ],
\[ -9, 23, -9, -1, 14, -17 ],
\[ -9, 23, -9, 7, 14, -25 ],
\[ -9, 23, -7, 7, 6, -19 ],
\[ -9, 23, -3, -1, 14, -23 ],
\[ -9, 24, -8, -1, 13, -18 ],
\[ -9, 25, -9, -1, 20, -25 ],
\[ -9, 25, -7, -1, 12, -19 ],
\[ -9, 27, -11, -9, 34, -31 ],
\[ -9, 27, -11, -1, 10, -15 ],
\[ -9, 27, -11, 7, 10, -23 ],
\[ -9, 29, -11, -1, 16, -23 ],
\[ -8, 15, 2, -2, 14, -20 ],
\[ -8, 17, -2, -2, 12, -16 ],
\[ -8, 18, -3, -2, 19, -23 ],
\[ -8, 19, -6, -10, 34, -28 ],
\[ -8, 19, -6, -2, 10, -12 ],
\[ -8, 19, -6, 6, 10, -20 ],
\[ -8, 19, -2, -2, 18, -24 ],
\[ -8, 20, -7, -2, 17, -19 ],
\[ -8, 20, -5, 6, 9, -21 ],
\[ -8, 21, -8, -2, 24, -26 ],
\[ -8, 21, -6, -2, 16, -20 ],
\[ -8, 22, -7, -2, 23, -27 ],
\[ -8, 22, -5, -2, 15, -21 ],
\[ -8, 23, -8, 6, 6, -18 ],
\[ -8, 24, -9, -2, 13, -17 ],
\[ -8, 25, -10, -2, 20, -24 ],
\[ -8, 26, -9, -2, 19, -25 ],
\[ -8, 29, -12, -2, 16, -22 ],
\[ -7, 12, 4, -3, 17, -22 ],
\[ -7, 14, 0, -3, 15, -18 ],
\[ -7, 15, -1, -3, 22, -25 ],
\[ -7, 16, -4, -11, 37, -30 ],
\[ -7, 16, -4, -3, 13, -14 ],
\[ -7, 16, -4, 5, 13, -22 ],
\[ -7, 16, 0, -3, 21, -26 ],
\[ -7, 17, -5, -3, 20, -21 ],
\[ -7, 17, -3, 5, 12, -23 ],
\[ -7, 18, -6, -3, 27, -28 ],
\[ -7, 18, -4, -3, 19, -22 ],
\[ -7, 19, -7, 5, 10, -19 ],
\[ -7, 19, -3, -3, 18, -23 ],
\[ -7, 20, -8, -11, 41, -34 ],
\[ -7, 20, -8, -3, 17, -18 ],
\[ -7, 20, -8, 5, 17, -26 ],
\[ -7, 20, -6, 5, 9, -20 ],
\[ -7, 21, -7, -3, 16, -19 ],
\[ -7, 21, -5, 5, 8, -21 ],
\[ -7, 22, -8, -3, 23, -26 ],
\[ -7, 23, -9, 5, 6, -17 ],
\[ -7, 24, -10, 5, 13, -24 ],
\[ -7, 26, -10, -3, 19, -24 ],
\[ -7, 28, -12, 5, 9, -22 ],
\[ -6, 9, 6, -4, 20, -24 ],
\[ -6, 11, 2, -4, 18, -20 ],
\[ -6, 11, 4, 4, 10, -22 ],
\[ -6, 12, 1, -4, 25, -27 ],
\[ -6, 13, -2, -12, 40, -32 ],
\[ -6, 13, -2, -4, 16, -16 ],
\[ -6, 13, -2, 4, 16, -24 ],
\[ -6, 13, 0, 4, 8, -18 ],
\[ -6, 14, -3, -4, 23, -23 ],
\[ -6, 15, -4, -4, 30, -30 ],
\[ -6, 15, -4, 4, 6, -14 ],
\[ -6, 15, -4, 12, 6, -22 ],
\[ -6, 15, -2, -4, 22, -24 ],
\[ -6, 16, -5, 4, 13, -21 ],
\[ -6, 16, -1, -4, 21, -25 ],
\[ -6, 17, -6, -4, 20, -20 ],
\[ -6, 17, -4, 4, 12, -22 ],
\[ -6, 18, -7, -4, 27, -27 ],
\[ -6, 18, -5, -4, 19, -21 ],
\[ -6, 19, -6, -4, 26, -28 ],
\[ -6, 20, -7, 4, 9, -19 ],
\[ -6, 21, -6, 4, 8, -20 ],
\[ -6, 22, -9, -4, 23, -25 ],
\[ -6, 23, -8, -4, 22, -26 ],
\[ -5, 6, 8, -5, 23, -26 ],
\[ -5, 8, 4, -5, 21, -22 ],
\[ -5, 9, 3, -5, 28, -29 ],
\[ -5, 10, 0, -13, 43, -34 ],
\[ -5, 10, 0, -5, 19, -18 ],
\[ -5, 10, 0, 3, 19, -26 ],
\[ -5, 10, 2, 3, 11, -20 ],
\[ -5, 11, -1, -5, 26, -25 ],
\[ -5, 11, 3, 3, 10, -21 ],
\[ -5, 12, -4, -13, 41, -30 ],
\[ -5, 12, -4, -5, 17, -14 ],
\[ -5, 12, -4, 3, 17, -22 ],
\[ -5, 12, -2, 3, 9, -16 ],
\[ -5, 12, 0, -5, 25, -26 ],
\[ -5, 13, -5, -13, 48, -37 ],
\[ -5, 13, -5, -5, 24, -21 ],
\[ -5, 13, -5, 3, 24, -29 ],
\[ -5, 13, -3, 3, 16, -23 ],
\[ -5, 13, -1, 3, 8, -17 ],
\[ -5, 13, 1, -5, 24, -27 ],
\[ -5, 14, -4, -5, 23, -22 ],
\[ -5, 14, -2, 3, 15, -24 ],
\[ -5, 15, -5, -5, 30, -29 ],
\[ -5, 15, -5, 3, 6, -13 ],
\[ -5, 15, -5, 11, 6, -21 ],
\[ -5, 15, -3, -5, 22, -23 ],
\[ -5, 16, -6, 3, 13, -20 ],
\[ -5, 17, -7, -13, 44, -35 ],
\[ -5, 17, -7, -5, 20, -19 ],
\[ -5, 17, -7, 3, 20, -27 ],
\[ -5, 17, -5, 3, 12, -21 ],
\[ -5, 18, -4, 3, 11, -22 ],
\[ -5, 19, -7, -5, 26, -27 ],
\[ -5, 20, -8, 3, 9, -18 ],
\[ -5, 21, -9, 3, 16, -25 ],
\[ -5, 21, -7, 3, 8, -19 ],
\[ -5, 25, -11, 3, 12, -23 ],
\[ -4, 4, 9, 2, 9, -19 ],
\[ -4, 5, 6, -6, 24, -24 ],
\[ -4, 6, 5, 2, 7, -15 ],
\[ -4, 7, 2, -6, 22, -20 ],
\[ -4, 7, 4, 2, 14, -22 ],
\[ -4, 8, 1, -6, 29, -27 ],
\[ -4, 8, 1, 2, 5, -11 ],
\[ -4, 8, 1, 10, 5, -19 ],
\[ -4, 8, 5, 2, 13, -23 ],
\[ -4, 9, -2, -14, 44, -32 ],
\[ -4, 9, -2, -6, 20, -16 ],
\[ -4, 9, -2, 2, 20, -24 ],
\[ -4, 9, 0, 2, 12, -18 ],
\[ -4, 9, 2, -6, 28, -28 ],
\[ -4, 10, -3, -6, 27, -23 ],
\[ -4, 10, -3, 2, 3, -7 ],
\[ -4, 10, -3, 10, 3, -15 ],
\[ -4, 10, -1, 2, 19, -25 ],
\[ -4, 10, 1, 2, 11, -19 ],
\[ -4, 11, -4, -6, 34, -30 ],
\[ -4, 11, -4, 2, 10, -14 ],
\[ -4, 11, -4, 10, 10, -22 ],
\[ -4, 11, -2, -6, 26, -24 ],
\[ -4, 11, 2, 2, 10, -20 ],
\[ -4, 12, -3, -6, 33, -31 ],
\[ -4, 12, -3, 2, 9, -15 ],
\[ -4, 12, -3, 10, 9, -23 ],
\[ -4, 12, -1, -6, 25, -25 ],
\[ -4, 13, -4, 2, 16, -22 ],
\[ -4, 13, -2, 2, 8, -16 ],
\[ -4, 14, -5, -6, 23, -21 ],
\[ -4, 14, -3, 2, 15, -23 ],
\[ -4, 15, -6, -6, 30, -28 ],
\[ -4, 15, -6, 2, 6, -12 ],
\[ -4, 15, -6, 10, 6, -20 ],
\[ -4, 16, -5, -6, 29, -29 ],
\[ -4, 17, -6, 2, 12, -20 ],
\[ -4, 18, -5, 2, 11, -21 ],
\[ -4, 19, -8, -6, 26, -26 ],
\[ -4, 21, -8, 2, 8, -18 ],
\[ -3, 1, 11, 1, 12, -21 ],
\[ -3, 2, 8, -7, 27, -26 ],
\[ -3, 2, 12, 1, 11, -22 ],
\[ -3, 3, 7, 1, 10, -17 ],
\[ -3, 4, 4, -7, 25, -22 ],
\[ -3, 4, 6, 1, 17, -24 ],
\[ -3, 4, 8, 1, 9, -18 ],
\[ -3, 5, 3, -7, 32, -29 ],
\[ -3, 5, 3, 1, 8, -13 ],
\[ -3, 5, 3, 9, 8, -21 ],
\[ -3, 6, 0, -15, 47, -34 ],
\[ -3, 6, 0, -7, 23, -18 ],
\[ -3, 6, 0, 1, 23, -26 ],
\[ -3, 6, 2, 1, 15, -20 ],
\[ -3, 6, 4, -7, 31, -30 ],
\[ -3, 6, 4, 1, 7, -14 ],
\[ -3, 6, 4, 9, 7, -22 ],
\[ -3, 7, -1, -7, 30, -25 ],
\[ -3, 7, -1, 1, 6, -9 ],
\[ -3, 7, -1, 9, 6, -17 ],
\[ -3, 7, 1, 1, 22, -27 ],
\[ -3, 7, 3, 1, 14, -21 ],
\[ -3, 8, -2, -7, 37, -32 ],
\[ -3, 8, -2, 1, 13, -16 ],
\[ -3, 8, -2, 9, 13, -24 ],
\[ -3, 8, 0, -7, 29, -26 ],
\[ -3, 8, 0, 1, 5, -10 ],
\[ -3, 8, 0, 9, 5, -18 ],
\[ -3, 8, 4, 1, 13, -22 ],
\[ -3, 9, -3, 1, 20, -23 ],
\[ -3, 9, -1, 1, 12, -17 ],
\[ -3, 9, 1, -7, 28, -27 ],
\[ -3, 10, -4, -15, 51, -38 ],
\[ -3, 10, -4, -7, 27, -22 ],
\[ -3, 10, -4, 1, 3, -6 ],
\[ -3, 10, -4, 1, 27, -30 ],
\[ -3, 10, -4, 9, 3, -14 ],
\[ -3, 10, -4, 17, 3, -22 ],
\[ -3, 10, -2, 1, 19, -24 ],
\[ -3, 10, 0, 1, 11, -18 ],
\[ -3, 11, -3, -7, 26, -23 ],
\[ -3, 11, -1, 1, 18, -25 ],
\[ -3, 11, 1, 1, 10, -19 ],
\[ -3, 12, -4, -7, 33, -30 ],
\[ -3, 12, -4, 1, 9, -14 ],
\[ -3, 12, -4, 9, 9, -22 ],
\[ -3, 13, -5, 1, 16, -21 ],
\[ -3, 13, -3, 1, 8, -15 ],
\[ -3, 14, -6, 1, 23, -28 ],
\[ -3, 14, -4, 1, 15, -22 ],
\[ -3, 15, -3, 1, 14, -23 ],
\[ -3, 16, -6, -7, 29, -28 ],
\[ -3, 17, -7, 1, 12, -19 ],
\[ -3, 18, -8, 1, 19, -26 ],
\[ -3, 18, -6, 1, 11, -20 ],
\[ -3, 19, -5, 1, 10, -21 ],
\[ -3, 21, -9, 1, 8, -17 ],
\[ -3, 22, -10, 1, 15, -24 ],
\[ -3, 26, -12, 1, 11, -22 ],
\[ -2, -5, 18, 0, 10, -20 ],
\[ -2, -3, 14, 0, 8, -16 ],
\[ -2, -2, 13, 0, 15, -23 ],
\[ -2, -1, 10, -8, 30, -28 ],
\[ -2, -1, 10, 0, 6, -12 ],
\[ -2, -1, 10, 8, 6, -20 ],
\[ -2, 0, 9, 0, 13, -19 ],
\[ -2, 1, 6, -8, 28, -24 ],
\[ -2, 1, 6, 0, 4, -8 ],
\[ -2, 1, 6, 8, 4, -16 ],
\[ -2, 1, 8, 0, 20, -26 ],
\[ -2, 1, 10, 0, 12, -20 ],
\[ -2, 2, 5, -8, 35, -31 ],
\[ -2, 2, 5, 0, 11, -15 ],
\[ -2, 2, 5, 8, 11, -23 ],
\[ -2, 2, 11, 0, 11, -21 ],
\[ -2, 3, 2, -16, 50, -36 ],
\[ -2, 3, 2, -8, 26, -20 ],
\[ -2, 3, 2, 0, 2, -4 ],
\[ -2, 3, 2, 0, 26, -28 ],
\[ -2, 3, 2, 8, 2, -12 ],
\[ -2, 3, 2, 16, 2, -20 ],
\[ -2, 3, 4, 0, 18, -22 ],
\[ -2, 3, 6, 0, 10, -16 ],
\[ -2, 4, 1, -8, 33, -27 ],
\[ -2, 4, 1, 0, 9, -11 ],
\[ -2, 4, 1, 8, 9, -19 ],
\[ -2, 4, 5, 0, 17, -23 ],
\[ -2, 4, 7, 0, 9, -17 ],
\[ -2, 5, -2, 0, 0, 0 ],
\[ -2, 5, 0, -8, 40, -34 ],
\[ -2, 5, 0, 0, 16, -18 ],
\[ -2, 5, 0, 8, 16, -26 ],
\[ -2, 5, 2, -8, 32, -28 ],
\[ -2, 5, 2, 0, 8, -12 ],
\[ -2, 5, 2, 8, 8, -20 ],
\[ -2, 5, 6, 0, 16, -24 ],
\[ -2, 6, -1, 0, 23, -25 ],
\[ -2, 6, 1, 0, 15, -19 ],
\[ -2, 6, 3, -8, 31, -29 ],
\[ -2, 6, 3, 0, 7, -13 ],
\[ -2, 6, 3, 8, 7, -21 ],
\[ -2, 7, -2, -8, 30, -24 ],
\[ -2, 7, -2, 0, 6, -8 ],
\[ -2, 7, -2, 8, 6, -16 ],
\[ -2, 7, 0, 0, 22, -26 ],
\[ -2, 7, 2, 0, 14, -20 ],
\[ -2, 8, -3, -8, 37, -31 ],
\[ -2, 8, -3, 0, 13, -15 ],
\[ -2, 8, -3, 8, 13, -23 ],
\[ -2, 8, -1, -8, 29, -25 ],
\[ -2, 8, -1, 0, 5, -9 ],
\[ -2, 8, -1, 8, 5, -17 ],
\[ -2, 8, 3, 0, 13, -21 ],
\[ -2, 9, -2, -8, 36, -32 ],
\[ -2, 9, -2, 0, 12, -16 ],
\[ -2, 9, -2, 8, 12, -24 ],
\[ -2, 9, 4, 0, 12, -22 ],
\[ -2, 10, -3, 0, 19, -23 ],
\[ -2, 10, -1, 0, 11, -17 ],
\[ -2, 11, -2, 0, 18, -24 ],
\[ -2, 11, 0, 0, 10, -18 ],
\[ -2, 12, -5, -8, 33, -29 ],
\[ -2, 12, -5, 0, 9, -13 ],
\[ -2, 12, -5, 8, 9, -21 ],
\[ -2, 13, -4, -8, 32, -30 ],
\[ -2, 13, -4, 0, 8, -14 ],
\[ -2, 13, -4, 8, 8, -22 ],
\[ -2, 14, -5, 0, 15, -21 ],
\[ -2, 15, -4, 0, 14, -22 ],
\[ -2, 18, -7, 0, 11, -19 ],
\[ -2, 19, -6, 0, 10, -20 ],
\[ -1, -8, 20, -1, 13, -22 ],
\[ -1, -6, 16, -1, 11, -18 ],
\[ -1, -5, 15, -1, 18, -25 ],
\[ -1, -4, 12, -9, 33, -30 ],
\[ -1, -4, 12, -1, 9, -14 ],
\[ -1, -4, 12, 7, 9, -22 ],
\[ -1, -3, 11, -1, 16, -21 ],
\[ -1, -2, 8, -9, 31, -26 ],
\[ -1, -2, 8, -1, 7, -10 ],
\[ -1, -2, 8, 7, 7, -18 ],
\[ -1, -2, 12, -1, 15, -22 ],
\[ -1, -1, 7, -9, 38, -33 ],
\[ -1, -1, 7, -1, 14, -17 ],
\[ -1, -1, 7, 7, 14, -25 ],
\[ -1, -1, 9, 7, 6, -19 ],
\[ -1, -1, 13, -1, 14, -23 ],
\[ -1, 0, 4, -17, 53, -38 ],
\[ -1, 0, 4, -9, 29, -22 ],
\[ -1, 0, 4, -1, 5, -6 ],
\[ -1, 0, 4, -1, 29, -30 ],
\[ -1, 0, 4, 7, 5, -14 ],
\[ -1, 0, 4, 15, 5, -22 ],
\[ -1, 0, 6, -1, 21, -24 ],
\[ -1, 0, 8, -1, 13, -18 ],
\[ -1, 1, 3, -9, 36, -29 ],
\[ -1, 1, 3, -1, 12, -13 ],
\[ -1, 1, 3, 7, 12, -21 ],
\[ -1, 1, 5, 7, 4, -15 ],
\[ -1, 1, 7, -1, 20, -25 ],
\[ -1, 1, 9, -1, 12, -19 ],
\[ -1, 2, 0, -17, 51, -34 ],
\[ -1, 2, 0, -9, 27, -18 ],
\[ -1, 2, 0, -1, 3, -2 ],
\[ -1, 2, 0, -1, 27, -26 ],
\[ -1, 2, 0, 7, 3, -10 ],
\[ -1, 2, 0, 15, 3, -18 ],
\[ -1, 2, 2, -1, 19, -20 ],
\[ -1, 2, 4, -9, 35, -30 ],
\[ -1, 2, 4, -1, 11, -14 ],
\[ -1, 2, 4, 7, 11, -22 ],
\[ -1, 3, -1, -17, 58, -41 ],
\[ -1, 3, -1, -9, 34, -25 ],
\[ -1, 3, -1, -1, 10, -9 ],
\[ -1, 3, -1, -1, 34, -33 ],
\[ -1, 3, -1, 7, 10, -17 ],
\[ -1, 3, -1, 15, 10, -25 ],
\[ -1, 3, 1, -1, 26, -27 ],
\[ -1, 3, 1, 7, 2, -11 ],
\[ -1, 3, 1, 15, 2, -19 ],
\[ -1, 3, 3, -1, 18, -21 ],
\[ -1, 3, 5, -9, 34, -31 ],
\[ -1, 3, 5, -1, 10, -15 ],
\[ -1, 3, 5, 7, 10, -23 ],
\[ -1, 4, 0, -9, 33, -26 ],
\[ -1, 4, 0, -1, 9, -10 ],
\[ -1, 4, 0, 7, 9, -18 ],
\[ -1, 4, 2, -1, 25, -28 ],
\[ -1, 4, 4, -1, 17, -22 ],
\[ -1, 5, -1, -9, 40, -33 ],
\[ -1, 5, -1, -1, 16, -17 ],
\[ -1, 5, -1, 7, 16, -25 ],
\[ -1, 5, 1, -9, 32, -27 ],
\[ -1, 5, 1, -1, 8, -11 ],
\[ -1, 5, 1, 7, 8, -19 ],
\[ -1, 5, 5, -1, 16, -23 ],
\[ -1, 6, -2, -1, 23, -24 ],
\[ -1, 6, 0, -1, 15, -18 ],
\[ -1, 6, 2, 7, 7, -20 ],
\[ -1, 7, -3, -17, 54, -39 ],
\[ -1, 7, -3, -9, 30, -23 ],
\[ -1, 7, -3, -1, 6, -7 ],
\[ -1, 7, -3, -1, 30, -31 ],
\[ -1, 7, -3, 7, 6, -15 ],
\[ -1, 7, -3, 15, 6, -23 ],
\[ -1, 7, -1, -1, 22, -25 ],
\[ -1, 7, 1, -1, 14, -19 ],
\[ -1, 8, -2, 7, 5, -16 ],
\[ -1, 8, 0, -1, 21, -26 ],
\[ -1, 8, 2, -1, 13, -20 ],
\[ -1, 9, -3, -9, 36, -31 ],
\[ -1, 9, -3, -1, 12, -15 ],
\[ -1, 9, -3, 7, 12, -23 ],
\[ -1, 10, -4, -1, 19, -22 ],
\[ -1, 10, -2, -1, 11, -16 ],
\[ -1, 11, -5, -1, 26, -29 ],
\[ -1, 11, -3, -1, 18, -23 ],
\[ -1, 12, -2, -1, 17, -24 ],
\[ -1, 13, -5, 7, 8, -21 ],
\[ -1, 14, -6, -1, 15, -20 ],
\[ -1, 15, -7, -1, 22, -27 ],
\[ -1, 15, -5, -1, 14, -21 ],
\[ -1, 16, -4, -1, 13, -22 ],
\[ -1, 18, -8, -1, 11, -18 ],
\[ -1, 19, -9, -1, 18, -25 ],
\[ -1, 23, -11, -1, 14, -23 ],
\[ 0, -9, 18, -2, 14, -20 ],
\[ 0, -7, 14, -2, 12, -16 ],
\[ 0, -6, 13, -2, 19, -23 ],
\[ 0, -5, 10, -10, 34, -28 ],
\[ 0, -5, 10, -2, 10, -12 ],
\[ 0, -5, 10, 6, 10, -20 ],
\[ 0, -5, 14, -2, 18, -24 ],
\[ 0, -4, 9, -2, 17, -19 ],
\[ 0, -4, 11, 6, 9, -21 ],
\[ 0, -3, 6, -10, 32, -24 ],
\[ 0, -3, 6, -2, 8, -8 ],
\[ 0, -3, 6, 6, 8, -16 ],
\[ 0, -3, 8, -2, 24, -26 ],
\[ 0, -3, 10, -2, 16, -20 ],
\[ 0, -2, 5, -10, 39, -31 ],
\[ 0, -2, 5, -2, 15, -15 ],
\[ 0, -2, 5, 6, 15, -23 ],
\[ 0, -2, 7, 6, 7, -17 ],
\[ 0, -2, 9, -2, 23, -27 ],
\[ 0, -2, 11, -2, 15, -21 ],
\[ 0, -1, 2, -18, 54, -36 ],
\[ 0, -1, 2, -10, 30, -20 ],
\[ 0, -1, 2, -2, 6, -4 ],
\[ 0, -1, 2, -2, 30, -28 ],
\[ 0, -1, 2, 6, 6, -12 ],
\[ 0, -1, 2, 14, 6, -20 ],
\[ 0, -1, 4, -2, 22, -22 ],
\[ 0, -1, 6, -10, 38, -32 ],
\[ 0, -1, 6, -2, 14, -16 ],
\[ 0, -1, 6, 6, 14, -24 ],
\[ 0, -1, 8, 6, 6, -18 ],
\[ 0, 0, 1, -10, 37, -27 ],
\[ 0, 0, 1, -2, 13, -11 ],
\[ 0, 0, 1, 6, 13, -19 ],
\[ 0, 0, 3, -2, 29, -29 ],
\[ 0, 0, 3, 6, 5, -13 ],
\[ 0, 0, 3, 14, 5, -21 ],
\[ 0, 0, 5, -2, 21, -23 ],
\[ 0, 0, 7, -2, 13, -17 ],
\[ 0, 1, 0, -10, 44, -34 ],
\[ 0, 1, 0, -2, 20, -18 ],
\[ 0, 1, 0, 6, 20, -26 ],
\[ 0, 1, 2, -10, 36, -28 ],
\[ 0, 1, 2, -2, 12, -12 ],
\[ 0, 1, 2, 6, 12, -20 ],
\[ 0, 1, 4, 6, 4, -14 ],
\[ 0, 1, 6, -2, 20, -24 ],
\[ 0, 2, 1, -10, 43, -35 ],
\[ 0, 2, 1, -2, 19, -19 ],
\[ 0, 2, 1, 6, 19, -27 ],
\[ 0, 2, 3, -10, 35, -29 ],
\[ 0, 2, 3, -2, 11, -13 ],
\[ 0, 2, 3, 6, 11, -21 ],
\[ 0, 2, 7, -2, 19, -25 ],
\[ 0, 3, 0, -2, 26, -26 ],
\[ 0, 3, 0, 6, 2, -10 ],
\[ 0, 3, 0, 14, 2, -18 ],
\[ 0, 3, 2, -2, 18, -20 ],
\[ 0, 3, 4, 6, 10, -22 ],
\[ 0, 4, -1, -10, 33, -25 ],
\[ 0, 4, -1, -2, 9, -9 ],
\[ 0, 4, -1, 6, 9, -17 ],
\[ 0, 4, 1, -2, 25, -27 ],
\[ 0, 4, 3, -2, 17, -21 ],
\[ 0, 5, -2, -10, 40, -32 ],
\[ 0, 5, -2, -2, 16, -16 ],
\[ 0, 5, -2, 6, 16, -24 ],
\[ 0, 5, 0, 6, 8, -18 ],
\[ 0, 5, 4, -2, 16, -22 ],
\[ 0, 6, -1, -10, 39, -33 ],
\[ 0, 6, -1, -2, 15, -17 ],
\[ 0, 6, -1, 6, 15, -25 ],
\[ 0, 6, 1, 6, 7, -19 ],
\[ 0, 7, -2, -2, 22, -24 ],
\[ 0, 7, 0, -2, 14, -18 ],
\[ 0, 8, -3, 6, 5, -15 ],
\[ 0, 8, -1, -2, 21, -25 ],
\[ 0, 9, -4, -10, 36, -30 ],
\[ 0, 9, -4, -2, 12, -14 ],
\[ 0, 9, -4, 6, 12, -22 ],
\[ 0, 10, -3, 6, 11, -23 ],
\[ 0, 11, -4, -2, 18, -22 ],
\[ 0, 12, -3, -2, 17, -23 ],
\[ 0, 13, -6, 6, 8, -20 ],
\[ 0, 15, -6, -2, 14, -20 ],
\[ 1, -8, 16, -3, 21, -26 ],
\[ 1, -7, 13, 5, 12, -23 ],
\[ 1, -6, 12, -3, 19, -22 ],
\[ 1, -5, 9, 5, 10, -19 ],
\[ 1, -5, 13, -3, 18, -23 ],
\[ 1, -4, 8, -11, 41, -34 ],
\[ 1, -4, 8, -3, 17, -18 ],
\[ 1, -4, 8, 5, 17, -26 ],
\[ 1, -4, 10, 5, 9, -20 ],
\[ 1, -3, 5, -3, 32, -31 ],
\[ 1, -3, 5, 5, 8, -15 ],
\[ 1, -3, 5, 13, 8, -23 ],
\[ 1, -3, 7, -3, 24, -25 ],
\[ 1, -3, 9, -3, 16, -19 ],
\[ 1, -3, 11, 5, 8, -21 ],
\[ 1, -2, 4, -11, 39, -30 ],
\[ 1, -2, 4, -3, 15, -14 ],
\[ 1, -2, 4, 5, 15, -22 ],
\[ 1, -2, 6, 5, 7, -16 ],
\[ 1, -2, 8, -3, 23, -26 ],
\[ 1, -1, 1, -3, 30, -27 ],
\[ 1, -1, 1, 5, 6, -11 ],
\[ 1, -1, 1, 13, 6, -19 ],
\[ 1, -1, 3, -3, 22, -21 ],
\[ 1, -1, 5, -11, 38, -31 ],
\[ 1, -1, 5, -3, 14, -15 ],
\[ 1, -1, 5, 5, 14, -23 ],
\[ 1, -1, 7, 5, 6, -17 ],
\[ 1, 0, 0, -19, 61, -42 ],
\[ 1, 0, 0, -11, 37, -26 ],
\[ 1, 0, 0, -3, 13, -10 ],
\[ 1, 0, 0, -3, 37, -34 ],
\[ 1, 0, 0, 5, 13, -18 ],
\[ 1, 0, 0, 13, 13, -26 ],
\[ 1, 0, 2, -3, 29, -28 ],
\[ 1, 0, 2, 5, 5, -12 ],
\[ 1, 0, 2, 13, 5, -20 ],
\[ 1, 0, 4, -3, 21, -22 ],
\[ 1, 0, 6, 5, 13, -24 ],
\[ 1, 1, 1, -11, 36, -27 ],
\[ 1, 1, 1, -3, 12, -11 ],
\[ 1, 1, 1, 5, 12, -19 ],
\[ 1, 1, 3, -3, 28, -29 ],
\[ 1, 1, 3, 5, 4, -13 ],
\[ 1, 1, 3, 13, 4, -21 ],
\[ 1, 1, 5, -3, 20, -23 ],
\[ 1, 2, 0, -11, 43, -34 ],
\[ 1, 2, 0, -3, 19, -18 ],
\[ 1, 2, 0, 5, 19, -26 ],
\[ 1, 2, 2, 5, 11, -20 ],
\[ 1, 2, 6, -3, 19, -24 ],
\[ 1, 3, -1, -3, 26, -25 ],
\[ 1, 3, -1, 5, 2, -9 ],
\[ 1, 3, -1, 13, 2, -17 ],
\[ 1, 3, 1, -3, 18, -19 ],
\[ 1, 3, 3, 5, 10, -21 ],
\[ 1, 4, -2, -3, 33, -32 ],
\[ 1, 4, -2, 5, 9, -16 ],
\[ 1, 4, -2, 13, 9, -24 ],
\[ 1, 4, 0, -3, 25, -26 ],
\[ 1, 4, 2, -3, 17, -20 ],
\[ 1, 4, 4, 5, 9, -22 ],
\[ 1, 5, -1, 5, 8, -17 ],
\[ 1, 5, 1, -3, 24, -27 ],
\[ 1, 6, -2, -11, 39, -32 ],
\[ 1, 6, -2, -3, 15, -16 ],
\[ 1, 6, -2, 5, 15, -24 ],
\[ 1, 6, 0, 5, 7, -18 ],
\[ 1, 7, -3, -3, 22, -23 ],
\[ 1, 8, -4, -3, 29, -30 ],
\[ 1, 8, -4, 5, 5, -14 ],
\[ 1, 8, -4, 13, 5, -22 ],
\[ 1, 8, -2, -3, 21, -24 ],
\[ 1, 9, -1, -3, 20, -25 ],
\[ 1, 10, -4, 5, 11, -22 ],
\[ 1, 11, -5, -3, 18, -21 ],
\[ 1, 12, -6, -3, 25, -28 ],
\[ 1, 12, -4, -3, 17, -22 ],
\[ 1, 16, -8, -3, 21, -26 ],
\[ 2, -8, 15, -4, 21, -25 ],
\[ 2, -7, 12, 4, 12, -22 ],
\[ 2, -6, 11, -4, 19, -21 ],
\[ 2, -5, 8, 4, 10, -18 ],
\[ 2, -5, 10, -4, 26, -28 ],
\[ 2, -4, 7, -12, 41, -33 ],
\[ 2, -4, 7, -4, 17, -17 ],
\[ 2, -4, 7, 4, 17, -25 ],
\[ 2, -4, 9, 4, 9, -19 ],
\[ 2, -3, 4, -4, 32, -30 ],
\[ 2, -3, 4, 4, 8, -14 ],
\[ 2, -3, 4, 12, 8, -22 ],
\[ 2, -3, 6, -4, 24, -24 ],
\[ 2, -3, 10, 4, 8, -20 ],
\[ 2, -2, 3, -12, 39, -29 ],
\[ 2, -2, 3, -4, 15, -13 ],
\[ 2, -2, 3, 4, 15, -21 ],
\[ 2, -2, 5, 4, 7, -15 ],
\[ 2, -2, 7, -4, 23, -25 ],
\[ 2, -1, 2, -12, 46, -36 ],
\[ 2, -1, 2, -4, 22, -20 ],
\[ 2, -1, 2, 4, 22, -28 ],
\[ 2, -1, 4, 4, 14, -22 ],
\[ 2, -1, 6, 4, 6, -16 ],
\[ 2, -1, 8, -4, 22, -26 ],
\[ 2, 0, 1, -4, 29, -27 ],
\[ 2, 0, 1, 4, 5, -11 ],
\[ 2, 0, 1, 12, 5, -19 ],
\[ 2, 0, 3, -4, 21, -21 ],
\[ 2, 0, 5, 4, 13, -23 ],
\[ 2, 1, 0, 4, 12, -18 ],
\[ 2, 1, 2, -4, 28, -28 ],
\[ 2, 1, 2, 4, 4, -12 ],
\[ 2, 1, 2, 12, 4, -20 ],
\[ 2, 1, 4, -4, 20, -22 ],
\[ 2, 2, -1, -12, 43, -33 ],
\[ 2, 2, -1, -4, 19, -17 ],
\[ 2, 2, -1, 4, 19, -25 ],
\[ 2, 2, 1, 4, 11, -19 ],
\[ 2, 3, 0, -12, 42, -34 ],
\[ 2, 3, 0, -4, 18, -18 ],
\[ 2, 3, 0, 4, 18, -26 ],
\[ 2, 3, 2, 4, 10, -20 ],
\[ 2, 4, -1, -4, 25, -25 ],
\[ 2, 4, 3, 4, 9, -21 ],
\[ 2, 5, -2, 4, 8, -16 ],
\[ 2, 5, 0, -4, 24, -26 ],
\[ 2, 6, -3, 4, 15, -23 ],
\[ 2, 6, -1, 4, 7, -17 ],
\[ 2, 7, -2, 4, 14, -24 ],
\[ 2, 8, -3, -4, 21, -23 ],
\[ 2, 9, -2, -4, 20, -24 ],
\[ 2, 10, -5, 4, 11, -21 ],
\[ 2, 11, -4, 4, 10, -22 ],
\[ 3, -7, 11, 3, 12, -21 ],
\[ 3, -6, 12, 3, 11, -22 ],
\[ 3, -5, 7, 3, 10, -17 ],
\[ 3, -5, 9, -5, 26, -27 ],
\[ 3, -4, 6, 3, 17, -24 ],
\[ 3, -4, 8, 3, 9, -18 ],
\[ 3, -3, 3, -5, 32, -29 ],
\[ 3, -3, 3, 3, 8, -13 ],
\[ 3, -3, 3, 11, 8, -21 ],
\[ 3, -3, 5, -5, 24, -23 ],
\[ 3, -3, 7, 3, 16, -25 ],
\[ 3, -3, 9, 3, 8, -19 ],
\[ 3, -2, 2, 3, 15, -20 ],
\[ 3, -2, 4, -5, 31, -30 ],
\[ 3, -2, 4, 3, 7, -14 ],
\[ 3, -2, 4, 11, 7, -22 ],
\[ 3, -2, 6, -5, 23, -24 ],
\[ 3, -1, 1, -13, 46, -35 ],
\[ 3, -1, 1, -5, 22, -19 ],
\[ 3, -1, 1, 3, 22, -27 ],
\[ 3, -1, 3, 3, 14, -21 ],
\[ 3, -1, 5, 3, 6, -15 ],
\[ 3, 0, 0, -5, 29, -26 ],
\[ 3, 0, 0, 3, 5, -10 ],
\[ 3, 0, 0, 11, 5, -18 ],
\[ 3, 0, 2, -5, 21, -20 ],
\[ 3, 0, 4, 3, 13, -22 ],
\[ 3, 1, -1, -5, 36, -33 ],
\[ 3, 1, -1, 3, 12, -17 ],
\[ 3, 1, -1, 11, 12, -25 ],
\[ 3, 1, 1, -5, 28, -27 ],
\[ 3, 1, 1, 3, 4, -11 ],
\[ 3, 1, 1, 11, 4, -19 ],
\[ 3, 1, 5, 3, 12, -23 ],
\[ 3, 2, 0, 3, 11, -18 ],
\[ 3, 2, 2, -5, 27, -28 ],
\[ 3, 3, -1, 3, 18, -25 ],
\[ 3, 3, 1, 3, 10, -19 ],
\[ 3, 4, -2, -5, 25, -24 ],
\[ 3, 4, 2, 3, 9, -20 ],
\[ 3, 5, -3, -5, 32, -31 ],
\[ 3, 5, -3, 3, 8, -15 ],
\[ 3, 5, -3, 11, 8, -23 ],
\[ 3, 5, -1, -5, 24, -25 ],
\[ 3, 6, -2, 3, 7, -16 ],
\[ 3, 6, 0, -5, 23, -26 ],
\[ 3, 7, -3, 3, 14, -23 ],
\[ 3, 8, -4, -5, 21, -22 ],
\[ 3, 9, -5, -5, 28, -29 ],
\[ 3, 11, -5, 3, 10, -21 ],
\[ 3, 13, -7, -5, 24, -27 ],
\[ 4, -7, 10, 2, 12, -20 ],
\[ 4, -6, 11, 2, 11, -21 ],
\[ 4, -5, 6, 2, 10, -16 ],
\[ 4, -5, 8, -6, 26, -26 ],
\[ 4, -4, 5, 2, 17, -23 ],
\[ 4, -4, 7, 2, 9, -17 ],
\[ 4, -3, 2, -6, 32, -28 ],
\[ 4, -3, 2, 2, 8, -12 ],
\[ 4, -3, 2, 10, 8, -20 ],
\[ 4, -3, 4, -6, 24, -22 ],
\[ 4, -3, 6, 2, 16, -24 ],
\[ 4, -3, 8, 2, 8, -18 ],
\[ 4, -2, 1, 2, 15, -19 ],
\[ 4, -2, 3, -6, 31, -29 ],
\[ 4, -2, 3, 2, 7, -13 ],
\[ 4, -2, 3, 10, 7, -21 ],
\[ 4, -1, 0, -14, 46, -34 ],
\[ 4, -1, 0, -6, 22, -18 ],
\[ 4, -1, 0, 2, 22, -26 ],
\[ 4, -1, 2, 2, 14, -20 ],
\[ 4, -1, 4, 2, 6, -14 ],
\[ 4, 0, 1, 2, 21, -27 ],
\[ 4, 0, 3, 2, 13, -21 ],
\[ 4, 1, 0, -6, 28, -26 ],
\[ 4, 1, 0, 2, 4, -10 ],
\[ 4, 1, 0, 10, 4, -18 ],
\[ 4, 1, 4, 2, 12, -22 ],
\[ 4, 2, -1, 2, 11, -17 ],
\[ 4, 2, 1, -6, 27, -27 ],
\[ 4, 3, -2, 2, 18, -24 ],
\[ 4, 3, 0, 2, 10, -18 ],
\[ 4, 4, -1, 2, 17, -25 ],
\[ 4, 4, 1, 2, 9, -19 ],
\[ 4, 5, -2, -6, 24, -24 ],
\[ 4, 6, -3, 2, 7, -15 ],
\[ 4, 7, -4, 2, 14, -22 ],
\[ 4, 8, -3, 2, 13, -23 ],
\[ 4, 11, -6, 2, 10, -20 ],
\[ 5, -9, 13, 1, 14, -23 ],
\[ 5, -7, 9, 1, 12, -19 ],
\[ 5, -6, 8, 1, 19, -26 ],
\[ 5, -6, 10, 1, 11, -20 ],
\[ 5, -5, 5, -7, 34, -31 ],
\[ 5, -5, 5, 1, 10, -15 ],
\[ 5, -5, 5, 9, 10, -23 ],
\[ 5, -5, 11, 1, 10, -21 ],
\[ 5, -4, 4, 1, 17, -22 ],
\[ 5, -4, 6, 1, 9, -16 ],
\[ 5, -3, 1, -7, 32, -27 ],
\[ 5, -3, 1, 1, 8, -11 ],
\[ 5, -3, 1, 9, 8, -19 ],
\[ 5, -3, 5, 1, 16, -23 ],
\[ 5, -3, 7, 1, 8, -17 ],
\[ 5, -2, 0, -7, 39, -34 ],
\[ 5, -2, 0, 1, 15, -18 ],
\[ 5, -2, 0, 9, 15, -26 ],
\[ 5, -2, 2, -7, 31, -28 ],
\[ 5, -2, 2, 1, 7, -12 ],
\[ 5, -2, 2, 9, 7, -20 ],
\[ 5, -2, 6, 1, 15, -24 ],
\[ 5, -1, 1, 1, 14, -19 ],
\[ 5, -1, 3, -7, 30, -29 ],
\[ 5, -1, 3, 1, 6, -13 ],
\[ 5, -1, 3, 9, 6, -21 ],
\[ 5, 0, 0, 1, 21, -26 ],
\[ 5, 0, 2, 1, 13, -20 ],
\[ 5, 1, -1, -7, 28, -25 ],
\[ 5, 1, -1, 1, 4, -9 ],
\[ 5, 1, -1, 9, 4, -17 ],
\[ 5, 1, 3, 1, 12, -21 ],
\[ 5, 2, -2, -7, 35, -32 ],
\[ 5, 2, -2, 1, 11, -16 ],
\[ 5, 2, -2, 9, 11, -24 ],
\[ 5, 2, 0, -7, 27, -26 ],
\[ 5, 2, 4, 1, 11, -22 ],
\[ 5, 3, -1, 1, 10, -17 ],
\[ 5, 4, -2, 1, 17, -24 ],
\[ 5, 4, 0, 1, 9, -18 ],
\[ 5, 6, -4, -7, 31, -30 ],
\[ 5, 6, -4, 1, 7, -14 ],
\[ 5, 6, -4, 9, 7, -22 ],
\[ 5, 8, -4, 1, 13, -22 ],
\[ 6, -9, 12, 0, 14, -22 ],
\[ 6, -7, 8, 0, 12, -18 ],
\[ 6, -6, 7, 0, 19, -25 ],
\[ 6, -6, 9, 0, 11, -19 ],
\[ 6, -5, 4, -8, 34, -30 ],
\[ 6, -5, 4, 0, 10, -14 ],
\[ 6, -5, 4, 8, 10, -22 ],
\[ 6, -5, 10, 0, 10, -20 ],
\[ 6, -4, 3, 0, 17, -21 ],
\[ 6, -4, 5, 0, 9, -15 ],
\[ 6, -3, 2, 0, 24, -28 ],
\[ 6, -3, 4, 0, 16, -22 ],
\[ 6, -3, 6, 0, 8, -16 ],
\[ 6, -2, 1, -8, 31, -27 ],
\[ 6, -2, 1, 0, 7, -11 ],
\[ 6, -2, 1, 8, 7, -19 ],
\[ 6, -2, 5, 0, 15, -23 ],
\[ 6, -1, 0, 0, 14, -18 ],
\[ 6, -1, 2, -8, 30, -28 ],
\[ 6, -1, 2, 0, 6, -12 ],
\[ 6, -1, 2, 8, 6, -20 ],
\[ 6, 0, -1, 0, 21, -25 ],
\[ 6, 0, 1, 0, 13, -19 ],
\[ 6, 1, 0, 0, 20, -26 ],
\[ 6, 1, 2, 0, 12, -20 ],
\[ 6, 2, 3, 0, 11, -21 ],
\[ 6, 3, -2, 0, 10, -16 ],
\[ 6, 4, -3, 0, 17, -23 ],
\[ 6, 4, -1, 0, 9, -17 ],
\[ 6, 5, -2, 0, 16, -24 ],
\[ 6, 8, -5, 0, 13, -21 ],
\[ 6, 9, -4, 0, 12, -22 ],
\[ 7, -9, 11, -1, 14, -21 ],
\[ 7, -8, 12, -1, 13, -22 ],
\[ 7, -7, 7, -1, 12, -17 ],
\[ 7, -6, 6, -1, 19, -24 ],
\[ 7, -6, 8, -1, 11, -18 ],
\[ 7, -5, 3, -9, 34, -29 ],
\[ 7, -5, 3, -1, 10, -13 ],
\[ 7, -5, 3, 7, 10, -21 ],
\[ 7, -5, 7, -1, 18, -25 ],
\[ 7, -4, 2, -1, 17, -20 ],
\[ 7, -4, 4, -9, 33, -30 ],
\[ 7, -4, 4, -1, 9, -14 ],
\[ 7, -4, 4, 7, 9, -22 ],
\[ 7, -3, 1, -1, 24, -27 ],
\[ 7, -3, 3, -1, 16, -21 ],
\[ 7, -2, 0, -9, 31, -26 ],
\[ 7, -2, 0, -1, 7, -10 ],
\[ 7, -2, 0, 7, 7, -18 ],
\[ 7, -2, 4, -1, 15, -22 ],
\[ 7, -1, -1, -9, 38, -33 ],
\[ 7, -1, -1, -1, 14, -17 ],
\[ 7, -1, -1, 7, 14, -25 ],
\[ 7, -1, 1, 7, 6, -19 ],
\[ 7, -1, 5, -1, 14, -23 ],
\[ 7, 0, 0, -1, 13, -18 ],
\[ 7, 1, -1, -1, 20, -25 ],
\[ 7, 1, 1, -1, 12, -19 ],
\[ 7, 3, -3, -9, 34, -31 ],
\[ 7, 3, -3, -1, 10, -15 ],
\[ 7, 3, -3, 7, 10, -23 ],
\[ 7, 5, -3, -1, 16, -23 ],
\[ 8, -9, 10, -2, 14, -20 ],
\[ 8, -7, 6, -2, 12, -16 ],
\[ 8, -6, 5, -2, 19, -23 ],
\[ 8, -5, 2, -10, 34, -28 ],
\[ 8, -5, 2, -2, 10, -12 ],
\[ 8, -5, 2, 6, 10, -20 ],
\[ 8, -5, 6, -2, 18, -24 ],
\[ 8, -4, 1, -2, 17, -19 ],
\[ 8, -4, 3, 6, 9, -21 ],
\[ 8, -3, 0, -2, 24, -26 ],
\[ 8, -3, 2, -2, 16, -20 ],
\[ 8, -2, 1, -2, 23, -27 ],
\[ 8, -2, 3, -2, 15, -21 ],
\[ 8, -1, 0, 6, 6, -18 ],
\[ 8, 0, -1, -2, 13, -17 ],
\[ 8, 1, -2, -2, 20, -24 ],
\[ 8, 2, -1, -2, 19, -25 ],
\[ 8, 5, -4, -2, 16, -22 ],
\[ 9, -8, 8, -3, 21, -26 ],
\[ 9, -7, 5, 5, 12, -23 ],
\[ 9, -6, 4, -3, 19, -22 ],
\[ 9, -5, 1, 5, 10, -19 ],
\[ 9, -5, 5, -3, 18, -23 ],
\[ 9, -4, 0, -11, 41, -34 ],
\[ 9, -4, 0, -3, 17, -18 ],
\[ 9, -4, 0, 5, 17, -26 ],
\[ 9, -4, 2, 5, 9, -20 ],
\[ 9, -3, 1, -3, 16, -19 ],
\[ 9, -3, 3, 5, 8, -21 ],
\[ 9, -2, 0, -3, 23, -26 ],
\[ 9, -1, -1, 5, 6, -17 ],
\[ 9, 0, -2, 5, 13, -24 ],
\[ 9, 2, -2, -3, 19, -24 ],
\[ 9, 4, -4, 5, 9, -22 ],
\[ 10, -8, 7, -4, 21, -25 ],
\[ 10, -7, 4, 4, 12, -22 ],
\[ 10, -6, 3, -4, 19, -21 ],
\[ 10, -5, 2, -4, 26, -28 ],
\[ 10, -4, 1, 4, 9, -19 ],
\[ 10, -3, 2, 4, 8, -20 ],
\[ 10, -2, -1, -4, 23, -25 ],
\[ 10, -1, 0, -4, 22, -26 ],
\[ 11, -7, 3, 3, 12, -21 ],
\[ 11, -6, 4, 3, 11, -22 ],
\[ 11, -5, 1, -5, 26, -27 ],
\[ 11, -4, 0, 3, 9, -18 ],
\[ 11, -3, -1, 3, 16, -25 ],
\[ 11, -3, 1, 3, 8, -19 ],
\[ 11, 1, -3, 3, 12, -23 ],
\[ 12, -7, 2, 2, 12, -20 ],
\[ 12, -6, 3, 2, 11, -21 ],
\[ 12, -5, 0, -6, 26, -26 ],
\[ 12, -3, 0, 2, 8, -18 ],
\[ 13, -9, 5, 1, 14, -23 ],
\[ 13, -7, 1, 1, 12, -19 ],
\[ 13, -6, 0, 1, 19, -26 ],
\[ 13, -6, 2, 1, 11, -20 ],
\[ 13, -5, 3, 1, 10, -21 ],
\[ 13, -3, -1, 1, 8, -17 ],
\[ 13, -2, -2, 1, 15, -24 ],
\[ 13, 2, -4, 1, 11, -22 ],
\[ 14, -9, 4, 0, 14, -22 ],
\[ 14, -6, 1, 0, 11, -19 ],
\[ 14, -5, 2, 0, 10, -20 ],
\[ 15, -9, 3, -1, 14, -21 ],
\[ 15, -8, 4, -1, 13, -22 ],
\[ 15, -6, 0, -1, 11, -18 ],
\[ 15, -5, -1, -1, 18, -25 ],
\[ 15, -1, -3, -1, 14, -23 ],
\[ 16, -9, 2, -2, 14, -20 ],
\[ 17, -8, 0, -3, 21, -26 ]
]
