use application "polytope";
use vars '$ieqs', '$eqs', '$p';
$ieqs = [
[ 0, 996, 498, 332, 249, 166, 83, 12, 6, 4, 3, 2, 1, 0, 0, 0, 0, 0 ],
[ 0, 249, 498, 83, 249, 166, 83, 3, 6, 1, 3, 2, 1, 0, 0, 0, 0, 0 ],
[ 0, 332, 166, 996, 83, 498, 249, 4, 2, 12, 1, 6, 3, 0, 0, 0, 0, 0 ],
[ 0, 249, 498, 83, 996, 166, 332, 3, 6, 1, 12, 2, 4, 0, 0, 0, 0, 0 ],
[ 0, 83, 166, 249, 83, 498, 249, 1, 2, 3, 1, 6, 3, 0, 0, 0, 0, 0 ],
[ 0, 83, 166, 249, 332, 498, 996, 1, 2, 3, 4, 6, 12, 0, 0, 0, 0, 0 ],
[ 0, 12, 6, 4, 3, 2, 1, 996, 498, 332, 249, 166, 83, 0, 0, 0, 0, 0 ],
[ 0, 3, 6, 1, 3, 2, 1, 249, 498, 83, 249, 166, 83, 0, 0, 0, 0, 0 ],
[ 0, 4, 2, 12, 1, 6, 3, 332, 166, 996, 83, 498, 249, 0, 0, 0, 0, 0 ],
[ 0, 3, 6, 1, 12, 2, 4, 249, 498, 83, 996, 166, 332, 0, 0, 0, 0, 0 ],
[ 0, 1, 2, 3, 1, 6, 3, 83, 166, 249, 83, 498, 249, 0, 0, 0, 0, 0 ],
[ 9816, 1, 2, 3, 4, 6, 12, 83, 166, 249, 332, 498, 996, 0, 0, 0, 0, 0 ]
];
$eqs = [
[ -1, 1, 1, 1, 1, 1, 1, 1, 1, 1, 1, 1, 1, 0, 0, 0, 0, 0 ],
[ -1, 0, 1, 0, 2, 1, 2, 0, 1, 0, 2, 1, 2, -2, 0, 0, 0, 0 ],
[ 0, 0, 0, 1, 0, 1, 1, 0, 0, 1, 0, 1, 1, 0, -2, 0, 0, 0 ],
[ 0, 0, 0, 0, 0, 0, 0, 1, 1, 1, 1, 1, 1, 0, 0, -2, 0, 0 ],
[ 0, 1, 2, 3, 4, 6, 12, 83, 166, 249, 332, 498, 996, 0, 0, 0, -24, 0 ],
[ 0, 996, 498, 332, 249, 166, 83, 12, 6, 4, 3, 2, 1, 0, 0, 0, 0, -24 ]
];
$p = new Polytope(INEQUALITIES=>$ieqs, EQUATIONS=>$eqs);
prefer_now "libnormaliz";
print $p->LATTICE_POINTS_GENERATORS->[0];
