use application "polytope";
use vars '$ieqs', '$eqs', '$p';
$ieqs = [
[ 0, 580, 290, 145, 116, 58, 29, 20, 10, 5, 4, 2, 1, 0, 0, 0, 0, 0 ],
[ 0, 145, 290, 145, 29, 58, 29, 5, 10, 5, 1, 2, 1, 0, 0, 0, 0, 0 ],
[ 0, 145, 290, 580, 29, 58, 116, 5, 10, 20, 1, 2, 4, 0, 0, 0, 0, 0 ],
[ 0, 116, 58, 29, 580, 290, 145, 4, 2, 1, 20, 10, 5, 0, 0, 0, 0, 0 ],
[ 0, 29, 58, 29, 145, 290, 145, 1, 2, 1, 5, 10, 5, 0, 0, 0, 0, 0 ],
[ 0, 29, 58, 116, 145, 290, 580, 1, 2, 4, 5, 10, 20, 0, 0, 0, 0, 0 ],
[ 0, 20, 10, 5, 4, 2, 1, 580, 290, 145, 116, 58, 29, 0, 0, 0, 0, 0 ],
[ 0, 5, 10, 5, 1, 2, 1, 145, 290, 145, 29, 58, 29, 0, 0, 0, 0, 0 ],
[ 0, 5, 10, 20, 1, 2, 4, 145, 290, 580, 29, 58, 116, 0, 0, 0, 0, 0 ],
[ 0, 4, 2, 1, 20, 10, 5, 116, 58, 29, 580, 290, 145, 0, 0, 0, 0, 0 ],
[ 0, 1, 2, 1, 5, 10, 5, 29, 58, 29, 145, 290, 145, 0, 0, 0, 0, 0 ],
[ 3384, 1, 2, 4, 5, 10, 20, 29, 58, 116, 145, 290, 580, 0, 0, 0, 0, 0 ]
];
$eqs = [
[ -1, 1, 1, 1, 1, 1, 1, 1, 1, 1, 1, 1, 1, 0, 0, 0, 0, 0 ],
[ -1, 0, 1, 2, 0, 1, 2, 0, 1, 2, 0, 1, 2, -2, 0, 0, 0, 0 ],
[ 0, 0, 0, 0, 1, 1, 1, 0, 0, 0, 1, 1, 1, 0, -2, 0, 0, 0 ],
[ 0, 0, 0, 0, 0, 0, 0, 1, 1, 1, 1, 1, 1, 0, 0, -2, 0, 0 ],
[ 0, 1, 2, 4, 5, 10, 20, 29, 58, 116, 145, 290, 580, 0, 0, 0, -24, 0 ],
[ 0, 580, 290, 145, 116, 58, 29, 20, 10, 5, 4, 2, 1, 0, 0, 0, 0, -24 ]
];
$p = new Polytope(INEQUALITIES=>$ieqs, EQUATIONS=>$eqs);
prefer_now "libnormaliz";
print $p->LATTICE_POINTS_GENERATORS->[0];
