use application "polytope";
use vars '$ieqs', '$eqs', '$p';
$ieqs = [
[ 0, 308, 154, 77, 44, 28, 22, 14, 11, 7, 4, 2, 1, 0, 0, 0, 0, 0 ],
[ 0, 77, 154, 77, 11, 7, 22, 14, 11, 7, 1, 2, 1, 0, 0, 0, 0, 0 ],
[ 0, 77, 154, 308, 11, 7, 22, 14, 44, 28, 1, 2, 4, 0, 0, 0, 0, 0 ],
[ 0, 44, 22, 11, 308, 4, 154, 2, 77, 1, 28, 14, 7, 0, 0, 0, 0, 0 ],
[ 0, 28, 14, 7, 4, 308, 2, 154, 1, 77, 44, 22, 11, 0, 0, 0, 0, 0 ],
[ 0, 11, 22, 11, 77, 1, 154, 2, 77, 1, 7, 14, 7, 0, 0, 0, 0, 0 ],
[ 0, 7, 14, 7, 1, 77, 2, 154, 1, 77, 11, 22, 11, 0, 0, 0, 0, 0 ],
[ 0, 11, 22, 44, 77, 1, 154, 2, 308, 4, 7, 14, 28, 0, 0, 0, 0, 0 ],
[ 0, 7, 14, 28, 1, 77, 2, 154, 4, 308, 11, 22, 44, 0, 0, 0, 0, 0 ],
[ 0, 4, 2, 1, 28, 44, 14, 22, 7, 11, 308, 154, 77, 0, 0, 0, 0, 0 ],
[ 0, 1, 2, 1, 7, 11, 14, 22, 7, 11, 77, 154, 77, 0, 0, 0, 0, 0 ],
[ 3072, 1, 2, 4, 7, 11, 14, 22, 28, 44, 77, 154, 308, 0, 0, 0, 0, 0 ]
];
$eqs = [
[ -1, 1, 1, 1, 1, 1, 1, 1, 1, 1, 1, 1, 1, 0, 0, 0, 0, 0 ],
[ -1, 0, 1, 2, 0, 0, 1, 1, 2, 2, 0, 1, 2, -2, 0, 0, 0, 0 ],
[ 0, 0, 0, 0, 1, 0, 1, 0, 1, 0, 1, 1, 1, 0, -2, 0, 0, 0 ],
[ 0, 0, 0, 0, 0, 1, 0, 1, 0, 1, 1, 1, 1, 0, 0, -2, 0, 0 ],
[ 0, 1, 2, 4, 7, 11, 14, 22, 28, 44, 77, 154, 308, 0, 0, 0, -24, 0 ],
[ 0, 308, 154, 77, 44, 28, 22, 14, 11, 7, 4, 2, 1, 0, 0, 0, 0, -24 ]
];
$p = new Polytope(INEQUALITIES=>$ieqs, EQUATIONS=>$eqs);
print $p->LATTICE_POINTS;
