use application "polytope";
use vars '$ieqs', '$eqs', '$p';
$ieqs = [
[ 2568, 620, 310, 155, 124, 62, 31, 20, 10, 5, 4, 2, 1, 0, 0, 0, 0, 0 ],
[ 0, 155, 310, 155, 31, 62, 31, 5, 10, 5, 1, 2, 1, 0, 0, 0, 0, 0 ],
[ 0, 155, 310, 620, 31, 62, 124, 5, 10, 20, 1, 2, 4, 0, 0, 0, 0, 0 ],
[ 0, 124, 62, 31, 620, 310, 155, 4, 2, 1, 20, 10, 5, 0, 0, 0, 0, 0 ],
[ 0, 31, 62, 31, 155, 310, 155, 1, 2, 1, 5, 10, 5, 0, 0, 0, 0, 0 ],
[ 0, 31, 62, 124, 155, 310, 620, 1, 2, 4, 5, 10, 20, 0, 0, 0, 0, 0 ],
[ 0, 20, 10, 5, 4, 2, 1, 620, 310, 155, 124, 62, 31, 0, 0, 0, 0, 0 ],
[ 0, 5, 10, 5, 1, 2, 1, 155, 310, 155, 31, 62, 31, 0, 0, 0, 0, 0 ],
[ 0, 5, 10, 20, 1, 2, 4, 155, 310, 620, 31, 62, 124, 0, 0, 0, 0, 0 ],
[ 0, 4, 2, 1, 20, 10, 5, 124, 62, 31, 620, 310, 155, 0, 0, 0, 0, 0 ],
[ 0, 1, 2, 1, 5, 10, 5, 31, 62, 31, 155, 310, 155, 0, 0, 0, 0, 0 ],
[ 3768, 1, 2, 4, 5, 10, 20, 31, 62, 124, 155, 310, 620, 0, 0, 0, 0, 0 ]
];
$eqs = [
[ -1, 1, 1, 1, 1, 1, 1, 1, 1, 1, 1, 1, 1, 0, 0, 0, 0, 0 ],
[ -1, 0, 1, 2, 0, 1, 2, 0, 1, 2, 0, 1, 2, -2, 0, 0, 0, 0 ],
[ 0, 0, 0, 0, 1, 1, 1, 0, 0, 0, 1, 1, 1, 0, -2, 0, 0, 0 ],
[ 0, 0, 0, 0, 0, 0, 0, 1, 1, 1, 1, 1, 1, 0, 0, -2, 0, 0 ],
[ 0, 1, 2, 4, 5, 10, 20, 31, 62, 124, 155, 310, 620, 0, 0, 0, -24, 0 ],
[ 0, 620, 310, 155, 124, 62, 31, 20, 10, 5, 4, 2, 1, 0, 0, 0, 0, -24 ]
];
$p = new Polytope(INEQUALITIES=>$ieqs, EQUATIONS=>$eqs);
prefer_now "libnormaliz";
print $p->LATTICE_POINTS_GENERATORS->[0];
