[ PowerSequence(IntegerRing()) |
\[ -21, 50, -16, -1, 15, -26 ],
\[ -21, 52, -20, -1, 13, -22 ],
\[ -20, 50, -19, 2, 15, -27 ],
\[ -19, 46, -16, -3, 19, -26 ],
\[ -18, 41, -10, 0, 12, -24 ],
\[ -18, 43, -14, 0, 10, -20 ],
\[ -18, 48, -19, 0, 17, -27 ],
\[ -18, 52, -21, 0, 13, -25 ],
\[ -17, 40, -12, -5, 25, -30 ],
\[ -17, 41, -13, 3, 12, -25 ],
\[ -17, 42, -16, -5, 23, -26 ],
\[ -17, 43, -17, 3, 10, -21 ],
\[ -17, 43, -15, 3, 10, -23 ],
\[ -16, 37, -10, -2, 16, -24 ],
\[ -16, 39, -14, -2, 14, -20 ],
\[ -16, 40, -15, -2, 25, -31 ],
\[ -16, 41, -16, 6, 12, -26 ],
\[ -16, 44, -17, -2, 21, -29 ],
\[ -15, 36, -12, -7, 29, -30 ],
\[ -15, 37, -13, 1, 16, -25 ],
\[ -15, 37, -11, 1, 16, -27 ],
\[ -15, 39, -15, 1, 14, -23 ],
\[ -15, 39, -13, 1, 14, -25 ],
\[ -15, 41, -15, 1, 12, -23 ],
\[ -15, 41, -13, 1, 12, -25 ],
\[ -15, 43, -17, 1, 10, -21 ],
\[ -14, 31, -6, -4, 22, -28 ],
\[ -14, 33, -10, -4, 20, -24 ],
\[ -14, 37, -14, 4, 16, -28 ],
\[ -14, 38, -15, -4, 27, -31 ],
\[ -14, 41, -16, 4, 12, -26 ],
\[ -14, 42, -17, -4, 23, -29 ],
\[ -13, 26, 0, -1, 15, -26 ],
\[ -13, 28, -4, -1, 13, -22 ],
\[ -13, 30, -8, -9, 35, -34 ],
\[ -13, 30, -8, -1, 11, -18 ],
\[ -13, 30, -8, 7, 11, -26 ],
\[ -13, 31, -9, -1, 22, -29 ],
\[ -13, 32, -12, -9, 33, -30 ],
\[ -13, 32, -12, -1, 9, -14 ],
\[ -13, 32, -12, 7, 9, -22 ],
\[ -13, 32, -10, 7, 9, -24 ],
\[ -13, 33, -13, -1, 20, -25 ],
\[ -13, 33, -11, -1, 20, -27 ],
\[ -13, 33, -9, -1, 20, -29 ],
\[ -13, 35, -13, -1, 18, -25 ],
\[ -13, 35, -11, -1, 18, -27 ],
\[ -13, 37, -15, -1, 16, -23 ],
\[ -13, 37, -13, -1, 16, -25 ],
\[ -13, 37, -11, -1, 16, -27 ],
\[ -13, 39, -15, -1, 14, -23 ],
\[ -12, 26, -3, 2, 15, -27 ],
\[ -12, 27, -6, -6, 26, -28 ],
\[ -12, 28, -7, 2, 13, -23 ],
\[ -12, 28, -5, 2, 13, -25 ],
\[ -12, 29, -10, -6, 24, -24 ],
\[ -12, 30, -11, -6, 35, -35 ],
\[ -12, 30, -11, 2, 11, -19 ],
\[ -12, 30, -11, 10, 11, -27 ],
\[ -12, 30, -9, 2, 11, -21 ],
\[ -12, 30, -7, 2, 11, -23 ],
\[ -12, 31, -12, 2, 22, -30 ],
\[ -12, 32, -11, 2, 9, -19 ],
\[ -12, 34, -13, -6, 31, -33 ],
\[ -12, 35, -14, 2, 18, -28 ],
\[ -12, 39, -16, 2, 14, -26 ],
\[ -11, 22, 0, -3, 19, -26 ],
\[ -11, 24, -4, -3, 17, -22 ],
\[ -11, 26, -8, -11, 39, -34 ],
\[ -11, 26, -8, -3, 15, -18 ],
\[ -11, 26, -8, 5, 15, -26 ],
\[ -11, 26, -6, 5, 15, -28 ],
\[ -11, 27, -9, -3, 26, -29 ],
\[ -11, 27, -7, -3, 26, -31 ],
\[ -11, 28, -10, 5, 13, -24 ],
\[ -11, 28, -8, 5, 13, -26 ],
\[ -11, 29, -11, -3, 24, -27 ],
\[ -11, 29, -9, -3, 24, -29 ],
\[ -11, 30, -12, 5, 11, -22 ],
\[ -11, 30, -10, 5, 11, -24 ],
\[ -11, 30, -8, 5, 11, -26 ],
\[ -11, 31, -11, -3, 22, -27 ],
\[ -11, 31, -9, -3, 22, -29 ],
\[ -11, 32, -12, 5, 9, -22 ],
\[ -11, 33, -13, -3, 20, -25 ],
\[ -11, 33, -11, -3, 20, -27 ],
\[ -10, 17, 6, 0, 12, -24 ],
\[ -10, 19, 2, 0, 10, -20 ],
\[ -10, 21, -2, -8, 32, -32 ],
\[ -10, 21, -2, 0, 8, -16 ],
\[ -10, 21, -2, 8, 8, -24 ],
\[ -10, 22, -3, 0, 19, -27 ],
\[ -10, 23, -6, -8, 30, -28 ],
\[ -10, 23, -6, 0, 6, -12 ],
\[ -10, 23, -6, 8, 6, -20 ],
\[ -10, 24, -7, 0, 17, -23 ],
\[ -10, 24, -5, 0, 17, -25 ],
\[ -10, 24, -3, 0, 17, -27 ],
\[ -10, 26, -9, 0, 15, -21 ],
\[ -10, 26, -7, 0, 15, -23 ],
\[ -10, 26, -5, 0, 15, -25 ],
\[ -10, 27, -10, 0, 26, -32 ],
\[ -10, 28, -11, -8, 37, -35 ],
\[ -10, 28, -11, 0, 13, -19 ],
\[ -10, 28, -11, 8, 13, -27 ],
\[ -10, 28, -9, 0, 13, -21 ],
\[ -10, 28, -7, 0, 13, -23 ],
\[ -10, 28, -5, 0, 13, -25 ],
\[ -10, 30, -11, 0, 11, -19 ],
\[ -10, 30, -9, 0, 11, -21 ],
\[ -10, 31, -12, 0, 22, -30 ],
\[ -10, 32, -13, -8, 33, -33 ],
\[ -10, 32, -13, 0, 9, -17 ],
\[ -10, 32, -13, 8, 9, -25 ],
\[ -10, 35, -14, 0, 18, -28 ],
\[ -10, 39, -16, 0, 14, -26 ],
\[ -9, 16, 4, -5, 25, -30 ],
\[ -9, 17, 3, 3, 12, -25 ],
\[ -9, 18, 0, -5, 23, -26 ],
\[ -9, 19, -1, 3, 10, -21 ],
\[ -9, 19, 1, 3, 10, -23 ],
\[ -9, 20, -4, -13, 45, -38 ],
\[ -9, 20, -4, -5, 21, -22 ],
\[ -9, 20, -4, 3, 21, -30 ],
\[ -9, 21, -5, -5, 32, -33 ],
\[ -9, 21, -5, 3, 8, -17 ],
\[ -9, 21, -5, 11, 8, -25 ],
\[ -9, 21, -3, 3, 8, -19 ],
\[ -9, 22, -8, -13, 43, -34 ],
\[ -9, 22, -8, -5, 19, -18 ],
\[ -9, 22, -8, 3, 19, -26 ],
\[ -9, 22, -6, 3, 19, -28 ],
\[ -9, 23, -9, -5, 30, -29 ],
\[ -9, 23, -9, 3, 6, -13 ],
\[ -9, 23, -9, 11, 6, -21 ],
\[ -9, 23, -7, -5, 30, -31 ],
\[ -9, 23, -7, 3, 6, -15 ],
\[ -9, 23, -7, 11, 6, -23 ],
\[ -9, 23, -5, -5, 30, -33 ],
\[ -9, 24, -8, 3, 17, -26 ],
\[ -9, 24, -6, 3, 17, -28 ],
\[ -9, 25, -9, -5, 28, -29 ],
\[ -9, 25, -7, -5, 28, -31 ],
\[ -9, 26, -10, 3, 15, -24 ],
\[ -9, 26, -8, 3, 15, -26 ],
\[ -9, 27, -11, -5, 26, -27 ],
\[ -9, 27, -9, -5, 26, -29 ],
\[ -9, 27, -7, -5, 26, -31 ],
\[ -9, 28, -10, 3, 13, -24 ],
\[ -9, 28, -8, 3, 13, -26 ],
\[ -9, 29, -11, -5, 24, -27 ],
\[ -9, 30, -12, 3, 11, -22 ],
\[ -9, 30, -10, 3, 11, -24 ],
\[ -8, 13, 6, -2, 16, -24 ],
\[ -8, 15, 2, -2, 14, -20 ],
\[ -8, 16, 1, -2, 25, -31 ],
\[ -8, 17, -2, -10, 36, -32 ],
\[ -8, 17, -2, -2, 12, -16 ],
\[ -8, 17, -2, 6, 12, -24 ],
\[ -8, 17, 0, 6, 12, -26 ],
\[ -8, 18, -3, -2, 23, -27 ],
\[ -8, 18, -1, -2, 23, -29 ],
\[ -8, 19, -6, -10, 34, -28 ],
\[ -8, 19, -6, -2, 10, -12 ],
\[ -8, 19, -6, 6, 10, -20 ],
\[ -8, 19, -4, 6, 10, -22 ],
\[ -8, 19, -2, 6, 10, -24 ],
\[ -8, 20, -7, -10, 45, -39 ],
\[ -8, 20, -7, -2, 21, -23 ],
\[ -8, 20, -7, 6, 21, -31 ],
\[ -8, 20, -5, -2, 21, -25 ],
\[ -8, 20, -3, -2, 21, -27 ],
\[ -8, 20, -1, -2, 21, -29 ],
\[ -8, 21, -8, -2, 32, -34 ],
\[ -8, 21, -8, 6, 8, -18 ],
\[ -8, 21, -8, 14, 8, -26 ],
\[ -8, 21, -6, 6, 8, -20 ],
\[ -8, 21, -4, 6, 8, -22 ],
\[ -8, 22, -7, -2, 19, -23 ],
\[ -8, 22, -5, -2, 19, -25 ],
\[ -8, 22, -3, -2, 19, -27 ],
\[ -8, 23, -8, 6, 6, -18 ],
\[ -8, 24, -9, -10, 41, -37 ],
\[ -8, 24, -9, -2, 17, -21 ],
\[ -8, 24, -9, 6, 17, -29 ],
\[ -8, 24, -7, -2, 17, -23 ],
\[ -8, 24, -5, -2, 17, -25 ],
\[ -8, 25, -10, -2, 28, -32 ],
\[ -8, 26, -9, -2, 15, -21 ],
\[ -8, 28, -11, 6, 13, -27 ],
\[ -8, 29, -12, -2, 24, -30 ],
\[ -8, 33, -14, -2, 20, -28 ],
\[ -7, 12, 4, -7, 29, -30 ],
\[ -7, 13, 3, 1, 16, -25 ],
\[ -7, 13, 5, 1, 16, -27 ],
\[ -7, 14, 0, -7, 27, -26 ],
\[ -7, 15, -1, 1, 14, -21 ],
\[ -7, 15, 1, 1, 14, -23 ],
\[ -7, 15, 3, 1, 14, -25 ],
\[ -7, 16, -4, -15, 49, -38 ],
\[ -7, 16, -4, -7, 25, -22 ],
\[ -7, 16, -4, 1, 25, -30 ],
\[ -7, 16, -2, 1, 25, -32 ],
\[ -7, 17, -5, -7, 36, -33 ],
\[ -7, 17, -5, 1, 12, -17 ],
\[ -7, 17, -5, 9, 12, -25 ],
\[ -7, 17, -3, -7, 36, -35 ],
\[ -7, 17, -3, 1, 12, -19 ],
\[ -7, 17, -3, 9, 12, -27 ],
\[ -7, 17, -1, 1, 12, -21 ],
\[ -7, 17, 1, 1, 12, -23 ],
\[ -7, 17, 3, 1, 12, -25 ],
\[ -7, 18, -6, 1, 23, -28 ],
\[ -7, 18, -4, 1, 23, -30 ],
\[ -7, 19, -7, -7, 34, -31 ],
\[ -7, 19, -7, 1, 10, -15 ],
\[ -7, 19, -7, 9, 10, -23 ],
\[ -7, 19, -5, -7, 34, -33 ],
\[ -7, 19, -5, 1, 10, -17 ],
\[ -7, 19, -5, 9, 10, -25 ],
\[ -7, 19, -3, 1, 10, -19 ],
\[ -7, 19, -1, 1, 10, -21 ],
\[ -7, 20, -8, 1, 21, -26 ],
\[ -7, 20, -6, 1, 21, -28 ],
\[ -7, 20, -4, 1, 21, -30 ],
\[ -7, 21, -7, -7, 32, -31 ],
\[ -7, 21, -7, 1, 8, -15 ],
\[ -7, 21, -7, 9, 8, -23 ],
\[ -7, 21, -5, -7, 32, -33 ],
\[ -7, 21, -5, 1, 8, -17 ],
\[ -7, 21, -5, 9, 8, -25 ],
\[ -7, 22, -8, 1, 19, -26 ],
\[ -7, 22, -6, 1, 19, -28 ],
\[ -7, 23, -9, -7, 30, -29 ],
\[ -7, 23, -9, 1, 6, -13 ],
\[ -7, 23, -9, 9, 6, -21 ],
\[ -7, 23, -7, -7, 30, -31 ],
\[ -7, 24, -10, 1, 17, -24 ],
\[ -7, 24, -8, 1, 17, -26 ],
\[ -7, 24, -6, 1, 17, -28 ],
\[ -7, 26, -10, 1, 15, -24 ],
\[ -7, 26, -8, 1, 15, -26 ],
\[ -7, 28, -12, 1, 13, -22 ],
\[ -7, 28, -10, 1, 13, -24 ],
\[ -7, 28, -8, 1, 13, -26 ],
\[ -7, 30, -12, 1, 11, -22 ],
\[ -6, 7, 10, -4, 22, -28 ],
\[ -6, 9, 6, -4, 20, -24 ],
\[ -6, 11, 2, -12, 42, -36 ],
\[ -6, 11, 2, -4, 18, -20 ],
\[ -6, 11, 2, 4, 18, -28 ],
\[ -6, 12, 1, -4, 29, -31 ],
\[ -6, 13, -2, -12, 40, -32 ],
\[ -6, 13, -2, -4, 16, -16 ],
\[ -6, 13, -2, 4, 16, -24 ],
\[ -6, 13, 0, 4, 16, -26 ],
\[ -6, 13, 2, 4, 16, -28 ],
\[ -6, 14, -3, -4, 27, -27 ],
\[ -6, 14, -1, -4, 27, -29 ],
\[ -6, 14, 1, -4, 27, -31 ],
\[ -6, 15, -4, 4, 14, -22 ],
\[ -6, 15, -2, 4, 14, -24 ],
\[ -6, 15, 0, 4, 14, -26 ],
\[ -6, 16, -5, -4, 25, -25 ],
\[ -6, 16, -3, -4, 25, -27 ],
\[ -6, 16, -1, -4, 25, -29 ],
\[ -6, 17, -6, -4, 36, -36 ],
\[ -6, 17, -6, 4, 12, -20 ],
\[ -6, 17, -6, 12, 12, -28 ],
\[ -6, 17, -4, 4, 12, -22 ],
\[ -6, 17, -2, 4, 12, -24 ],
\[ -6, 17, 0, 4, 12, -26 ],
\[ -6, 18, -7, -12, 47, -39 ],
\[ -6, 18, -7, -4, 23, -23 ],
\[ -6, 18, -7, 4, 23, -31 ],
\[ -6, 18, -5, -4, 23, -25 ],
\[ -6, 18, -3, -4, 23, -27 ],
\[ -6, 18, -1, -4, 23, -29 ],
\[ -6, 19, -6, 4, 10, -20 ],
\[ -6, 19, -4, 4, 10, -22 ],
\[ -6, 19, -2, 4, 10, -24 ],
\[ -6, 20, -7, -4, 21, -23 ],
\[ -6, 20, -5, -4, 21, -25 ],
\[ -6, 21, -8, -4, 32, -34 ],
\[ -6, 21, -8, 4, 8, -18 ],
\[ -6, 21, -8, 12, 8, -26 ],
\[ -6, 21, -6, 4, 8, -20 ],
\[ -6, 22, -9, -12, 43, -37 ],
\[ -6, 22, -9, -4, 19, -21 ],
\[ -6, 22, -9, 4, 19, -29 ],
\[ -6, 25, -10, -4, 28, -32 ],
\[ -6, 26, -11, 4, 15, -27 ],
\[ -6, 29, -12, -4, 24, -30 ],
\[ -6, 30, -13, 4, 11, -25 ],
\[ -5, 2, 16, -1, 15, -26 ],
\[ -5, 4, 12, -1, 13, -22 ],
\[ -5, 6, 8, -9, 35, -34 ],
\[ -5, 6, 8, -1, 11, -18 ],
\[ -5, 6, 8, 7, 11, -26 ],
\[ -5, 7, 7, -1, 22, -29 ],
\[ -5, 8, 4, -9, 33, -30 ],
\[ -5, 8, 4, -1, 9, -14 ],
\[ -5, 8, 4, 7, 9, -22 ],
\[ -5, 8, 6, 7, 9, -24 ],
\[ -5, 9, 3, -1, 20, -25 ],
\[ -5, 9, 5, -1, 20, -27 ],
\[ -5, 9, 7, -1, 20, -29 ],
\[ -5, 10, 0, -17, 55, -42 ],
\[ -5, 10, 0, -9, 31, -26 ],
\[ -5, 10, 0, -1, 7, -10 ],
\[ -5, 10, 0, -1, 31, -34 ],
\[ -5, 10, 0, 7, 7, -18 ],
\[ -5, 10, 0, 15, 7, -26 ],
\[ -5, 10, 2, 7, 7, -20 ],
\[ -5, 11, -1, -9, 42, -37 ],
\[ -5, 11, -1, -1, 18, -21 ],
\[ -5, 11, -1, 7, 18, -29 ],
\[ -5, 11, 1, -1, 18, -23 ],
\[ -5, 11, 3, -1, 18, -25 ],
\[ -5, 11, 5, -1, 18, -27 ],
\[ -5, 12, -4, -17, 53, -38 ],
\[ -5, 12, -4, -9, 29, -22 ],
\[ -5, 12, -4, -1, 5, -6 ],
\[ -5, 12, -4, -1, 29, -30 ],
\[ -5, 12, -4, 7, 5, -14 ],
\[ -5, 12, -4, 15, 5, -22 ],
\[ -5, 12, -2, -1, 29, -32 ],
\[ -5, 12, -2, 7, 5, -16 ],
\[ -5, 12, -2, 15, 5, -24 ],
\[ -5, 13, -5, -9, 40, -33 ],
\[ -5, 13, -5, -1, 16, -17 ],
\[ -5, 13, -5, 7, 16, -25 ],
\[ -5, 13, -3, -9, 40, -35 ],
\[ -5, 13, -3, -1, 16, -19 ],
\[ -5, 13, -3, 7, 16, -27 ],
\[ -5, 13, -1, -9, 40, -37 ],
\[ -5, 13, -1, -1, 16, -21 ],
\[ -5, 13, -1, 7, 16, -29 ],
\[ -5, 13, 1, -1, 16, -23 ],
\[ -5, 13, 3, -1, 16, -25 ],
\[ -5, 13, 5, -1, 16, -27 ],
\[ -5, 14, -4, -1, 27, -30 ],
\[ -5, 14, -2, -1, 27, -32 ],
\[ -5, 15, -5, -9, 38, -33 ],
\[ -5, 15, -5, -1, 14, -17 ],
\[ -5, 15, -5, 7, 14, -25 ],
\[ -5, 15, -3, -9, 38, -35 ],
\[ -5, 15, -3, -1, 14, -19 ],
\[ -5, 15, -3, 7, 14, -27 ],
\[ -5, 15, -1, -1, 14, -21 ],
\[ -5, 15, 1, -1, 14, -23 ],
\[ -5, 16, -6, -1, 25, -28 ],
\[ -5, 16, -4, -1, 25, -30 ],
\[ -5, 17, -7, -9, 36, -31 ],
\[ -5, 17, -7, -1, 12, -15 ],
\[ -5, 17, -7, 7, 12, -23 ],
\[ -5, 17, -5, -9, 36, -33 ],
\[ -5, 17, -5, -1, 12, -17 ],
\[ -5, 17, -5, 7, 12, -25 ],
\[ -5, 17, -3, -9, 36, -35 ],
\[ -5, 17, -3, -1, 12, -19 ],
\[ -5, 17, -3, 7, 12, -27 ],
\[ -5, 18, -6, -1, 23, -28 ],
\[ -5, 18, -4, -1, 23, -30 ],
\[ -5, 19, -7, -9, 34, -31 ],
\[ -5, 19, -7, -1, 10, -15 ],
\[ -5, 19, -7, 7, 10, -23 ],
\[ -5, 19, -5, 7, 10, -25 ],
\[ -5, 20, -8, -1, 21, -26 ],
\[ -5, 20, -6, -1, 21, -28 ],
\[ -5, 21, -9, 7, 8, -21 ],
\[ -5, 21, -7, 7, 8, -23 ],
\[ -5, 22, -8, -1, 19, -26 ],
\[ -5, 22, -6, -1, 19, -28 ],
\[ -5, 24, -10, -1, 17, -24 ],
\[ -5, 24, -8, -1, 17, -26 ],
\[ -5, 26, -10, -1, 15, -24 ],
\[ -5, 26, -8, -1, 15, -26 ],
\[ -5, 28, -12, -1, 13, -22 ],
\[ -4, 2, 13, 2, 15, -27 ],
\[ -4, 3, 10, -6, 26, -28 ],
\[ -4, 4, 9, 2, 13, -23 ],
\[ -4, 4, 11, 2, 13, -25 ],
\[ -4, 5, 6, -6, 24, -24 ],
\[ -4, 6, 5, -6, 35, -35 ],
\[ -4, 6, 5, 2, 11, -19 ],
\[ -4, 6, 5, 10, 11, -27 ],
\[ -4, 6, 7, 2, 11, -21 ],
\[ -4, 6, 9, 2, 11, -23 ],
\[ -4, 7, 2, -14, 46, -36 ],
\[ -4, 7, 2, -6, 22, -20 ],
\[ -4, 7, 2, 2, 22, -28 ],
\[ -4, 7, 4, 2, 22, -30 ],
\[ -4, 8, 1, -6, 33, -31 ],
\[ -4, 8, 1, 2, 9, -15 ],
\[ -4, 8, 1, 10, 9, -23 ],
\[ -4, 8, 3, -6, 33, -33 ],
\[ -4, 8, 3, 2, 9, -17 ],
\[ -4, 8, 3, 10, 9, -25 ],
\[ -4, 8, 5, 2, 9, -19 ],
\[ -4, 9, -2, -14, 44, -32 ],
\[ -4, 9, -2, -6, 20, -16 ],
\[ -4, 9, -2, 2, 20, -24 ],
\[ -4, 9, 0, 2, 20, -26 ],
\[ -4, 9, 2, 2, 20, -28 ],
\[ -4, 10, -3, -14, 55, -43 ],
\[ -4, 10, -3, -6, 31, -27 ],
\[ -4, 10, -3, 2, 7, -11 ],
\[ -4, 10, -3, 2, 31, -35 ],
\[ -4, 10, -3, 10, 7, -19 ],
\[ -4, 10, -3, 18, 7, -27 ],
\[ -4, 10, -1, -6, 31, -29 ],
\[ -4, 10, -1, 2, 7, -13 ],
\[ -4, 10, -1, 10, 7, -21 ],
\[ -4, 10, 1, -6, 31, -31 ],
\[ -4, 10, 1, 2, 7, -15 ],
\[ -4, 10, 1, 10, 7, -23 ],
\[ -4, 10, 3, -6, 31, -33 ],
\[ -4, 11, -4, -6, 42, -38 ],
\[ -4, 11, -4, 2, 18, -22 ],
\[ -4, 11, -4, 10, 18, -30 ],
\[ -4, 11, -2, 2, 18, -24 ],
\[ -4, 11, 0, 2, 18, -26 ],
\[ -4, 11, 2, 2, 18, -28 ],
\[ -4, 12, -3, -6, 29, -27 ],
\[ -4, 12, -3, 2, 5, -11 ],
\[ -4, 12, -3, 10, 5, -19 ],
\[ -4, 12, -1, -6, 29, -29 ],
\[ -4, 12, 1, -6, 29, -31 ],
\[ -4, 13, -4, 2, 16, -22 ],
\[ -4, 13, -2, 2, 16, -24 ],
\[ -4, 13, 0, 2, 16, -26 ],
\[ -4, 14, -5, -14, 51, -41 ],
\[ -4, 14, -5, -6, 27, -25 ],
\[ -4, 14, -5, 2, 27, -33 ],
\[ -4, 14, -3, -6, 27, -27 ],
\[ -4, 14, -1, -6, 27, -29 ],
\[ -4, 15, -6, -6, 38, -36 ],
\[ -4, 15, -6, 2, 14, -20 ],
\[ -4, 15, -6, 10, 14, -28 ],
\[ -4, 15, -4, 2, 14, -22 ],
\[ -4, 15, -2, 2, 14, -24 ],
\[ -4, 15, 0, 2, 14, -26 ],
\[ -4, 16, -5, -6, 25, -25 ],
\[ -4, 17, -6, 2, 12, -20 ],
\[ -4, 17, -4, 2, 12, -22 ],
\[ -4, 17, -2, 2, 12, -24 ],
\[ -4, 18, -7, 2, 23, -31 ],
\[ -4, 19, -8, -6, 34, -34 ],
\[ -4, 19, -8, 2, 10, -18 ],
\[ -4, 19, -8, 10, 10, -26 ],
\[ -4, 19, -6, 2, 10, -20 ],
\[ -4, 19, -4, 2, 10, -22 ],
\[ -4, 21, -8, 2, 8, -18 ],
\[ -4, 22, -9, 2, 19, -29 ],
\[ -4, 23, -10, -6, 30, -32 ],
\[ -4, 26, -11, 2, 15, -27 ],
\[ -3, -2, 16, -3, 19, -26 ],
\[ -3, 0, 12, -3, 17, -22 ],
\[ -3, 2, 8, -11, 39, -34 ],
\[ -3, 2, 8, -3, 15, -18 ],
\[ -3, 2, 8, 5, 15, -26 ],
\[ -3, 2, 10, 5, 15, -28 ],
\[ -3, 3, 7, -3, 26, -29 ],
\[ -3, 3, 9, -3, 26, -31 ],
\[ -3, 4, 4, -11, 37, -30 ],
\[ -3, 4, 4, -3, 13, -14 ],
\[ -3, 4, 4, 5, 13, -22 ],
\[ -3, 4, 6, 5, 13, -24 ],
\[ -3, 4, 8, 5, 13, -26 ],
\[ -3, 5, 3, -3, 24, -25 ],
\[ -3, 5, 5, -3, 24, -27 ],
\[ -3, 5, 7, -3, 24, -29 ],
\[ -3, 6, 0, -19, 59, -42 ],
\[ -3, 6, 0, -11, 35, -26 ],
\[ -3, 6, 0, -3, 11, -10 ],
\[ -3, 6, 0, -3, 35, -34 ],
\[ -3, 6, 0, 5, 11, -18 ],
\[ -3, 6, 0, 13, 11, -26 ],
\[ -3, 6, 2, -3, 35, -36 ],
\[ -3, 6, 2, 5, 11, -20 ],
\[ -3, 6, 2, 13, 11, -28 ],
\[ -3, 6, 4, 5, 11, -22 ],
\[ -3, 6, 6, 5, 11, -24 ],
\[ -3, 6, 8, 5, 11, -26 ],
\[ -3, 7, -1, -11, 46, -37 ],
\[ -3, 7, -1, -3, 22, -21 ],
\[ -3, 7, -1, 5, 22, -29 ],
\[ -3, 7, 1, -11, 46, -39 ],
\[ -3, 7, 1, -3, 22, -23 ],
\[ -3, 7, 1, 5, 22, -31 ],
\[ -3, 7, 3, -3, 22, -25 ],
\[ -3, 7, 5, -3, 22, -27 ],
\[ -3, 7, 7, -3, 22, -29 ],
\[ -3, 8, -2, -3, 33, -32 ],
\[ -3, 8, -2, 5, 9, -16 ],
\[ -3, 8, -2, 13, 9, -24 ],
\[ -3, 8, 0, -3, 33, -34 ],
\[ -3, 8, 0, 5, 9, -18 ],
\[ -3, 8, 0, 13, 9, -26 ],
\[ -3, 8, 2, 5, 9, -20 ],
\[ -3, 8, 4, 5, 9, -22 ],
\[ -3, 9, -3, -11, 44, -35 ],
\[ -3, 9, -3, -3, 20, -19 ],
\[ -3, 9, -3, 5, 20, -27 ],
\[ -3, 9, -1, -11, 44, -37 ],
\[ -3, 9, -1, -3, 20, -21 ],
\[ -3, 9, -1, 5, 20, -29 ],
\[ -3, 9, 1, -3, 20, -23 ],
\[ -3, 9, 3, -3, 20, -25 ],
\[ -3, 9, 5, -3, 20, -27 ],
\[ -3, 10, -4, -3, 31, -30 ],
\[ -3, 10, -4, 5, 7, -14 ],
\[ -3, 10, -4, 13, 7, -22 ],
\[ -3, 10, -2, -3, 31, -32 ],
\[ -3, 10, -2, 5, 7, -16 ],
\[ -3, 10, -2, 13, 7, -24 ],
\[ -3, 10, 0, -3, 31, -34 ],
\[ -3, 10, 0, 5, 7, -18 ],
\[ -3, 10, 0, 13, 7, -26 ],
\[ -3, 11, -3, -11, 42, -35 ],
\[ -3, 11, -3, -3, 18, -19 ],
\[ -3, 11, -3, 5, 18, -27 ],
\[ -3, 11, -1, -11, 42, -37 ],
\[ -3, 11, -1, -3, 18, -21 ],
\[ -3, 11, -1, 5, 18, -29 ],
\[ -3, 11, 1, -3, 18, -23 ],
\[ -3, 12, -4, -3, 29, -30 ],
\[ -3, 12, -4, 5, 5, -14 ],
\[ -3, 12, -4, 13, 5, -22 ],
\[ -3, 12, -2, -3, 29, -32 ],
\[ -3, 13, -5, -11, 40, -33 ],
\[ -3, 13, -5, -3, 16, -17 ],
\[ -3, 13, -5, 5, 16, -25 ],
\[ -3, 13, -3, -11, 40, -35 ],
\[ -3, 13, -3, -3, 16, -19 ],
\[ -3, 13, -3, 5, 16, -27 ],
\[ -3, 14, -6, -3, 27, -28 ],
\[ -3, 14, -4, -3, 27, -30 ],
\[ -3, 14, -2, -3, 27, -32 ],
\[ -3, 15, -5, 5, 14, -25 ],
\[ -3, 15, -3, 5, 14, -27 ],
\[ -3, 16, -6, -3, 25, -28 ],
\[ -3, 16, -4, -3, 25, -30 ],
\[ -3, 17, -7, 5, 12, -23 ],
\[ -3, 17, -5, 5, 12, -25 ],
\[ -3, 18, -8, -3, 23, -26 ],
\[ -3, 18, -6, -3, 23, -28 ],
\[ -3, 18, -4, -3, 23, -30 ],
\[ -3, 19, -7, 5, 10, -23 ],
\[ -3, 19, -5, 5, 10, -25 ],
\[ -3, 20, -8, -3, 21, -26 ],
\[ -3, 20, -6, -3, 21, -28 ],
\[ -3, 21, -9, 5, 8, -21 ],
\[ -3, 22, -10, -3, 19, -24 ],
\[ -3, 22, -8, -3, 19, -26 ],
\[ -2, -7, 22, 0, 12, -24 ],
\[ -2, -5, 18, 0, 10, -20 ],
\[ -2, -3, 14, -8, 32, -32 ],
\[ -2, -3, 14, 0, 8, -16 ],
\[ -2, -3, 14, 8, 8, -24 ],
\[ -2, -2, 13, 0, 19, -27 ],
\[ -2, -1, 10, -8, 30, -28 ],
\[ -2, -1, 10, 0, 6, -12 ],
\[ -2, -1, 10, 8, 6, -20 ],
\[ -2, 0, 9, 0, 17, -23 ],
\[ -2, 0, 11, 0, 17, -25 ],
\[ -2, 0, 13, 0, 17, -27 ],
\[ -2, 1, 6, -16, 52, -40 ],
\[ -2, 1, 6, -8, 28, -24 ],
\[ -2, 1, 6, 0, 4, -8 ],
\[ -2, 1, 6, 0, 28, -32 ],
\[ -2, 1, 6, 8, 4, -16 ],
\[ -2, 1, 6, 16, 4, -24 ],
\[ -2, 2, 5, -8, 39, -35 ],
\[ -2, 2, 5, 0, 15, -19 ],
\[ -2, 2, 5, 8, 15, -27 ],
\[ -2, 2, 7, 0, 15, -21 ],
\[ -2, 2, 9, 0, 15, -23 ],
\[ -2, 2, 11, 0, 15, -25 ],
\[ -2, 3, 2, -16, 50, -36 ],
\[ -2, 3, 2, -8, 26, -20 ],
\[ -2, 3, 2, 0, 2, -4 ],
\[ -2, 3, 2, 0, 26, -28 ],
\[ -2, 3, 2, 8, 2, -12 ],
\[ -2, 3, 2, 16, 2, -20 ],
\[ -2, 3, 4, 0, 26, -30 ],
\[ -2, 3, 6, 0, 26, -32 ],
\[ -2, 4, 1, -8, 37, -31 ],
\[ -2, 4, 1, 0, 13, -15 ],
\[ -2, 4, 1, 8, 13, -23 ],
\[ -2, 4, 3, -8, 37, -33 ],
\[ -2, 4, 3, 0, 13, -17 ],
\[ -2, 4, 3, 8, 13, -25 ],
\[ -2, 4, 5, -8, 37, -35 ],
\[ -2, 4, 5, 0, 13, -19 ],
\[ -2, 4, 5, 8, 13, -27 ],
\[ -2, 4, 7, 0, 13, -21 ],
\[ -2, 4, 9, 0, 13, -23 ],
\[ -2, 4, 11, 0, 13, -25 ],
\[ -2, 5, -2, 0, 0, 0 ],
\[ -2, 5, 0, 0, 24, -26 ],
\[ -2, 5, 2, 0, 24, -28 ],
\[ -2, 5, 4, 0, 24, -30 ],
\[ -2, 6, -1, -8, 35, -29 ],
\[ -2, 6, -1, 0, 11, -13 ],
\[ -2, 6, -1, 8, 11, -21 ],
\[ -2, 6, 1, -8, 35, -31 ],
\[ -2, 6, 1, 0, 11, -15 ],
\[ -2, 6, 1, 8, 11, -23 ],
\[ -2, 6, 3, -8, 35, -33 ],
\[ -2, 6, 3, 0, 11, -17 ],
\[ -2, 6, 3, 8, 11, -25 ],
\[ -2, 6, 5, 0, 11, -19 ],
\[ -2, 6, 7, 0, 11, -21 ],
\[ -2, 7, -2, -8, 46, -40 ],
\[ -2, 7, -2, 0, 22, -24 ],
\[ -2, 7, -2, 8, 22, -32 ],
\[ -2, 7, 0, 0, 22, -26 ],
\[ -2, 7, 2, 0, 22, -28 ],
\[ -2, 7, 4, 0, 22, -30 ],
\[ -2, 8, -3, -16, 57, -43 ],
\[ -2, 8, -3, -8, 33, -27 ],
\[ -2, 8, -3, 0, 9, -11 ],
\[ -2, 8, -3, 0, 33, -35 ],
\[ -2, 8, -3, 8, 9, -19 ],
\[ -2, 8, -3, 16, 9, -27 ],
\[ -2, 8, -1, -8, 33, -29 ],
\[ -2, 8, -1, 0, 9, -13 ],
\[ -2, 8, -1, 8, 9, -21 ],
\[ -2, 8, 1, -8, 33, -31 ],
\[ -2, 8, 1, 0, 9, -15 ],
\[ -2, 8, 1, 8, 9, -23 ],
\[ -2, 8, 3, -8, 33, -33 ],
\[ -2, 8, 3, 0, 9, -17 ],
\[ -2, 8, 3, 8, 9, -25 ],
\[ -2, 9, -2, 0, 20, -24 ],
\[ -2, 9, 0, 0, 20, -26 ],
\[ -2, 9, 2, 0, 20, -28 ],
\[ -2, 10, -3, -8, 31, -27 ],
\[ -2, 10, -3, 0, 7, -11 ],
\[ -2, 10, -3, 8, 7, -19 ],
\[ -2, 10, -1, -8, 31, -29 ],
\[ -2, 10, -1, 0, 7, -13 ],
\[ -2, 10, -1, 8, 7, -21 ],
\[ -2, 11, -4, -8, 42, -38 ],
\[ -2, 11, -4, 0, 18, -22 ],
\[ -2, 11, -4, 8, 18, -30 ],
\[ -2, 11, -2, 0, 18, -24 ],
\[ -2, 11, 0, 0, 18, -26 ],
\[ -2, 11, 2, 0, 18, -28 ],
\[ -2, 12, -5, -16, 53, -41 ],
\[ -2, 12, -5, -8, 29, -25 ],
\[ -2, 12, -5, 0, 5, -9 ],
\[ -2, 12, -5, 0, 29, -33 ],
\[ -2, 12, -5, 8, 5, -17 ],
\[ -2, 12, -5, 16, 5, -25 ],
\[ -2, 13, -4, 0, 16, -22 ],
\[ -2, 13, -2, 0, 16, -24 ],
\[ -2, 13, 0, 0, 16, -26 ],
\[ -2, 15, -6, -8, 38, -36 ],
\[ -2, 15, -6, 0, 14, -20 ],
\[ -2, 15, -6, 8, 14, -28 ],
\[ -2, 15, -4, 0, 14, -22 ],
\[ -2, 15, -2, 0, 14, -24 ],
\[ -2, 15, 0, 0, 14, -26 ],
\[ -2, 16, -7, 0, 25, -31 ],
\[ -2, 17, -6, 0, 12, -20 ],
\[ -2, 17, -4, 0, 12, -22 ],
\[ -2, 17, -2, 0, 12, -24 ],
\[ -2, 19, -8, -8, 34, -34 ],
\[ -2, 19, -8, 0, 10, -18 ],
\[ -2, 19, -8, 8, 10, -26 ],
\[ -2, 19, -6, 0, 10, -20 ],
\[ -2, 20, -9, 0, 21, -29 ],
\[ -2, 24, -11, 0, 17, -27 ],
\[ -2, 28, -13, 0, 13, -25 ],
\[ -1, -8, 20, -5, 25, -30 ],
\[ -1, -7, 19, 3, 12, -25 ],
\[ -1, -6, 16, -5, 23, -26 ],
\[ -1, -5, 15, 3, 10, -21 ],
\[ -1, -5, 17, 3, 10, -23 ],
\[ -1, -4, 12, -13, 45, -38 ],
\[ -1, -4, 12, -5, 21, -22 ],
\[ -1, -4, 12, 3, 21, -30 ],
\[ -1, -3, 11, -5, 32, -33 ],
\[ -1, -3, 11, 3, 8, -17 ],
\[ -1, -3, 11, 11, 8, -25 ],
\[ -1, -3, 13, 3, 8, -19 ],
\[ -1, -2, 8, -13, 43, -34 ],
\[ -1, -2, 8, -5, 19, -18 ],
\[ -1, -2, 8, 3, 19, -26 ],
\[ -1, -2, 10, 3, 19, -28 ],
\[ -1, -1, 7, -5, 30, -29 ],
\[ -1, -1, 7, 3, 6, -13 ],
\[ -1, -1, 7, 11, 6, -21 ],
\[ -1, -1, 9, -5, 30, -31 ],
\[ -1, -1, 9, 3, 6, -15 ],
\[ -1, -1, 9, 11, 6, -23 ],
\[ -1, -1, 11, -5, 30, -33 ],
\[ -1, 0, 4, -21, 65, -46 ],
\[ -1, 0, 4, -13, 41, -30 ],
\[ -1, 0, 4, -5, 17, -14 ],
\[ -1, 0, 4, -5, 41, -38 ],
\[ -1, 0, 4, 3, 17, -22 ],
\[ -1, 0, 4, 11, 17, -30 ],
\[ -1, 0, 6, 3, 17, -24 ],
\[ -1, 0, 8, 3, 17, -26 ],
\[ -1, 0, 10, 3, 17, -28 ],
\[ -1, 1, 3, -13, 52, -41 ],
\[ -1, 1, 3, -5, 28, -25 ],
\[ -1, 1, 3, 3, 4, -9 ],
\[ -1, 1, 3, 3, 28, -33 ],
\[ -1, 1, 3, 11, 4, -17 ],
\[ -1, 1, 3, 19, 4, -25 ],
\[ -1, 1, 5, -5, 28, -27 ],
\[ -1, 1, 5, 3, 4, -11 ],
\[ -1, 1, 5, 11, 4, -19 ],
\[ -1, 1, 7, -5, 28, -29 ],
\[ -1, 1, 9, -5, 28, -31 ],
\[ -1, 2, 0, -21, 63, -42 ],
\[ -1, 2, 0, -13, 39, -26 ],
\[ -1, 2, 0, -5, 15, -10 ],
\[ -1, 2, 0, -5, 39, -34 ],
\[ -1, 2, 0, 3, 15, -18 ],
\[ -1, 2, 0, 11, 15, -26 ],
\[ -1, 2, 2, -5, 39, -36 ],
\[ -1, 2, 2, 3, 15, -20 ],
\[ -1, 2, 2, 11, 15, -28 ],
\[ -1, 2, 4, 3, 15, -22 ],
\[ -1, 2, 6, 3, 15, -24 ],
\[ -1, 2, 8, 3, 15, -26 ],
\[ -1, 3, -1, -13, 50, -37 ],
\[ -1, 3, -1, -5, 26, -21 ],
\[ -1, 3, -1, 3, 2, -5 ],
\[ -1, 3, -1, 3, 26, -29 ],
\[ -1, 3, -1, 11, 2, -13 ],
\[ -1, 3, -1, 19, 2, -21 ],
\[ -1, 3, 1, -13, 50, -39 ],
\[ -1, 3, 1, -5, 26, -23 ],
\[ -1, 3, 1, 3, 2, -7 ],
\[ -1, 3, 1, 3, 26, -31 ],
\[ -1, 3, 1, 11, 2, -15 ],
\[ -1, 3, 1, 19, 2, -23 ],
\[ -1, 3, 3, -13, 50, -41 ],
\[ -1, 3, 3, -5, 26, -25 ],
\[ -1, 3, 3, 3, 26, -33 ],
\[ -1, 3, 5, -5, 26, -27 ],
\[ -1, 3, 7, -5, 26, -29 ],
\[ -1, 3, 9, -5, 26, -31 ],
\[ -1, 4, 0, -5, 37, -34 ],
\[ -1, 4, 0, 3, 13, -18 ],
\[ -1, 4, 0, 11, 13, -26 ],
\[ -1, 4, 2, -5, 37, -36 ],
\[ -1, 4, 2, 3, 13, -20 ],
\[ -1, 4, 2, 11, 13, -28 ],
\[ -1, 4, 4, 3, 13, -22 ],
\[ -1, 4, 6, 3, 13, -24 ],
\[ -1, 4, 8, 3, 13, -26 ],
\[ -1, 5, -1, -13, 48, -37 ],
\[ -1, 5, -1, -5, 24, -21 ],
\[ -1, 5, -1, 3, 24, -29 ],
\[ -1, 5, 1, -13, 48, -39 ],
\[ -1, 5, 1, -5, 24, -23 ],
\[ -1, 5, 1, 3, 24, -31 ],
\[ -1, 5, 3, -5, 24, -25 ],
\[ -1, 5, 5, -5, 24, -27 ],
\[ -1, 6, -2, -5, 35, -32 ],
\[ -1, 6, -2, 3, 11, -16 ],
\[ -1, 6, -2, 11, 11, -24 ],
\[ -1, 6, 0, -5, 35, -34 ],
\[ -1, 6, 0, 3, 11, -18 ],
\[ -1, 6, 0, 11, 11, -26 ],
\[ -1, 6, 2, 3, 11, -20 ],
\[ -1, 6, 4, 3, 11, -22 ],
\[ -1, 6, 6, 3, 11, -24 ],
\[ -1, 7, -3, -13, 46, -35 ],
\[ -1, 7, -3, -5, 22, -19 ],
\[ -1, 7, -3, 3, 22, -27 ],
\[ -1, 7, -1, -13, 46, -37 ],
\[ -1, 7, -1, -5, 22, -21 ],
\[ -1, 7, -1, 3, 22, -29 ],
\[ -1, 7, 1, -13, 46, -39 ],
\[ -1, 7, 1, -5, 22, -23 ],
\[ -1, 7, 1, 3, 22, -31 ],
\[ -1, 8, -2, -5, 33, -32 ],
\[ -1, 8, -2, 3, 9, -16 ],
\[ -1, 8, -2, 11, 9, -24 ],
\[ -1, 8, 0, -5, 33, -34 ],
\[ -1, 8, 0, 3, 9, -18 ],
\[ -1, 8, 0, 11, 9, -26 ],
\[ -1, 8, 2, 3, 9, -20 ],
\[ -1, 9, -3, -13, 44, -35 ],
\[ -1, 9, -3, -5, 20, -19 ],
\[ -1, 9, -3, 3, 20, -27 ],
\[ -1, 9, -1, 3, 20, -29 ],
\[ -1, 10, -4, -5, 31, -30 ],
\[ -1, 10, -4, 3, 7, -14 ],
\[ -1, 10, -4, 11, 7, -22 ],
\[ -1, 10, -2, -5, 31, -32 ],
\[ -1, 10, -2, 3, 7, -16 ],
\[ -1, 10, -2, 11, 7, -24 ],
\[ -1, 11, -5, 3, 18, -25 ],
\[ -1, 11, -3, 3, 18, -27 ],
\[ -1, 11, -1, 3, 18, -29 ],
\[ -1, 12, -4, -5, 29, -30 ],
\[ -1, 12, -2, -5, 29, -32 ],
\[ -1, 13, -5, 3, 16, -25 ],
\[ -1, 13, -3, 3, 16, -27 ],
\[ -1, 14, -6, -5, 27, -28 ],
\[ -1, 14, -4, -5, 27, -30 ],
\[ -1, 15, -7, 3, 14, -23 ],
\[ -1, 15, -5, 3, 14, -25 ],
\[ -1, 15, -3, 3, 14, -27 ],
\[ -1, 16, -6, -5, 25, -28 ],
\[ -1, 16, -4, -5, 25, -30 ],
\[ -1, 17, -7, 3, 12, -23 ],
\[ -1, 17, -5, 3, 12, -25 ],
\[ -1, 18, -8, -5, 23, -26 ],
\[ -1, 19, -9, 3, 10, -21 ],
\[ -1, 19, -7, 3, 10, -23 ],
\[ 0, -11, 22, -2, 16, -24 ],
\[ 0, -9, 18, -2, 14, -20 ],
\[ 0, -8, 17, -2, 25, -31 ],
\[ 0, -7, 14, -10, 36, -32 ],
\[ 0, -7, 14, -2, 12, -16 ],
\[ 0, -7, 14, 6, 12, -24 ],
\[ 0, -7, 16, 6, 12, -26 ],
\[ 0, -6, 13, -2, 23, -27 ],
\[ 0, -6, 15, -2, 23, -29 ],
\[ 0, -5, 10, -10, 34, -28 ],
\[ 0, -5, 10, -2, 10, -12 ],
\[ 0, -5, 10, 6, 10, -20 ],
\[ 0, -5, 12, 6, 10, -22 ],
\[ 0, -5, 14, 6, 10, -24 ],
\[ 0, -4, 9, -10, 45, -39 ],
\[ 0, -4, 9, -2, 21, -23 ],
\[ 0, -4, 9, 6, 21, -31 ],
\[ 0, -4, 11, -2, 21, -25 ],
\[ 0, -4, 13, -2, 21, -27 ],
\[ 0, -4, 15, -2, 21, -29 ],
\[ 0, -3, 6, -18, 56, -40 ],
\[ 0, -3, 6, -10, 32, -24 ],
\[ 0, -3, 6, -2, 8, -8 ],
\[ 0, -3, 6, -2, 32, -32 ],
\[ 0, -3, 6, 6, 8, -16 ],
\[ 0, -3, 6, 14, 8, -24 ],
\[ 0, -3, 8, -2, 32, -34 ],
\[ 0, -3, 8, 6, 8, -18 ],
\[ 0, -3, 8, 14, 8, -26 ],
\[ 0, -3, 10, 6, 8, -20 ],
\[ 0, -3, 12, 6, 8, -22 ],
\[ 0, -2, 5, -10, 43, -35 ],
\[ 0, -2, 5, -2, 19, -19 ],
\[ 0, -2, 5, 6, 19, -27 ],
\[ 0, -2, 7, -10, 43, -37 ],
\[ 0, -2, 7, -2, 19, -21 ],
\[ 0, -2, 7, 6, 19, -29 ],
\[ 0, -2, 9, -2, 19, -23 ],
\[ 0, -2, 11, -2, 19, -25 ],
\[ 0, -2, 13, -2, 19, -27 ],
\[ 0, -1, 2, -18, 54, -36 ],
\[ 0, -1, 2, -10, 30, -20 ],
\[ 0, -1, 2, -2, 6, -4 ],
\[ 0, -1, 2, -2, 30, -28 ],
\[ 0, -1, 2, 6, 6, -12 ],
\[ 0, -1, 2, 14, 6, -20 ],
\[ 0, -1, 4, -2, 30, -30 ],
\[ 0, -1, 4, 6, 6, -14 ],
\[ 0, -1, 4, 14, 6, -22 ],
\[ 0, -1, 6, -2, 30, -32 ],
\[ 0, -1, 6, 6, 6, -16 ],
\[ 0, -1, 6, 14, 6, -24 ],
\[ 0, -1, 8, 6, 6, -18 ],
\[ 0, 0, 1, -18, 65, -47 ],
\[ 0, 0, 1, -10, 41, -31 ],
\[ 0, 0, 1, -2, 17, -15 ],
\[ 0, 0, 1, -2, 41, -39 ],
\[ 0, 0, 1, 6, 17, -23 ],
\[ 0, 0, 1, 14, 17, -31 ],
\[ 0, 0, 3, -10, 41, -33 ],
\[ 0, 0, 3, -2, 17, -17 ],
\[ 0, 0, 3, 6, 17, -25 ],
\[ 0, 0, 5, -10, 41, -35 ],
\[ 0, 0, 5, -2, 17, -19 ],
\[ 0, 0, 5, 6, 17, -27 ],
\[ 0, 0, 7, -10, 41, -37 ],
\[ 0, 0, 7, -2, 17, -21 ],
\[ 0, 0, 7, 6, 17, -29 ],
\[ 0, 0, 9, -2, 17, -23 ],
\[ 0, 0, 11, -2, 17, -25 ],
\[ 0, 1, 0, -10, 52, -42 ],
\[ 0, 1, 0, -2, 28, -26 ],
\[ 0, 1, 0, 6, 4, -10 ],
\[ 0, 1, 0, 6, 28, -34 ],
\[ 0, 1, 0, 14, 4, -18 ],
\[ 0, 1, 0, 22, 4, -26 ],
\[ 0, 1, 2, -2, 28, -28 ],
\[ 0, 1, 2, 6, 4, -12 ],
\[ 0, 1, 2, 14, 4, -20 ],
\[ 0, 1, 4, -2, 28, -30 ],
\[ 0, 1, 4, 6, 4, -14 ],
\[ 0, 1, 4, 14, 4, -22 ],
\[ 0, 1, 6, -2, 28, -32 ],
\[ 0, 2, 1, -10, 39, -31 ],
\[ 0, 2, 1, -2, 15, -15 ],
\[ 0, 2, 1, 6, 15, -23 ],
\[ 0, 2, 3, -10, 39, -33 ],
\[ 0, 2, 3, -2, 15, -17 ],
\[ 0, 2, 3, 6, 15, -25 ],
\[ 0, 2, 5, -10, 39, -35 ],
\[ 0, 2, 5, -2, 15, -19 ],
\[ 0, 2, 5, 6, 15, -27 ],
\[ 0, 2, 7, -2, 15, -21 ],
\[ 0, 3, 0, -2, 26, -26 ],
\[ 0, 3, 0, 6, 2, -10 ],
\[ 0, 3, 0, 14, 2, -18 ],
\[ 0, 3, 2, -2, 26, -28 ],
\[ 0, 3, 4, -2, 26, -30 ],
\[ 0, 4, -1, -18, 61, -45 ],
\[ 0, 4, -1, -10, 37, -29 ],
\[ 0, 4, -1, -2, 13, -13 ],
\[ 0, 4, -1, -2, 37, -37 ],
\[ 0, 4, -1, 6, 13, -21 ],
\[ 0, 4, -1, 14, 13, -29 ],
\[ 0, 4, 1, -10, 37, -31 ],
\[ 0, 4, 1, -2, 13, -15 ],
\[ 0, 4, 1, 6, 13, -23 ],
\[ 0, 4, 3, -10, 37, -33 ],
\[ 0, 4, 3, -2, 13, -17 ],
\[ 0, 4, 3, 6, 13, -25 ],
\[ 0, 4, 5, 6, 13, -27 ],
\[ 0, 5, -2, -10, 48, -40 ],
\[ 0, 5, -2, -2, 24, -24 ],
\[ 0, 5, -2, 6, 24, -32 ],
\[ 0, 5, 0, -2, 24, -26 ],
\[ 0, 5, 2, -2, 24, -28 ],
\[ 0, 5, 4, -2, 24, -30 ],
\[ 0, 6, -1, -10, 35, -29 ],
\[ 0, 6, -1, -2, 11, -13 ],
\[ 0, 6, -1, 6, 11, -21 ],
\[ 0, 6, 1, 6, 11, -23 ],
\[ 0, 6, 3, 6, 11, -25 ],
\[ 0, 7, -2, -2, 22, -24 ],
\[ 0, 7, 0, -2, 22, -26 ],
\[ 0, 7, 2, -2, 22, -28 ],
\[ 0, 8, -3, -2, 33, -35 ],
\[ 0, 8, -3, 6, 9, -19 ],
\[ 0, 8, -3, 14, 9, -27 ],
\[ 0, 8, -1, 6, 9, -21 ],
\[ 0, 8, 1, 6, 9, -23 ],
\[ 0, 9, -4, -10, 44, -38 ],
\[ 0, 9, -4, -2, 20, -22 ],
\[ 0, 9, -4, 6, 20, -30 ],
\[ 0, 9, -2, -2, 20, -24 ],
\[ 0, 9, 0, -2, 20, -26 ],
\[ 0, 9, 2, -2, 20, -28 ],
\[ 0, 10, -3, 6, 7, -19 ],
\[ 0, 11, -4, -2, 18, -22 ],
\[ 0, 11, -2, -2, 18, -24 ],
\[ 0, 11, 0, -2, 18, -26 ],
\[ 0, 12, -5, -2, 29, -33 ],
\[ 0, 13, -6, -10, 40, -36 ],
\[ 0, 13, -6, -2, 16, -20 ],
\[ 0, 13, -6, 6, 16, -28 ],
\[ 0, 13, -4, -2, 16, -22 ],
\[ 0, 13, -2, -2, 16, -24 ],
\[ 0, 15, -6, -2, 14, -20 ],
\[ 0, 16, -7, -2, 25, -31 ],
\[ 0, 17, -8, 6, 12, -26 ],
\[ 0, 20, -9, -2, 21, -29 ],
\[ 1, -11, 21, 1, 16, -27 ],
\[ 1, -9, 17, 1, 14, -23 ],
\[ 1, -9, 19, 1, 14, -25 ],
\[ 1, -7, 13, -7, 36, -35 ],
\[ 1, -7, 13, 1, 12, -19 ],
\[ 1, -7, 13, 9, 12, -27 ],
\[ 1, -7, 15, 1, 12, -21 ],
\[ 1, -7, 17, 1, 12, -23 ],
\[ 1, -7, 19, 1, 12, -25 ],
\[ 1, -6, 12, 1, 23, -30 ],
\[ 1, -5, 9, -7, 34, -31 ],
\[ 1, -5, 9, 1, 10, -15 ],
\[ 1, -5, 9, 9, 10, -23 ],
\[ 1, -5, 11, -7, 34, -33 ],
\[ 1, -5, 11, 1, 10, -17 ],
\[ 1, -5, 11, 9, 10, -25 ],
\[ 1, -5, 13, 1, 10, -19 ],
\[ 1, -5, 15, 1, 10, -21 ],
\[ 1, -4, 8, 1, 21, -26 ],
\[ 1, -4, 10, 1, 21, -28 ],
\[ 1, -4, 12, 1, 21, -30 ],
\[ 1, -3, 5, -15, 56, -43 ],
\[ 1, -3, 5, -7, 32, -27 ],
\[ 1, -3, 5, 1, 8, -11 ],
\[ 1, -3, 5, 1, 32, -35 ],
\[ 1, -3, 5, 9, 8, -19 ],
\[ 1, -3, 5, 17, 8, -27 ],
\[ 1, -3, 7, -7, 32, -29 ],
\[ 1, -3, 7, 1, 8, -13 ],
\[ 1, -3, 7, 9, 8, -21 ],
\[ 1, -3, 9, -7, 32, -31 ],
\[ 1, -3, 9, 1, 8, -15 ],
\[ 1, -3, 9, 9, 8, -23 ],
\[ 1, -3, 11, -7, 32, -33 ],
\[ 1, -3, 11, 1, 8, -17 ],
\[ 1, -3, 11, 9, 8, -25 ],
\[ 1, -2, 4, -7, 43, -38 ],
\[ 1, -2, 4, 1, 19, -22 ],
\[ 1, -2, 4, 9, 19, -30 ],
\[ 1, -2, 6, 1, 19, -24 ],
\[ 1, -2, 8, 1, 19, -26 ],
\[ 1, -2, 10, 1, 19, -28 ],
\[ 1, -1, 1, -15, 54, -39 ],
\[ 1, -1, 1, -7, 30, -23 ],
\[ 1, -1, 1, 1, 6, -7 ],
\[ 1, -1, 1, 1, 30, -31 ],
\[ 1, -1, 1, 9, 6, -15 ],
\[ 1, -1, 1, 17, 6, -23 ],
\[ 1, -1, 3, -15, 54, -41 ],
\[ 1, -1, 3, -7, 30, -25 ],
\[ 1, -1, 3, 1, 6, -9 ],
\[ 1, -1, 3, 1, 30, -33 ],
\[ 1, -1, 3, 9, 6, -17 ],
\[ 1, -1, 3, 17, 6, -25 ],
\[ 1, -1, 5, -7, 30, -27 ],
\[ 1, -1, 5, 1, 6, -11 ],
\[ 1, -1, 5, 9, 6, -19 ],
\[ 1, -1, 7, -7, 30, -29 ],
\[ 1, -1, 7, 1, 6, -13 ],
\[ 1, -1, 7, 9, 6, -21 ],
\[ 1, -1, 9, -7, 30, -31 ],
\[ 1, 0, 0, -7, 41, -34 ],
\[ 1, 0, 0, 1, 17, -18 ],
\[ 1, 0, 0, 9, 17, -26 ],
\[ 1, 0, 2, -7, 41, -36 ],
\[ 1, 0, 2, 1, 17, -20 ],
\[ 1, 0, 2, 9, 17, -28 ],
\[ 1, 0, 4, -7, 41, -38 ],
\[ 1, 0, 4, 1, 17, -22 ],
\[ 1, 0, 4, 9, 17, -30 ],
\[ 1, 0, 6, 1, 17, -24 ],
\[ 1, 0, 8, 1, 17, -26 ],
\[ 1, 0, 10, 1, 17, -28 ],
\[ 1, 1, 1, -15, 52, -39 ],
\[ 1, 1, 1, -7, 28, -23 ],
\[ 1, 1, 1, 1, 4, -7 ],
\[ 1, 1, 1, 1, 28, -31 ],
\[ 1, 1, 1, 9, 4, -15 ],
\[ 1, 1, 1, 17, 4, -23 ],
\[ 1, 1, 3, -15, 52, -41 ],
\[ 1, 1, 3, -7, 28, -25 ],
\[ 1, 1, 3, 1, 4, -9 ],
\[ 1, 1, 3, 1, 28, -33 ],
\[ 1, 1, 3, 9, 4, -17 ],
\[ 1, 1, 3, 17, 4, -25 ],
\[ 1, 1, 5, -7, 28, -27 ],
\[ 1, 2, 0, -7, 39, -34 ],
\[ 1, 2, 0, 1, 15, -18 ],
\[ 1, 2, 0, 9, 15, -26 ],
\[ 1, 2, 2, -7, 39, -36 ],
\[ 1, 2, 2, 1, 15, -20 ],
\[ 1, 2, 2, 9, 15, -28 ],
\[ 1, 2, 4, 1, 15, -22 ],
\[ 1, 2, 6, 1, 15, -24 ],
\[ 1, 2, 8, 1, 15, -26 ],
\[ 1, 3, -1, -15, 50, -37 ],
\[ 1, 3, -1, -7, 26, -21 ],
\[ 1, 3, -1, 1, 2, -5 ],
\[ 1, 3, -1, 1, 26, -29 ],
\[ 1, 3, -1, 9, 2, -13 ],
\[ 1, 3, -1, 17, 2, -21 ],
\[ 1, 3, 1, -15, 50, -39 ],
\[ 1, 3, 1, -7, 26, -23 ],
\[ 1, 3, 1, 1, 26, -31 ],
\[ 1, 4, -2, -7, 37, -32 ],
\[ 1, 4, -2, 1, 13, -16 ],
\[ 1, 4, -2, 9, 13, -24 ],
\[ 1, 4, 0, -7, 37, -34 ],
\[ 1, 4, 0, 1, 13, -18 ],
\[ 1, 4, 0, 9, 13, -26 ],
\[ 1, 4, 2, -7, 37, -36 ],
\[ 1, 4, 2, 1, 13, -20 ],
\[ 1, 4, 2, 9, 13, -28 ],
\[ 1, 4, 4, 1, 13, -22 ],
\[ 1, 4, 6, 1, 13, -24 ],
\[ 1, 4, 8, 1, 13, -26 ],
\[ 1, 5, -1, 1, 24, -29 ],
\[ 1, 5, 1, 1, 24, -31 ],
\[ 1, 6, -2, -7, 35, -32 ],
\[ 1, 6, -2, 1, 11, -16 ],
\[ 1, 6, -2, 9, 11, -24 ],
\[ 1, 6, 0, -7, 35, -34 ],
\[ 1, 6, 0, 1, 11, -18 ],
\[ 1, 6, 0, 9, 11, -26 ],
\[ 1, 6, 2, 1, 11, -20 ],
\[ 1, 6, 4, 1, 11, -22 ],
\[ 1, 7, -3, 1, 22, -27 ],
\[ 1, 7, -1, 1, 22, -29 ],
\[ 1, 8, -4, -7, 33, -30 ],
\[ 1, 8, -4, 1, 9, -14 ],
\[ 1, 8, -4, 9, 9, -22 ],
\[ 1, 8, -2, -7, 33, -32 ],
\[ 1, 8, -2, 1, 9, -16 ],
\[ 1, 8, -2, 9, 9, -24 ],
\[ 1, 8, 0, -7, 33, -34 ],
\[ 1, 8, 0, 1, 9, -18 ],
\[ 1, 8, 0, 9, 9, -26 ],
\[ 1, 9, -3, 1, 20, -27 ],
\[ 1, 9, -1, 1, 20, -29 ],
\[ 1, 10, -4, -7, 31, -30 ],
\[ 1, 10, -4, 1, 7, -14 ],
\[ 1, 10, -4, 9, 7, -22 ],
\[ 1, 10, -2, -7, 31, -32 ],
\[ 1, 11, -5, 1, 18, -25 ],
\[ 1, 11, -3, 1, 18, -27 ],
\[ 1, 12, -6, -7, 29, -28 ],
\[ 1, 12, -4, -7, 29, -30 ],
\[ 1, 13, -5, 1, 16, -25 ],
\[ 1, 13, -3, 1, 16, -27 ],
\[ 1, 15, -7, 1, 14, -23 ],
\[ 1, 15, -5, 1, 14, -25 ],
\[ 1, 17, -7, 1, 12, -23 ],
\[ 1, 17, -5, 1, 12, -25 ],
\[ 1, 19, -9, 1, 10, -21 ],
\[ 2, -9, 16, 4, 14, -26 ],
\[ 2, -8, 15, -4, 25, -29 ],
\[ 2, -7, 12, 4, 12, -22 ],
\[ 2, -7, 14, 4, 12, -24 ],
\[ 2, -7, 16, 4, 12, -26 ],
\[ 2, -6, 11, -4, 23, -25 ],
\[ 2, -6, 13, -4, 23, -27 ],
\[ 2, -6, 15, -4, 23, -29 ],
\[ 2, -5, 8, -4, 34, -34 ],
\[ 2, -5, 8, 4, 10, -18 ],
\[ 2, -5, 8, 12, 10, -26 ],
\[ 2, -5, 10, 4, 10, -20 ],
\[ 2, -5, 12, 4, 10, -22 ],
\[ 2, -5, 14, 4, 10, -24 ],
\[ 2, -4, 7, -12, 45, -37 ],
\[ 2, -4, 7, -4, 21, -21 ],
\[ 2, -4, 7, 4, 21, -29 ],
\[ 2, -4, 9, -4, 21, -23 ],
\[ 2, -4, 11, -4, 21, -25 ],
\[ 2, -3, 4, -4, 32, -30 ],
\[ 2, -3, 4, 4, 8, -14 ],
\[ 2, -3, 4, 12, 8, -22 ],
\[ 2, -3, 6, -4, 32, -32 ],
\[ 2, -3, 6, 4, 8, -16 ],
\[ 2, -3, 6, 12, 8, -24 ],
\[ 2, -3, 8, -4, 32, -34 ],
\[ 2, -3, 8, 4, 8, -18 ],
\[ 2, -3, 8, 12, 8, -26 ],
\[ 2, -3, 10, 4, 8, -20 ],
\[ 2, -2, 3, -12, 43, -33 ],
\[ 2, -2, 3, -4, 19, -17 ],
\[ 2, -2, 3, 4, 19, -25 ],
\[ 2, -2, 5, -12, 43, -35 ],
\[ 2, -2, 5, -4, 19, -19 ],
\[ 2, -2, 5, 4, 19, -27 ],
\[ 2, -2, 7, -12, 43, -37 ],
\[ 2, -2, 7, -4, 19, -21 ],
\[ 2, -2, 7, 4, 19, -29 ],
\[ 2, -1, 2, -4, 30, -28 ],
\[ 2, -1, 2, 4, 6, -12 ],
\[ 2, -1, 2, 12, 6, -20 ],
\[ 2, -1, 4, -4, 30, -30 ],
\[ 2, -1, 4, 4, 6, -14 ],
\[ 2, -1, 4, 12, 6, -22 ],
\[ 2, -1, 6, -4, 30, -32 ],
\[ 2, -1, 6, 4, 6, -16 ],
\[ 2, -1, 6, 12, 6, -24 ],
\[ 2, 0, 1, -12, 41, -31 ],
\[ 2, 0, 1, -4, 17, -15 ],
\[ 2, 0, 1, 4, 17, -23 ],
\[ 2, 0, 3, -12, 41, -33 ],
\[ 2, 0, 3, -4, 17, -17 ],
\[ 2, 0, 3, 4, 17, -25 ],
\[ 2, 0, 5, 4, 17, -27 ],
\[ 2, 1, 0, -12, 52, -42 ],
\[ 2, 1, 0, -4, 28, -26 ],
\[ 2, 1, 0, 4, 4, -10 ],
\[ 2, 1, 0, 4, 28, -34 ],
\[ 2, 1, 0, 12, 4, -18 ],
\[ 2, 1, 0, 20, 4, -26 ],
\[ 2, 1, 2, -4, 28, -28 ],
\[ 2, 1, 2, 4, 4, -12 ],
\[ 2, 1, 2, 12, 4, -20 ],
\[ 2, 1, 4, -4, 28, -30 ],
\[ 2, 1, 6, -4, 28, -32 ],
\[ 2, 2, -1, -20, 63, -45 ],
\[ 2, 2, -1, -12, 39, -29 ],
\[ 2, 2, -1, -4, 15, -13 ],
\[ 2, 2, -1, -4, 39, -37 ],
\[ 2, 2, -1, 4, 15, -21 ],
\[ 2, 2, -1, 12, 15, -29 ],
\[ 2, 2, 1, 4, 15, -23 ],
\[ 2, 2, 3, 4, 15, -25 ],
\[ 2, 2, 5, 4, 15, -27 ],
\[ 2, 3, 0, -4, 26, -26 ],
\[ 2, 3, 2, -4, 26, -28 ],
\[ 2, 3, 4, -4, 26, -30 ],
\[ 2, 4, -1, 4, 13, -21 ],
\[ 2, 4, 1, 4, 13, -23 ],
\[ 2, 4, 3, 4, 13, -25 ],
\[ 2, 5, -2, -12, 48, -40 ],
\[ 2, 5, -2, -4, 24, -24 ],
\[ 2, 5, -2, 4, 24, -32 ],
\[ 2, 5, 0, -4, 24, -26 ],
\[ 2, 5, 2, -4, 24, -28 ],
\[ 2, 5, 4, -4, 24, -30 ],
\[ 2, 6, -3, -4, 35, -35 ],
\[ 2, 6, -3, 4, 11, -19 ],
\[ 2, 6, -3, 12, 11, -27 ],
\[ 2, 6, -1, 4, 11, -21 ],
\[ 2, 6, 1, 4, 11, -23 ],
\[ 2, 6, 3, 4, 11, -25 ],
\[ 2, 7, -2, -4, 22, -24 ],
\[ 2, 7, 0, -4, 22, -26 ],
\[ 2, 7, 2, -4, 22, -28 ],
\[ 2, 8, -3, 4, 9, -19 ],
\[ 2, 8, -1, 4, 9, -21 ],
\[ 2, 9, -4, -12, 44, -38 ],
\[ 2, 9, -4, -4, 20, -22 ],
\[ 2, 9, -4, 4, 20, -30 ],
\[ 2, 9, -2, -4, 20, -24 ],
\[ 2, 10, -5, -4, 31, -33 ],
\[ 2, 10, -5, 4, 7, -17 ],
\[ 2, 10, -5, 12, 7, -25 ],
\[ 2, 13, -6, 4, 16, -28 ],
\[ 2, 14, -7, -4, 27, -31 ],
\[ 2, 17, -8, 4, 12, -26 ],
\[ 2, 18, -9, -4, 23, -29 ],
\[ 3, -11, 19, -1, 16, -25 ],
\[ 3, -11, 21, -1, 16, -27 ],
\[ 3, -9, 15, -1, 14, -21 ],
\[ 3, -9, 17, -1, 14, -23 ],
\[ 3, -7, 11, -9, 36, -33 ],
\[ 3, -7, 11, -1, 12, -17 ],
\[ 3, -7, 11, 7, 12, -25 ],
\[ 3, -7, 13, -9, 36, -35 ],
\[ 3, -7, 13, -1, 12, -19 ],
\[ 3, -7, 13, 7, 12, -27 ],
\[ 3, -6, 10, -1, 23, -28 ],
\[ 3, -6, 12, -1, 23, -30 ],
\[ 3, -5, 7, -9, 34, -29 ],
\[ 3, -5, 7, -1, 10, -13 ],
\[ 3, -5, 7, 7, 10, -21 ],
\[ 3, -5, 9, -9, 34, -31 ],
\[ 3, -5, 9, -1, 10, -15 ],
\[ 3, -5, 9, 7, 10, -23 ],
\[ 3, -5, 11, 7, 10, -25 ],
\[ 3, -4, 6, -1, 21, -24 ],
\[ 3, -4, 8, -1, 21, -26 ],
\[ 3, -4, 10, -1, 21, -28 ],
\[ 3, -3, 3, -17, 56, -41 ],
\[ 3, -3, 3, -9, 32, -25 ],
\[ 3, -3, 3, -1, 8, -9 ],
\[ 3, -3, 3, -1, 32, -33 ],
\[ 3, -3, 3, 7, 8, -17 ],
\[ 3, -3, 3, 15, 8, -25 ],
\[ 3, -3, 5, -17, 56, -43 ],
\[ 3, -3, 5, -9, 32, -27 ],
\[ 3, -3, 5, -1, 8, -11 ],
\[ 3, -3, 5, -1, 32, -35 ],
\[ 3, -3, 5, 7, 8, -19 ],
\[ 3, -3, 5, 15, 8, -27 ],
\[ 3, -3, 7, 7, 8, -21 ],
\[ 3, -3, 9, 7, 8, -23 ],
\[ 3, -2, 2, -9, 43, -36 ],
\[ 3, -2, 2, -1, 19, -20 ],
\[ 3, -2, 2, 7, 19, -28 ],
\[ 3, -2, 4, -9, 43, -38 ],
\[ 3, -2, 4, -1, 19, -22 ],
\[ 3, -2, 4, 7, 19, -30 ],
\[ 3, -2, 6, -1, 19, -24 ],
\[ 3, -2, 8, -1, 19, -26 ],
\[ 3, -2, 10, -1, 19, -28 ],
\[ 3, -1, 1, -17, 54, -39 ],
\[ 3, -1, 1, -9, 30, -23 ],
\[ 3, -1, 1, -1, 6, -7 ],
\[ 3, -1, 1, -1, 30, -31 ],
\[ 3, -1, 1, 7, 6, -15 ],
\[ 3, -1, 1, 15, 6, -23 ],
\[ 3, -1, 3, -1, 30, -33 ],
\[ 3, -1, 3, 7, 6, -17 ],
\[ 3, -1, 3, 15, 6, -25 ],
\[ 3, -1, 5, 7, 6, -19 ],
\[ 3, 0, 0, -9, 41, -34 ],
\[ 3, 0, 0, -1, 17, -18 ],
\[ 3, 0, 0, 7, 17, -26 ],
\[ 3, 0, 2, -9, 41, -36 ],
\[ 3, 0, 2, -1, 17, -20 ],
\[ 3, 0, 2, 7, 17, -28 ],
\[ 3, 0, 4, -1, 17, -22 ],
\[ 3, 0, 6, -1, 17, -24 ],
\[ 3, 0, 8, -1, 17, -26 ],
\[ 3, 1, -1, -1, 28, -29 ],
\[ 3, 1, -1, 7, 4, -13 ],
\[ 3, 1, -1, 15, 4, -21 ],
\[ 3, 1, 1, -1, 28, -31 ],
\[ 3, 1, 1, 7, 4, -15 ],
\[ 3, 1, 1, 15, 4, -23 ],
\[ 3, 1, 3, -1, 28, -33 ],
\[ 3, 2, 0, -9, 39, -34 ],
\[ 3, 2, 0, -1, 15, -18 ],
\[ 3, 2, 0, 7, 15, -26 ],
\[ 3, 2, 2, -9, 39, -36 ],
\[ 3, 2, 2, -1, 15, -20 ],
\[ 3, 2, 2, 7, 15, -28 ],
\[ 3, 2, 4, -1, 15, -22 ],
\[ 3, 2, 6, -1, 15, -24 ],
\[ 3, 2, 8, -1, 15, -26 ],
\[ 3, 3, -1, -1, 26, -29 ],
\[ 3, 3, 1, -1, 26, -31 ],
\[ 3, 4, -2, -9, 37, -32 ],
\[ 3, 4, -2, -1, 13, -16 ],
\[ 3, 4, -2, 7, 13, -24 ],
\[ 3, 4, 0, -9, 37, -34 ],
\[ 3, 4, 0, -1, 13, -18 ],
\[ 3, 4, 0, 7, 13, -26 ],
\[ 3, 4, 2, -1, 13, -20 ],
\[ 3, 4, 4, -1, 13, -22 ],
\[ 3, 5, -3, -1, 24, -27 ],
\[ 3, 5, -1, -1, 24, -29 ],
\[ 3, 5, 1, -1, 24, -31 ],
\[ 3, 6, -2, -9, 35, -32 ],
\[ 3, 6, -2, -1, 11, -16 ],
\[ 3, 6, -2, 7, 11, -24 ],
\[ 3, 6, 0, -9, 35, -34 ],
\[ 3, 6, 0, -1, 11, -18 ],
\[ 3, 6, 0, 7, 11, -26 ],
\[ 3, 7, -3, -1, 22, -27 ],
\[ 3, 7, -1, -1, 22, -29 ],
\[ 3, 8, -4, -9, 33, -30 ],
\[ 3, 8, -4, -1, 9, -14 ],
\[ 3, 8, -4, 7, 9, -22 ],
\[ 3, 8, -2, 7, 9, -24 ],
\[ 3, 9, -5, -1, 20, -25 ],
\[ 3, 9, -3, -1, 20, -27 ],
\[ 3, 9, -1, -1, 20, -29 ],
\[ 3, 11, -5, -1, 18, -25 ],
\[ 3, 11, -3, -1, 18, -27 ],
\[ 3, 13, -7, -1, 16, -23 ],
\[ 3, 13, -5, -1, 16, -25 ],
\[ 3, 13, -3, -1, 16, -27 ],
\[ 3, 15, -7, -1, 14, -23 ],
\[ 4, -9, 14, 2, 14, -24 ],
\[ 4, -9, 16, 2, 14, -26 ],
\[ 4, -7, 10, 2, 12, -20 ],
\[ 4, -7, 12, 2, 12, -22 ],
\[ 4, -7, 14, 2, 12, -24 ],
\[ 4, -6, 9, 2, 23, -31 ],
\[ 4, -5, 6, -6, 34, -32 ],
\[ 4, -5, 6, 2, 10, -16 ],
\[ 4, -5, 6, 10, 10, -24 ],
\[ 4, -5, 8, -6, 34, -34 ],
\[ 4, -5, 8, 2, 10, -18 ],
\[ 4, -5, 8, 10, 10, -26 ],
\[ 4, -5, 10, 2, 10, -20 ],
\[ 4, -5, 12, 2, 10, -22 ],
\[ 4, -4, 5, 2, 21, -27 ],
\[ 4, -4, 7, 2, 21, -29 ],
\[ 4, -3, 2, -6, 32, -28 ],
\[ 4, -3, 2, 2, 8, -12 ],
\[ 4, -3, 2, 10, 8, -20 ],
\[ 4, -3, 4, -6, 32, -30 ],
\[ 4, -3, 4, 2, 8, -14 ],
\[ 4, -3, 4, 10, 8, -22 ],
\[ 4, -3, 6, -6, 32, -32 ],
\[ 4, -3, 6, 2, 8, -16 ],
\[ 4, -3, 6, 10, 8, -24 ],
\[ 4, -3, 8, 2, 8, -18 ],
\[ 4, -2, 1, -6, 43, -39 ],
\[ 4, -2, 1, 2, 19, -23 ],
\[ 4, -2, 1, 10, 19, -31 ],
\[ 4, -2, 3, 2, 19, -25 ],
\[ 4, -2, 5, 2, 19, -27 ],
\[ 4, -2, 7, 2, 19, -29 ],
\[ 4, -1, 0, -14, 54, -42 ],
\[ 4, -1, 0, -6, 30, -26 ],
\[ 4, -1, 0, 2, 6, -10 ],
\[ 4, -1, 0, 2, 30, -34 ],
\[ 4, -1, 0, 10, 6, -18 ],
\[ 4, -1, 0, 18, 6, -26 ],
\[ 4, -1, 2, -6, 30, -28 ],
\[ 4, -1, 2, 2, 6, -12 ],
\[ 4, -1, 2, 10, 6, -20 ],
\[ 4, -1, 4, -6, 30, -30 ],
\[ 4, -1, 4, 2, 6, -14 ],
\[ 4, -1, 4, 10, 6, -22 ],
\[ 4, -1, 6, -6, 30, -32 ],
\[ 4, 0, 1, 2, 17, -23 ],
\[ 4, 0, 3, 2, 17, -25 ],
\[ 4, 0, 5, 2, 17, -27 ],
\[ 4, 1, 0, -6, 28, -26 ],
\[ 4, 1, 0, 2, 4, -10 ],
\[ 4, 1, 0, 10, 4, -18 ],
\[ 4, 1, 2, -6, 28, -28 ],
\[ 4, 1, 4, -6, 28, -30 ],
\[ 4, 2, -1, -6, 39, -37 ],
\[ 4, 2, -1, 2, 15, -21 ],
\[ 4, 2, -1, 10, 15, -29 ],
\[ 4, 2, 1, 2, 15, -23 ],
\[ 4, 2, 3, 2, 15, -25 ],
\[ 4, 2, 5, 2, 15, -27 ],
\[ 4, 3, -2, -14, 50, -40 ],
\[ 4, 3, -2, -6, 26, -24 ],
\[ 4, 3, -2, 2, 26, -32 ],
\[ 4, 3, 0, -6, 26, -26 ],
\[ 4, 3, 2, -6, 26, -28 ],
\[ 4, 4, -1, 2, 13, -21 ],
\[ 4, 4, 1, 2, 13, -23 ],
\[ 4, 4, 3, 2, 13, -25 ],
\[ 4, 5, -2, -6, 24, -24 ],
\[ 4, 6, -3, -6, 35, -35 ],
\[ 4, 6, -3, 2, 11, -19 ],
\[ 4, 6, -3, 10, 11, -27 ],
\[ 4, 6, -1, 2, 11, -21 ],
\[ 4, 6, 1, 2, 11, -23 ],
\[ 4, 7, -4, 2, 22, -30 ],
\[ 4, 8, -3, 2, 9, -19 ],
\[ 4, 10, -5, -6, 31, -33 ],
\[ 4, 11, -6, 2, 18, -28 ],
\[ 4, 15, -8, 2, 14, -26 ],
\[ 5, -9, 13, 5, 14, -27 ],
\[ 5, -8, 12, -3, 25, -30 ],
\[ 5, -7, 9, 5, 12, -23 ],
\[ 5, -7, 11, 5, 12, -25 ],
\[ 5, -6, 8, -3, 23, -26 ],
\[ 5, -6, 10, -3, 23, -28 ],
\[ 5, -6, 12, -3, 23, -30 ],
\[ 5, -5, 5, -3, 34, -35 ],
\[ 5, -5, 5, 5, 10, -19 ],
\[ 5, -5, 5, 13, 10, -27 ],
\[ 5, -5, 7, 5, 10, -21 ],
\[ 5, -5, 9, 5, 10, -23 ],
\[ 5, -5, 11, 5, 10, -25 ],
\[ 5, -4, 4, -11, 45, -38 ],
\[ 5, -4, 4, -3, 21, -22 ],
\[ 5, -4, 4, 5, 21, -30 ],
\[ 5, -4, 6, -3, 21, -24 ],
\[ 5, -4, 8, -3, 21, -26 ],
\[ 5, -4, 10, -3, 21, -28 ],
\[ 5, -3, 1, -3, 32, -31 ],
\[ 5, -3, 1, 5, 8, -15 ],
\[ 5, -3, 1, 13, 8, -23 ],
\[ 5, -3, 3, -3, 32, -33 ],
\[ 5, -3, 3, 5, 8, -17 ],
\[ 5, -3, 3, 13, 8, -25 ],
\[ 5, -3, 5, 5, 8, -19 ],
\[ 5, -3, 7, 5, 8, -21 ],
\[ 5, -2, 0, -11, 43, -34 ],
\[ 5, -2, 0, -3, 19, -18 ],
\[ 5, -2, 0, 5, 19, -26 ],
\[ 5, -2, 2, -11, 43, -36 ],
\[ 5, -2, 2, -3, 19, -20 ],
\[ 5, -2, 2, 5, 19, -28 ],
\[ 5, -2, 4, -11, 43, -38 ],
\[ 5, -2, 4, -3, 19, -22 ],
\[ 5, -2, 4, 5, 19, -30 ],
\[ 5, -2, 6, -3, 19, -24 ],
\[ 5, -2, 8, -3, 19, -26 ],
\[ 5, -1, 1, -3, 30, -31 ],
\[ 5, -1, 1, 5, 6, -15 ],
\[ 5, -1, 1, 13, 6, -23 ],
\[ 5, -1, 3, -3, 30, -33 ],
\[ 5, -1, 3, 5, 6, -17 ],
\[ 5, -1, 3, 13, 6, -25 ],
\[ 5, 0, 0, -11, 41, -34 ],
\[ 5, 0, 0, -3, 17, -18 ],
\[ 5, 0, 0, 5, 17, -26 ],
\[ 5, 0, 2, -11, 41, -36 ],
\[ 5, 0, 2, -3, 17, -20 ],
\[ 5, 0, 2, 5, 17, -28 ],
\[ 5, 0, 4, -3, 17, -22 ],
\[ 5, 1, -1, -3, 28, -29 ],
\[ 5, 1, -1, 5, 4, -13 ],
\[ 5, 1, -1, 13, 4, -21 ],
\[ 5, 1, 1, -3, 28, -31 ],
\[ 5, 2, -2, -11, 39, -32 ],
\[ 5, 2, -2, -3, 15, -16 ],
\[ 5, 2, -2, 5, 15, -24 ],
\[ 5, 2, 0, -11, 39, -34 ],
\[ 5, 2, 0, -3, 15, -18 ],
\[ 5, 2, 0, 5, 15, -26 ],
\[ 5, 2, 2, 5, 15, -28 ],
\[ 5, 3, -1, -3, 26, -29 ],
\[ 5, 3, 1, -3, 26, -31 ],
\[ 5, 4, -2, 5, 13, -24 ],
\[ 5, 4, 0, 5, 13, -26 ],
\[ 5, 5, -3, -3, 24, -27 ],
\[ 5, 5, -1, -3, 24, -29 ],
\[ 5, 6, -4, 5, 11, -22 ],
\[ 5, 6, -2, 5, 11, -24 ],
\[ 5, 6, 0, 5, 11, -26 ],
\[ 5, 7, -3, -3, 22, -27 ],
\[ 5, 7, -1, -3, 22, -29 ],
\[ 5, 8, -4, 5, 9, -22 ],
\[ 5, 9, -5, -3, 20, -25 ],
\[ 5, 9, -3, -3, 20, -27 ],
\[ 6, -11, 16, 0, 16, -26 ],
\[ 6, -9, 12, 0, 14, -22 ],
\[ 6, -9, 14, 0, 14, -24 ],
\[ 6, -9, 16, 0, 14, -26 ],
\[ 6, -7, 8, -8, 36, -34 ],
\[ 6, -7, 8, 0, 12, -18 ],
\[ 6, -7, 8, 8, 12, -26 ],
\[ 6, -7, 10, 0, 12, -20 ],
\[ 6, -7, 12, 0, 12, -22 ],
\[ 6, -7, 14, 0, 12, -24 ],
\[ 6, -6, 7, 0, 23, -29 ],
\[ 6, -5, 4, -8, 34, -30 ],
\[ 6, -5, 4, 0, 10, -14 ],
\[ 6, -5, 4, 8, 10, -22 ],
\[ 6, -5, 6, -8, 34, -32 ],
\[ 6, -5, 6, 0, 10, -16 ],
\[ 6, -5, 6, 8, 10, -24 ],
\[ 6, -5, 8, -8, 34, -34 ],
\[ 6, -5, 8, 0, 10, -18 ],
\[ 6, -5, 8, 8, 10, -26 ],
\[ 6, -5, 10, 0, 10, -20 ],
\[ 6, -4, 3, 0, 21, -25 ],
\[ 6, -4, 5, 0, 21, -27 ],
\[ 6, -4, 7, 0, 21, -29 ],
\[ 6, -3, 2, -8, 32, -28 ],
\[ 6, -3, 2, 0, 8, -12 ],
\[ 6, -3, 2, 8, 8, -20 ],
\[ 6, -3, 4, -8, 32, -30 ],
\[ 6, -3, 4, 0, 8, -14 ],
\[ 6, -3, 4, 8, 8, -22 ],
\[ 6, -3, 6, -8, 32, -32 ],
\[ 6, -3, 6, 0, 8, -16 ],
\[ 6, -3, 6, 8, 8, -24 ],
\[ 6, -2, 1, 0, 19, -23 ],
\[ 6, -2, 3, 0, 19, -25 ],
\[ 6, -2, 5, 0, 19, -27 ],
\[ 6, -1, 0, -16, 54, -42 ],
\[ 6, -1, 0, -8, 30, -26 ],
\[ 6, -1, 0, 0, 6, -10 ],
\[ 6, -1, 0, 0, 30, -34 ],
\[ 6, -1, 0, 8, 6, -18 ],
\[ 6, -1, 0, 16, 6, -26 ],
\[ 6, -1, 2, -8, 30, -28 ],
\[ 6, -1, 2, 0, 6, -12 ],
\[ 6, -1, 2, 8, 6, -20 ],
\[ 6, 0, -1, -8, 41, -37 ],
\[ 6, 0, -1, 0, 17, -21 ],
\[ 6, 0, -1, 8, 17, -29 ],
\[ 6, 0, 1, 0, 17, -23 ],
\[ 6, 0, 3, 0, 17, -25 ],
\[ 6, 0, 5, 0, 17, -27 ],
\[ 6, 2, -1, 0, 15, -21 ],
\[ 6, 2, 1, 0, 15, -23 ],
\[ 6, 2, 3, 0, 15, -25 ],
\[ 6, 3, -2, 0, 26, -32 ],
\[ 6, 4, -3, -8, 37, -35 ],
\[ 6, 4, -3, 0, 13, -19 ],
\[ 6, 4, -3, 8, 13, -27 ],
\[ 6, 4, -1, 0, 13, -21 ],
\[ 6, 4, 1, 0, 13, -23 ],
\[ 6, 4, 3, 0, 13, -25 ],
\[ 6, 6, -3, 0, 11, -19 ],
\[ 6, 6, -1, 0, 11, -21 ],
\[ 6, 7, -4, 0, 22, -30 ],
\[ 6, 8, -5, -8, 33, -33 ],
\[ 6, 8, -5, 0, 9, -17 ],
\[ 6, 8, -5, 8, 9, -25 ],
\[ 6, 11, -6, 0, 18, -28 ],
\[ 6, 15, -8, 0, 14, -26 ],
\[ 7, -9, 11, 3, 14, -25 ],
\[ 7, -9, 13, 3, 14, -27 ],
\[ 7, -8, 10, -5, 25, -28 ],
\[ 7, -8, 12, -5, 25, -30 ],
\[ 7, -7, 7, 3, 12, -21 ],
\[ 7, -7, 9, 3, 12, -23 ],
\[ 7, -7, 11, 3, 12, -25 ],
\[ 7, -6, 6, -5, 23, -24 ],
\[ 7, -6, 8, -5, 23, -26 ],
\[ 7, -5, 3, -5, 34, -33 ],
\[ 7, -5, 3, 3, 10, -17 ],
\[ 7, -5, 3, 11, 10, -25 ],
\[ 7, -5, 5, -5, 34, -35 ],
\[ 7, -5, 5, 3, 10, -19 ],
\[ 7, -5, 5, 11, 10, -27 ],
\[ 7, -5, 7, 3, 10, -21 ],
\[ 7, -5, 9, 3, 10, -23 ],
\[ 7, -4, 2, -13, 45, -36 ],
\[ 7, -4, 2, -5, 21, -20 ],
\[ 7, -4, 2, 3, 21, -28 ],
\[ 7, -4, 4, -13, 45, -38 ],
\[ 7, -4, 4, -5, 21, -22 ],
\[ 7, -4, 4, 3, 21, -30 ],
\[ 7, -3, 1, -5, 32, -31 ],
\[ 7, -3, 1, 3, 8, -15 ],
\[ 7, -3, 1, 11, 8, -23 ],
\[ 7, -3, 3, -5, 32, -33 ],
\[ 7, -3, 3, 3, 8, -17 ],
\[ 7, -3, 3, 11, 8, -25 ],
\[ 7, -3, 5, 3, 8, -19 ],
\[ 7, -2, 0, -13, 43, -34 ],
\[ 7, -2, 0, -5, 19, -18 ],
\[ 7, -2, 0, 3, 19, -26 ],
\[ 7, -2, 2, 3, 19, -28 ],
\[ 7, -1, -1, -5, 30, -29 ],
\[ 7, -1, -1, 3, 6, -13 ],
\[ 7, -1, -1, 11, 6, -21 ],
\[ 7, -1, 1, -5, 30, -31 ],
\[ 7, -1, 1, 3, 6, -15 ],
\[ 7, -1, 1, 11, 6, -23 ],
\[ 7, -1, 3, -5, 30, -33 ],
\[ 7, 0, 0, 3, 17, -26 ],
\[ 7, 0, 2, 3, 17, -28 ],
\[ 7, 1, -1, -5, 28, -29 ],
\[ 7, 1, 1, -5, 28, -31 ],
\[ 7, 2, -2, 3, 15, -24 ],
\[ 7, 2, 0, 3, 15, -26 ],
\[ 7, 3, -3, -5, 26, -27 ],
\[ 7, 3, -1, -5, 26, -29 ],
\[ 7, 3, 1, -5, 26, -31 ],
\[ 7, 4, -2, 3, 13, -24 ],
\[ 7, 4, 0, 3, 13, -26 ],
\[ 7, 5, -3, -5, 24, -27 ],
\[ 7, 6, -4, 3, 11, -22 ],
\[ 7, 6, -2, 3, 11, -24 ],
\[ 8, -11, 14, -2, 16, -24 ],
\[ 8, -9, 10, -2, 14, -20 ],
\[ 8, -8, 9, -2, 25, -31 ],
\[ 8, -7, 6, -10, 36, -32 ],
\[ 8, -7, 6, -2, 12, -16 ],
\[ 8, -7, 6, 6, 12, -24 ],
\[ 8, -7, 8, 6, 12, -26 ],
\[ 8, -6, 5, -2, 23, -27 ],
\[ 8, -6, 7, -2, 23, -29 ],
\[ 8, -5, 2, -10, 34, -28 ],
\[ 8, -5, 2, -2, 10, -12 ],
\[ 8, -5, 2, 6, 10, -20 ],
\[ 8, -5, 4, 6, 10, -22 ],
\[ 8, -5, 6, 6, 10, -24 ],
\[ 8, -4, 1, -10, 45, -39 ],
\[ 8, -4, 1, -2, 21, -23 ],
\[ 8, -4, 1, 6, 21, -31 ],
\[ 8, -4, 3, -2, 21, -25 ],
\[ 8, -4, 5, -2, 21, -27 ],
\[ 8, -4, 7, -2, 21, -29 ],
\[ 8, -3, 0, -2, 32, -34 ],
\[ 8, -3, 0, 6, 8, -18 ],
\[ 8, -3, 0, 14, 8, -26 ],
\[ 8, -3, 2, 6, 8, -20 ],
\[ 8, -3, 4, 6, 8, -22 ],
\[ 8, -2, 1, -2, 19, -23 ],
\[ 8, -2, 3, -2, 19, -25 ],
\[ 8, -2, 5, -2, 19, -27 ],
\[ 8, -1, 0, 6, 6, -18 ],
\[ 8, 0, -1, -10, 41, -37 ],
\[ 8, 0, -1, -2, 17, -21 ],
\[ 8, 0, -1, 6, 17, -29 ],
\[ 8, 0, 1, -2, 17, -23 ],
\[ 8, 0, 3, -2, 17, -25 ],
\[ 8, 1, -2, -2, 28, -32 ],
\[ 8, 2, -1, -2, 15, -21 ],
\[ 8, 4, -3, 6, 13, -27 ],
\[ 8, 5, -4, -2, 24, -30 ],
\[ 8, 9, -6, -2, 20, -28 ],
\[ 9, -11, 13, 1, 16, -27 ],
\[ 9, -9, 9, 1, 14, -23 ],
\[ 9, -9, 11, 1, 14, -25 ],
\[ 9, -7, 5, -7, 36, -35 ],
\[ 9, -7, 5, 1, 12, -19 ],
\[ 9, -7, 5, 9, 12, -27 ],
\[ 9, -7, 7, 1, 12, -21 ],
\[ 9, -7, 9, 1, 12, -23 ],
\[ 9, -7, 11, 1, 12, -25 ],
\[ 9, -6, 4, 1, 23, -30 ],
\[ 9, -5, 1, -7, 34, -31 ],
\[ 9, -5, 1, 1, 10, -15 ],
\[ 9, -5, 1, 9, 10, -23 ],
\[ 9, -5, 3, -7, 34, -33 ],
\[ 9, -5, 3, 1, 10, -17 ],
\[ 9, -5, 3, 9, 10, -25 ],
\[ 9, -5, 5, 1, 10, -19 ],
\[ 9, -5, 7, 1, 10, -21 ],
\[ 9, -4, 0, 1, 21, -26 ],
\[ 9, -4, 2, 1, 21, -28 ],
\[ 9, -4, 4, 1, 21, -30 ],
\[ 9, -3, 1, -7, 32, -31 ],
\[ 9, -3, 1, 1, 8, -15 ],
\[ 9, -3, 1, 9, 8, -23 ],
\[ 9, -3, 3, -7, 32, -33 ],
\[ 9, -3, 3, 1, 8, -17 ],
\[ 9, -3, 3, 9, 8, -25 ],
\[ 9, -2, 0, 1, 19, -26 ],
\[ 9, -2, 2, 1, 19, -28 ],
\[ 9, -1, -1, -7, 30, -29 ],
\[ 9, -1, -1, 1, 6, -13 ],
\[ 9, -1, -1, 9, 6, -21 ],
\[ 9, -1, 1, -7, 30, -31 ],
\[ 9, 0, -2, 1, 17, -24 ],
\[ 9, 0, 0, 1, 17, -26 ],
\[ 9, 0, 2, 1, 17, -28 ],
\[ 9, 2, -2, 1, 15, -24 ],
\[ 9, 2, 0, 1, 15, -26 ],
\[ 9, 4, -4, 1, 13, -22 ],
\[ 9, 4, -2, 1, 13, -24 ],
\[ 9, 4, 0, 1, 13, -26 ],
\[ 9, 6, -4, 1, 11, -22 ],
\[ 10, -9, 8, 4, 14, -26 ],
\[ 10, -8, 7, -4, 25, -29 ],
\[ 10, -7, 4, 4, 12, -22 ],
\[ 10, -7, 6, 4, 12, -24 ],
\[ 10, -7, 8, 4, 12, -26 ],
\[ 10, -6, 3, -4, 23, -25 ],
\[ 10, -6, 5, -4, 23, -27 ],
\[ 10, -6, 7, -4, 23, -29 ],
\[ 10, -5, 2, 4, 10, -20 ],
\[ 10, -5, 4, 4, 10, -22 ],
\[ 10, -5, 6, 4, 10, -24 ],
\[ 10, -4, 1, -4, 21, -23 ],
\[ 10, -4, 3, -4, 21, -25 ],
\[ 10, -3, 0, -4, 32, -34 ],
\[ 10, -3, 0, 4, 8, -18 ],
\[ 10, -3, 0, 12, 8, -26 ],
\[ 10, -3, 2, 4, 8, -20 ],
\[ 10, -2, -1, -12, 43, -37 ],
\[ 10, -2, -1, -4, 19, -21 ],
\[ 10, -2, -1, 4, 19, -29 ],
\[ 10, 1, -2, -4, 28, -32 ],
\[ 10, 2, -3, 4, 15, -27 ],
\[ 10, 5, -4, -4, 24, -30 ],
\[ 10, 6, -5, 4, 11, -25 ],
\[ 11, -11, 11, -1, 16, -25 ],
\[ 11, -11, 13, -1, 16, -27 ],
\[ 11, -9, 7, -1, 14, -21 ],
\[ 11, -9, 9, -1, 14, -23 ],
\[ 11, -7, 3, -9, 36, -33 ],
\[ 11, -7, 3, -1, 12, -17 ],
\[ 11, -7, 3, 7, 12, -25 ],
\[ 11, -7, 5, -9, 36, -35 ],
\[ 11, -7, 5, -1, 12, -19 ],
\[ 11, -7, 5, 7, 12, -27 ],
\[ 11, -6, 2, -1, 23, -28 ],
\[ 11, -6, 4, -1, 23, -30 ],
\[ 11, -5, 1, -9, 34, -31 ],
\[ 11, -5, 1, -1, 10, -15 ],
\[ 11, -5, 1, 7, 10, -23 ],
\[ 11, -5, 3, 7, 10, -25 ],
\[ 11, -4, 0, -1, 21, -26 ],
\[ 11, -4, 2, -1, 21, -28 ],
\[ 11, -3, -1, 7, 8, -21 ],
\[ 11, -3, 1, 7, 8, -23 ],
\[ 11, -2, 0, -1, 19, -26 ],
\[ 11, -2, 2, -1, 19, -28 ],
\[ 11, 0, -2, -1, 17, -24 ],
\[ 11, 0, 0, -1, 17, -26 ],
\[ 11, 2, -2, -1, 15, -24 ],
\[ 11, 2, 0, -1, 15, -26 ],
\[ 11, 4, -4, -1, 13, -22 ],
\[ 12, -9, 6, 2, 14, -24 ],
\[ 12, -9, 8, 2, 14, -26 ],
\[ 12, -7, 2, 2, 12, -20 ],
\[ 12, -7, 4, 2, 12, -22 ],
\[ 12, -7, 6, 2, 12, -24 ],
\[ 12, -6, 1, 2, 23, -31 ],
\[ 12, -5, 0, -6, 34, -34 ],
\[ 12, -5, 0, 2, 10, -18 ],
\[ 12, -5, 0, 10, 10, -26 ],
\[ 12, -5, 2, 2, 10, -20 ],
\[ 12, -5, 4, 2, 10, -22 ],
\[ 12, -3, 0, 2, 8, -18 ],
\[ 12, -2, -1, 2, 19, -29 ],
\[ 12, -1, -2, -6, 30, -32 ],
\[ 12, 2, -3, 2, 15, -27 ],
\[ 13, -9, 5, 5, 14, -27 ],
\[ 13, -8, 4, -3, 25, -30 ],
\[ 13, -7, 1, 5, 12, -23 ],
\[ 13, -7, 3, 5, 12, -25 ],
\[ 13, -6, 0, -3, 23, -26 ],
\[ 13, -6, 2, -3, 23, -28 ],
\[ 13, -6, 4, -3, 23, -30 ],
\[ 13, -5, 1, 5, 10, -23 ],
\[ 13, -5, 3, 5, 10, -25 ],
\[ 13, -4, 0, -3, 21, -26 ],
\[ 13, -4, 2, -3, 21, -28 ],
\[ 13, -3, -1, 5, 8, -21 ],
\[ 13, -2, -2, -3, 19, -24 ],
\[ 13, -2, 0, -3, 19, -26 ],
\[ 14, -11, 8, 0, 16, -26 ],
\[ 14, -9, 4, 0, 14, -22 ],
\[ 14, -9, 6, 0, 14, -24 ],
\[ 14, -9, 8, 0, 14, -26 ],
\[ 14, -7, 2, 0, 12, -20 ],
\[ 14, -7, 4, 0, 12, -22 ],
\[ 14, -7, 6, 0, 12, -24 ],
\[ 14, -5, 0, -8, 34, -34 ],
\[ 14, -5, 0, 0, 10, -18 ],
\[ 14, -5, 0, 8, 10, -26 ],
\[ 14, -5, 2, 0, 10, -20 ],
\[ 14, -4, -1, 0, 21, -29 ],
\[ 14, 0, -3, 0, 17, -27 ],
\[ 14, 4, -5, 0, 13, -25 ],
\[ 15, -9, 3, 3, 14, -25 ],
\[ 15, -9, 5, 3, 14, -27 ],
\[ 15, -8, 2, -5, 25, -28 ],
\[ 15, -8, 4, -5, 25, -30 ],
\[ 15, -7, 1, 3, 12, -23 ],
\[ 15, -7, 3, 3, 12, -25 ],
\[ 15, -6, 0, -5, 23, -26 ],
\[ 15, -5, -1, 3, 10, -21 ],
\[ 15, -5, 1, 3, 10, -23 ],
\[ 16, -11, 6, -2, 16, -24 ],
\[ 16, -9, 2, -2, 14, -20 ],
\[ 16, -8, 1, -2, 25, -31 ],
\[ 16, -7, 0, 6, 12, -26 ],
\[ 16, -4, -1, -2, 21, -29 ],
\[ 17, -11, 5, 1, 16, -27 ],
\[ 17, -9, 1, 1, 14, -23 ],
\[ 17, -9, 3, 1, 14, -25 ],
\[ 17, -7, 1, 1, 12, -23 ],
\[ 17, -7, 3, 1, 12, -25 ],
\[ 17, -5, -1, 1, 10, -21 ],
\[ 18, -7, 0, 4, 12, -26 ],
\[ 18, -6, -1, -4, 23, -29 ],
\[ 19, -11, 3, -1, 16, -25 ],
\[ 19, -11, 5, -1, 16, -27 ],
\[ 19, -9, 1, -1, 14, -23 ],
\[ 20, -9, 0, 2, 14, -26 ],
\[ 22, -9, 0, 0, 14, -26 ]
]
