use application "polytope";
use vars '$ieqs', '$eqs', '$p';
$ieqs = [
[ 0, 628, 314, 157, 4, 2, 1, 0, 0, 0, 0 ],
[ 0, 157, 314, 157, 1, 2, 1, 0, 0, 0, 0 ],
[ 0, 157, 314, 628, 1, 2, 4, 0, 0, 0, 0 ],
[ 0, 4, 2, 1, 628, 314, 157, 0, 0, 0, 0 ],
[ 0, 1, 2, 1, 157, 314, 157, 0, 0, 0, 0 ],
[ 10272, 1, 2, 4, 157, 314, 628, 0, 0, 0, 0 ]
];
$eqs = [
[ -1, 1, 1, 1, 1, 1, 1, 0, 0, 0, 0 ],
[ -1, 0, 1, 2, 0, 1, 2, -2, 0, 0, 0 ],
[ 0, 0, 0, 0, 1, 1, 1, 0, -2, 0, 0 ],
[ 0, 1, 2, 4, 157, 314, 628, 0, 0, -24, 0 ],
[ 0, 628, 314, 157, 4, 2, 1, 0, 0, 0, -24 ]
];
$p = new Polytope(INEQUALITIES=>$ieqs, EQUATIONS=>$eqs);
prefer_now "libnormaliz";
print $p->LATTICE_POINTS_GENERATORS->[0];
