[ PowerSequence(IntegerRing()) |
[ -4, 10, -4, -1, 3, 1, -1, -1, 1, 0, 5, -8 ],
[ -4, 10, -4, 0, -1, 0, 2, -1, 2, -2, 9, -10 ],
[ -4, 10, -4, 1, -1, 0, 1, 1, 0, -1, 7, -9 ],
[ -3, 7, -2, -1, 2, -1, 0, 2, 0, -1, 6, -8 ],
[ -3, 7, -2, 0, -1, -1, 2, 2, 0, 0, 3, -6 ],
[ -3, 7, -2, 1, -1, -1, 1, 2, 0, 1, 3, -7 ],
[ -3, 8, -3, 0, 1, 1, 0, -1, 1, -2, 9, -10 ],
[ -2, 3, 2, 0, 0, 0, 0, -2, 4, 0, 4, -8 ],
[ -2, 4, 0, -1, 2, 0, 0, -1, 2, -1, 6, -8 ],
[ -2, 4, 0, 0, -1, 0, 2, -1, 2, 0, 3, -6 ],
[ -2, 4, 0, 1, -1, 0, 1, -1, 2, 1, 3, -7 ],
[ -2, 5, -2, -3, 8, 1, -3, 0, 1, 0, 4, -8 ],
[ -2, 5, -2, -2, 4, -2, 0, 4, 0, 0, 4, -8 ],
[ -2, 5, -2, 0, -2, 0, 4, -2, 4, 0, 4, -8 ],
[ -2, 5, -2, 0, -1, 0, 3, 3, -1, 0, 4, -8 ],
[ -2, 5, -2, 0, 0, 0, 0, 0, 0, 0, 0, 0 ],
[ -2, 5, -2, 0, 3, 0, -1, -1, 3, 0, 4, -8 ],
[ -2, 5, -2, 2, -2, 2, 2, -2, 2, 0, 4, -8 ],
[ -2, 5, -2, 3, -1, -1, 0, 3, 0, 0, 4, -8 ],
[ -2, 5, -1, 0, -1, 0, 2, 1, 0, 0, 6, -9 ],
[ -2, 5, -1, 0, 1, 0, 0, 0, 1, 0, 5, -8 ],
[ -2, 6, -2, -1, 3, 0, -1, 1, 0, -1, 7, -9 ],
[ -2, 6, -2, 0, 0, 0, 1, -1, 2, 0, 6, -9 ],
[ -2, 6, -2, 0, 0, 0, 1, 1, 0, 0, 4, -7 ],
[ -2, 6, -2, 1, 0, 0, 0, 1, 0, 1, 4, -8 ],
[ -2, 7, -3, 0, -1, 0, 2, 0, 1, 0, 5, -8 ],
[ -2, 7, -3, 0, 1, 0, 0, -1, 2, 0, 4, -7 ],
[ -1, 1, 2, -2, 5, -1, -2, 2, 0, 0, 3, -6 ],
[ -1, 1, 2, 0, 0, 1, 1, -1, 1, 0, 5, -8 ],
[ -1, 2, 0, -2, 4, -1, 0, 1, 2, 0, 4, -8 ],
[ -1, 2, 0, 0, -1, 1, 3, 0, 1, 0, 4, -8 ],
[ -1, 2, 0, 1, 0, -2, 1, 5, -1, 0, 4, -8 ],
[ -1, 2, 0, 3, -1, 0, 0, 0, 2, 0, 4, -8 ],
[ -1, 2, 1, 0, 1, 1, 0, -1, 1, 0, 3, -6 ],
[ -1, 3, -1, -2, 6, -1, -2, 4, -1, 0, 4, -8 ],
[ -1, 3, -1, 0, 0, 1, 2, -2, 3, 0, 4, -8 ],
[ -1, 3, -1, 2, 0, 3, 0, -2, 1, 0, 4, -8 ],
[ -1, 3, 0, -1, 3, -1, -1, 2, 0, 1, 3, -7 ],
[ -1, 3, 0, 1, -1, 0, 1, 0, 1, -2, 9, -10 ],
[ -1, 4, -1, -1, 2, 1, 0, -1, 1, -1, 6, -8 ],
[ -1, 4, -1, 0, -1, 1, 2, -1, 1, 0, 3, -6 ],
[ -1, 4, -1, 1, -1, 1, 1, -1, 1, 1, 3, -7 ],
[ -1, 5, -2, 0, 1, -1, 0, 2, 0, 2, 3, -8 ],
[ 0, -2, 4, -2, 5, 0, -2, -1, 2, 0, 3, -6 ],
[ 0, -2, 4, -1, 2, -1, 0, 2, 0, -2, 9, -10 ],
[ 0, -2, 4, -1, 3, 0, -1, 0, 1, 1, 4, -8 ],
[ 0, -2, 4, 0, -1, -1, 2, 2, 0, -1, 6, -8 ],
[ 0, -2, 4, 1, -1, -1, 1, 2, 0, 0, 6, -9 ],
[ 0, -1, 2, -2, 4, 0, 0, -2, 4, 0, 4, -8 ],
[ 0, -1, 2, -2, 5, 0, -1, 3, -1, 0, 4, -8 ],
[ 0, -1, 2, -1, 1, -3, 2, 7, -2, 0, 4, -8 ],
[ 0, -1, 2, 0, 0, -1, 0, 1, 2, -1, 5, -6 ],
[ 0, -1, 2, 1, 0, -1, 1, 2, 1, 0, 4, -8 ],
[ 0, -1, 3, -2, 5, 0, -2, 1, 0, 0, 6, -9 ],
[ 0, -1, 3, -1, 2, 0, 0, 1, 0, 1, 3, -7 ],
[ 0, -1, 3, 0, 2, 0, -1, 1, 0, 2, 3, -8 ],
[ 0, -1, 3, 1, 0, -1, 0, 2, 0, 0, 4, -7 ],
[ 0, 0, 0, -5, 13, 1, -5, -1, 1, 0, 5, -8 ],
[ 0, 0, 0, -4, 9, 0, -2, -1, 2, -2, 9, -10 ],
[ 0, 0, 0, -3, 6, 0, 0, -1, 2, -1, 6, -8 ],
[ 0, 0, 0, -3, 9, 0, -3, 1, 0, -1, 7, -9 ],
[ 0, 0, 0, -2, 3, 0, 2, -1, 2, 0, 3, -6 ],
[ 0, 0, 0, -2, 6, 0, -1, -1, 2, 0, 6, -9 ],
[ 0, 0, 0, -2, 6, 0, -1, 1, 0, 0, 4, -7 ],
[ 0, 0, 0, -2, 8, 0, -3, 0, 1, 0, 3, -6 ],
[ 0, 0, 0, -1, 0, -1, 4, 2, 0, -2, 9, -10 ],
[ 0, 0, 0, -1, 1, 0, 3, 0, 1, 1, 4, -8 ],
[ 0, 0, 0, -1, 2, -3, 0, 6, 0, 0, 3, -6 ],
[ 0, 0, 0, -1, 2, -2, 0, 4, -1, 3, 5, -9 ],
[ 0, 0, 0, -1, 2, -1, 0, 0, 4, -2, 9, -10 ],
[ 0, 0, 0, -1, 2, -1, 0, 2, 0, -2, 7, -6 ],
[ 0, 0, 0, -1, 2, 2, 0, 2, -1, -1, 7, -9 ],
[ 0, 0, 0, -1, 3, -3, -1, 9, -3, 0, 5, -8 ],
[ 0, 0, 0, -1, 3, -1, -1, 5, -1, -2, 9, -10 ],
[ 0, 0, 0, -1, 3, 0, -1, -2, 5, 1, 4, -8 ],
[ 0, 0, 0, -1, 3, 0, -1, 0, 1, 1, 2, -4 ],
[ 0, 0, 0, -1, 3, 0, 1, -1, 2, 1, 3, -7 ],
[ 0, 0, 0, -1, 3, 1, -1, -1, 1, -4, 15, -12 ],
[ 0, 0, 0, -1, 6, 0, -2, 1, 0, 1, 4, -8 ],
[ 0, 0, 0, 0, -3, -1, 6, 2, 0, -1, 6, -8 ],
[ 0, 0, 0, 0, -1, -4, 2, 9, -2, -2, 9, -10 ],
[ 0, 0, 0, 0, -1, -2, 2, 4, -1, 4, 2, -7 ],
[ 0, 0, 0, 0, -1, -1, 2, 0, 4, -1, 6, -8 ],
[ 0, 0, 0, 0, -1, -1, 2, 2, 0, -1, 4, -4 ],
[ 0, 0, 0, 0, -1, 0, 2, -1, 2, -6, 19, -14 ],
[ 0, 0, 0, 0, -1, 0, 2, 0, 1, 2, 6, -9 ],
[ 0, 0, 0, 0, -1, 2, 2, 0, 1, 0, 6, -9 ],
[ 0, 0, 0, 0, -1, 2, 2, 2, -1, 0, 4, -7 ],
[ 0, 0, 0, 0, -1, 4, 2, -2, 1, -2, 8, -9 ],
[ 0, 0, 0, 0, 0, -3, 1, 7, -1, 1, 4, -8 ],
[ 0, 0, 0, 0, 0, -1, 1, 5, -1, -1, 6, -8 ],
[ 0, 0, 0, 0, 0, 1, 1, -1, 1, -3, 12, -10 ],
[ 0, 0, 0, 0, 1, 0, 0, -1, 2, 2, 5, -8 ],
[ 0, 0, 0, 0, 1, 0, 0, 1, 0, 2, 3, -6 ],
[ 0, 0, 0, 0, 1, 0, 0, 1, 2, 2, 3, -8 ],
[ 0, 0, 0, 0, 1, 2, 0, -1, 2, 0, 5, -8 ],
[ 0, 0, 0, 0, 1, 2, 0, 1, 0, 0, 3, -6 ],
[ 0, 0, 0, 0, 3, 0, 0, -1, 2, 2, 3, -8 ],
[ 0, 0, 0, 1, -3, -1, 5, 2, 0, 0, 6, -9 ],
[ 0, 0, 0, 1, -1, -4, 1, 11, -4, -1, 7, -9 ],
[ 0, 0, 0, 1, -1, -2, 1, 4, -1, 5, 2, -8 ],
[ 0, 0, 0, 1, -1, -1, 1, 0, 4, 0, 6, -9 ],
[ 0, 0, 0, 1, -1, -1, 1, 2, 0, 0, 4, -5 ],
[ 0, 0, 0, 1, -1, -1, 1, 2, 2, 0, 4, -7 ],
[ 0, 0, 0, 1, -1, 0, 1, 1, 0, -5, 17, -13 ],
[ 0, 0, 0, 1, -1, 2, 1, 2, -1, 1, 4, -8 ],
[ 0, 0, 0, 1, 0, -1, 0, 5, -1, 0, 6, -9 ],
[ 0, 0, 0, 1, 0, 1, 0, -1, 1, -2, 12, -11 ],
[ 0, 0, 0, 1, 4, -1, -2, 2, 0, 0, 5, -8 ],
[ 0, 0, 0, 2, -1, 1, 2, -1, 1, -1, 7, -9 ],
[ 0, 0, 1, -2, 6, 0, -2, 1, 1, 0, 4, -8 ],
[ 0, 0, 1, 0, 1, 2, 1, 0, 0, 0, 4, -8 ],
[ 0, 0, 2, -1, 3, 0, -1, -1, 2, 1, 3, -7 ],
[ 0, 1, 0, 0, 2, 2, 0, -2, 2, 0, 4, -8 ],
[ 0, 1, 0, 1, -2, -1, 3, 2, 1, 0, 4, -8 ],
[ 0, 1, 1, 0, 0, 0, 1, 1, 0, 2, 3, -8 ],
[ 0, 1, 1, 0, 1, -1, 0, 2, 0, -1, 7, -9 ],
[ 0, 2, -1, -2, 4, 0, 0, 1, 1, 0, 4, -8 ],
[ 0, 2, -1, 0, -1, 2, 3, 0, 0, 0, 4, -8 ],
[ 0, 2, -1, 3, -1, 1, 0, 0, 1, 0, 4, -8 ],
[ 0, 2, 0, 0, 1, 0, 0, -1, 2, 2, 3, -8 ],
[ 0, 3, -1, 0, -1, -1, 2, 2, 0, -1, 7, -9 ],
[ 0, 4, -2, -1, 2, 0, 0, 1, 0, 1, 4, -8 ],
[ 0, 4, -2, 0, -1, 0, 2, -1, 2, 2, 3, -8 ],
[ 0, 4, -2, 1, 0, -1, 0, 2, 0, 0, 5, -8 ],
[ 1, -2, 3, -2, 5, 1, -2, -1, 1, 0, 3, -6 ],
[ 1, -2, 3, 0, 1, 0, 0, -1, 2, -1, 7, -9 ],
[ 1, -1, 1, -2, 4, 1, 0, -2, 3, 0, 4, -8 ],
[ 1, -1, 1, 1, 0, 0, 1, 2, 0, 0, 4, -8 ],
[ 1, -1, 2, -1, 3, 0, -1, 0, 1, -2, 9, -10 ],
[ 1, -1, 2, 0, 0, 0, 1, 0, 1, -1, 6, -8 ],
[ 1, -1, 2, 1, 0, 0, 0, 0, 1, 0, 6, -9 ],
[ 1, 0, 0, -2, 6, 1, -2, 1, 0, 0, 4, -8 ],
[ 1, 0, 0, -1, 2, -2, 1, 5, -1, 0, 4, -8 ],
[ 1, 0, 0, 1, 1, 0, 0, 0, 2, 0, 4, -8 ],
[ 1, 0, 1, -1, 3, 1, -1, -1, 1, 1, 3, -7 ],
[ 1, 0, 1, 0, -1, 0, 2, -1, 2, -1, 7, -9 ],
[ 1, 0, 1, 1, -1, 0, 1, 1, 0, 0, 5, -8 ],
[ 1, 1, 0, 1, 0, 0, 0, -1, 2, 0, 5, -8 ],
[ 1, 1, 0, 1, 0, 0, 0, 1, 0, 0, 3, -6 ],
[ 1, 2, -1, 0, 1, 1, 0, -1, 1, 2, 3, -8 ],
[ 1, 2, -1, 1, -1, 0, 1, 0, 1, 0, 4, -7 ],
[ 2, -2, 2, 0, 1, 1, 0, -1, 1, -1, 7, -9 ],
[ 2, -1, 0, -2, 4, 2, 0, -2, 2, 0, 4, -8 ],
[ 2, -1, 0, -1, 5, -1, -2, 3, 0, 0, 4, -8 ],
[ 2, -1, 1, 0, 0, -1, 1, 2, 0, 1, 4, -8 ],
[ 2, 0, 0, 0, -1, 1, 2, -1, 1, -1, 7, -9 ],
[ 2, 1, -1, 1, 0, 1, 0, -1, 1, 0, 5, -8 ],
[ 3, -2, 1, -1, 3, 0, -1, 0, 1, 0, 4, -7 ],
[ 3, -2, 1, 1, -1, -1, 1, 2, 0, -1, 6, -8 ],
[ 3, -1, 0, -1, 2, 0, 0, -1, 2, 0, 5, -8 ],
[ 3, -1, 0, -1, 2, 0, 0, 1, 0, 0, 3, -6 ]
]
