use application "polytope";
use vars '$ieqs', '$eqs', '$p';
$ieqs = [
[ 0, 408, 204, 136, 102, 68, 51, 34, 24, 17, 12, 8, 6, 4, 3, 2, 1, 0, 0, 0, 0, 0 ],
[ 0, 102, 204, 34, 102, 68, 51, 34, 6, 17, 12, 2, 6, 4, 3, 2, 1, 0, 0, 0, 0, 0 ],
[ 0, 136, 68, 408, 34, 204, 17, 102, 8, 51, 4, 24, 2, 12, 1, 6, 3, 0, 0, 0, 0, 0 ],
[ 0, 51, 102, 17, 204, 34, 102, 68, 3, 34, 6, 1, 12, 2, 6, 4, 2, 0, 0, 0, 0, 0 ],
[ 0, 34, 68, 102, 34, 204, 17, 102, 2, 51, 4, 6, 2, 12, 1, 6, 3, 0, 0, 0, 0, 0 ],
[ 0, 51, 102, 17, 204, 34, 408, 68, 3, 136, 6, 1, 12, 2, 24, 4, 8, 0, 0, 0, 0, 0 ],
[ 0, 17, 34, 51, 68, 102, 34, 204, 1, 102, 2, 3, 4, 6, 2, 12, 6, 0, 0, 0, 0, 0 ],
[ 0, 24, 12, 8, 6, 4, 3, 2, 408, 1, 204, 136, 102, 68, 51, 34, 17, 0, 0, 0, 0, 0 ],
[ 0, 17, 34, 51, 68, 102, 136, 204, 1, 408, 2, 3, 4, 6, 8, 12, 24, 0, 0, 0, 0, 0 ],
[ 0, 6, 12, 2, 6, 4, 3, 2, 102, 1, 204, 34, 102, 68, 51, 34, 17, 0, 0, 0, 0, 0 ],
[ 0, 8, 4, 24, 2, 12, 1, 6, 136, 3, 68, 408, 34, 204, 17, 102, 51, 0, 0, 0, 0, 0 ],
[ 0, 3, 6, 1, 12, 2, 6, 4, 51, 2, 102, 17, 204, 34, 102, 68, 34, 0, 0, 0, 0, 0 ],
[ 0, 2, 4, 6, 2, 12, 1, 6, 34, 3, 68, 102, 34, 204, 17, 102, 51, 0, 0, 0, 0, 0 ],
[ 0, 3, 6, 1, 12, 2, 24, 4, 51, 8, 102, 17, 204, 34, 408, 68, 136, 0, 0, 0, 0, 0 ],
[ 0, 1, 2, 3, 4, 6, 2, 12, 17, 6, 34, 51, 68, 102, 34, 204, 102, 0, 0, 0, 0, 0 ],
[ 1896, 1, 2, 3, 4, 6, 8, 12, 17, 24, 34, 51, 68, 102, 136, 204, 408, 0, 0, 0, 0, 0 ]
];
$eqs = [
[ -1, 1, 1, 1, 1, 1, 1, 1, 1, 1, 1, 1, 1, 1, 1, 1, 1, 0, 0, 0, 0, 0 ],
[ -1, 0, 1, 0, 2, 1, 3, 2, 0, 3, 1, 0, 2, 1, 3, 2, 3, -2, 0, 0, 0, 0 ],
[ 0, 0, 0, 1, 0, 1, 0, 1, 0, 1, 0, 1, 0, 1, 0, 1, 1, 0, -2, 0, 0, 0 ],
[ 0, 0, 0, 0, 0, 0, 0, 0, 1, 0, 1, 1, 1, 1, 1, 1, 1, 0, 0, -2, 0, 0 ],
[ 0, 1, 2, 3, 4, 6, 8, 12, 17, 24, 34, 51, 68, 102, 136, 204, 408, 0, 0, 0, -24, 0 ],
[ 0, 408, 204, 136, 102, 68, 51, 34, 24, 17, 12, 8, 6, 4, 3, 2, 1, 0, 0, 0, 0, -24 ]
];
$p = new Polytope(INEQUALITIES=>$ieqs, EQUATIONS=>$eqs);
print $p->LATTICE_POINTS;
