use application "polytope";
use vars '$ieqs', '$eqs', '$p';
$ieqs = [
[ 0, 1068, 534, 356, 267, 178, 89, 12, 6, 4, 3, 2, 1, 0, 0, 0, 0, 0 ],
[ 0, 267, 534, 89, 267, 178, 89, 3, 6, 1, 3, 2, 1, 0, 0, 0, 0, 0 ],
[ 0, 356, 178, 1068, 89, 534, 267, 4, 2, 12, 1, 6, 3, 0, 0, 0, 0, 0 ],
[ 0, 267, 534, 89, 1068, 178, 356, 3, 6, 1, 12, 2, 4, 0, 0, 0, 0, 0 ],
[ 0, 89, 178, 267, 89, 534, 267, 1, 2, 3, 1, 6, 3, 0, 0, 0, 0, 0 ],
[ 0, 89, 178, 267, 356, 534, 1068, 1, 2, 3, 4, 6, 12, 0, 0, 0, 0, 0 ],
[ 0, 12, 6, 4, 3, 2, 1, 1068, 534, 356, 267, 178, 89, 0, 0, 0, 0, 0 ],
[ 0, 3, 6, 1, 3, 2, 1, 267, 534, 89, 267, 178, 89, 0, 0, 0, 0, 0 ],
[ 0, 4, 2, 12, 1, 6, 3, 356, 178, 1068, 89, 534, 267, 0, 0, 0, 0, 0 ],
[ 0, 3, 6, 1, 12, 2, 4, 267, 534, 89, 1068, 178, 356, 0, 0, 0, 0, 0 ],
[ 0, 1, 2, 3, 1, 6, 3, 89, 178, 267, 89, 534, 267, 0, 0, 0, 0, 0 ],
[ 6312, 1, 2, 3, 4, 6, 12, 89, 178, 267, 356, 534, 1068, 0, 0, 0, 0, 0 ]
];
$eqs = [
[ -1, 1, 1, 1, 1, 1, 1, 1, 1, 1, 1, 1, 1, 0, 0, 0, 0, 0 ],
[ -1, 0, 1, 0, 2, 1, 2, 0, 1, 0, 2, 1, 2, -2, 0, 0, 0, 0 ],
[ 0, 0, 0, 1, 0, 1, 1, 0, 0, 1, 0, 1, 1, 0, -2, 0, 0, 0 ],
[ 0, 0, 0, 0, 0, 0, 0, 1, 1, 1, 1, 1, 1, 0, 0, -2, 0, 0 ],
[ 0, 1, 2, 3, 4, 6, 12, 89, 178, 267, 356, 534, 1068, 0, 0, 0, -24, 0 ],
[ 0, 1068, 534, 356, 267, 178, 89, 12, 6, 4, 3, 2, 1, 0, 0, 0, 0, -24 ]
];
$p = new Polytope(INEQUALITIES=>$ieqs, EQUATIONS=>$eqs);
prefer_now "libnormaliz";
print $p->LATTICE_POINTS_GENERATORS->[0];
