use application "polytope";
use vars '$ieqs', '$eqs', '$p';
$ieqs = [
[ 0, 708, 354, 236, 177, 118, 59, 12, 6, 4, 3, 2, 1, 0, 0, 0, 0, 0 ],
[ 0, 177, 354, 59, 177, 118, 59, 3, 6, 1, 3, 2, 1, 0, 0, 0, 0, 0 ],
[ 0, 236, 118, 708, 59, 354, 177, 4, 2, 12, 1, 6, 3, 0, 0, 0, 0, 0 ],
[ 0, 177, 354, 59, 708, 118, 236, 3, 6, 1, 12, 2, 4, 0, 0, 0, 0, 0 ],
[ 0, 59, 118, 177, 59, 354, 177, 1, 2, 3, 1, 6, 3, 0, 0, 0, 0, 0 ],
[ 0, 59, 118, 177, 236, 354, 708, 1, 2, 3, 4, 6, 12, 0, 0, 0, 0, 0 ],
[ 0, 12, 6, 4, 3, 2, 1, 708, 354, 236, 177, 118, 59, 0, 0, 0, 0, 0 ],
[ 0, 3, 6, 1, 3, 2, 1, 177, 354, 59, 177, 118, 59, 0, 0, 0, 0, 0 ],
[ 0, 4, 2, 12, 1, 6, 3, 236, 118, 708, 59, 354, 177, 0, 0, 0, 0, 0 ],
[ 0, 3, 6, 1, 12, 2, 4, 177, 354, 59, 708, 118, 236, 0, 0, 0, 0, 0 ],
[ 0, 1, 2, 3, 1, 6, 3, 59, 118, 177, 59, 354, 177, 0, 0, 0, 0, 0 ],
[ 6936, 1, 2, 3, 4, 6, 12, 59, 118, 177, 236, 354, 708, 0, 0, 0, 0, 0 ]
];
$eqs = [
[ -1, 1, 1, 1, 1, 1, 1, 1, 1, 1, 1, 1, 1, 0, 0, 0, 0, 0 ],
[ -1, 0, 1, 0, 2, 1, 2, 0, 1, 0, 2, 1, 2, -2, 0, 0, 0, 0 ],
[ 0, 0, 0, 1, 0, 1, 1, 0, 0, 1, 0, 1, 1, 0, -2, 0, 0, 0 ],
[ 0, 0, 0, 0, 0, 0, 0, 1, 1, 1, 1, 1, 1, 0, 0, -2, 0, 0 ],
[ 0, 1, 2, 3, 4, 6, 12, 59, 118, 177, 236, 354, 708, 0, 0, 0, -24, 0 ],
[ 0, 708, 354, 236, 177, 118, 59, 12, 6, 4, 3, 2, 1, 0, 0, 0, 0, -24 ]
];
$p = new Polytope(INEQUALITIES=>$ieqs, EQUATIONS=>$eqs);
prefer_now "libnormaliz";
print $p->LATTICE_POINTS_GENERATORS->[0];
