use application "polytope";
use vars '$ieqs', '$eqs', '$p';
$ieqs = [
[ 72, 28, 14, 7, 4, 2, 1, 0, 0, 0, 0 ],
[ 0, 7, 14, 7, 1, 2, 1, 0, 0, 0, 0 ],
[ 0, 7, 14, 28, 1, 2, 4, 0, 0, 0, 0 ],
[ 0, 4, 2, 1, 28, 14, 7, 0, 0, 0, 0 ],
[ 0, 1, 2, 1, 7, 14, 7, 0, 0, 0, 0 ],
[ 24, 1, 2, 4, 7, 14, 28, 0, 0, 0, 0 ]
];
$eqs = [
[ -1, 1, 1, 1, 1, 1, 1, 0, 0, 0, 0 ],
[ -1, 0, 1, 2, 0, 1, 2, -2, 0, 0, 0 ],
[ 0, 0, 0, 0, 1, 1, 1, 0, -2, 0, 0 ],
[ 0, 1, 2, 4, 7, 14, 28, 0, 0, -24, 0 ],
[ 0, 28, 14, 7, 4, 2, 1, 0, 0, 0, -24 ]
];
$p = new Polytope(INEQUALITIES=>$ieqs, EQUATIONS=>$eqs);
print $p->LATTICE_POINTS;
