use application "polytope";
use vars '$ieqs', '$eqs', '$p';
$ieqs = [
[ 0, 888, 444, 296, 222, 148, 111, 74, 37, 24, 12, 8, 6, 4, 3, 2, 1, 0, 0, 0, 0, 0 ],
[ 0, 222, 444, 74, 222, 148, 111, 74, 37, 6, 12, 2, 6, 4, 3, 2, 1, 0, 0, 0, 0, 0 ],
[ 0, 296, 148, 888, 74, 444, 37, 222, 111, 8, 4, 24, 2, 12, 1, 6, 3, 0, 0, 0, 0, 0 ],
[ 0, 111, 222, 37, 444, 74, 222, 148, 74, 3, 6, 1, 12, 2, 6, 4, 2, 0, 0, 0, 0, 0 ],
[ 0, 74, 148, 222, 74, 444, 37, 222, 111, 2, 4, 6, 2, 12, 1, 6, 3, 0, 0, 0, 0, 0 ],
[ 0, 111, 222, 37, 444, 74, 888, 148, 296, 3, 6, 1, 12, 2, 24, 4, 8, 0, 0, 0, 0, 0 ],
[ 0, 37, 74, 111, 148, 222, 74, 444, 222, 1, 2, 3, 4, 6, 2, 12, 6, 0, 0, 0, 0, 0 ],
[ 0, 37, 74, 111, 148, 222, 296, 444, 888, 1, 2, 3, 4, 6, 8, 12, 24, 0, 0, 0, 0, 0 ],
[ 0, 24, 12, 8, 6, 4, 3, 2, 1, 888, 444, 296, 222, 148, 111, 74, 37, 0, 0, 0, 0, 0 ],
[ 0, 6, 12, 2, 6, 4, 3, 2, 1, 222, 444, 74, 222, 148, 111, 74, 37, 0, 0, 0, 0, 0 ],
[ 0, 8, 4, 24, 2, 12, 1, 6, 3, 296, 148, 888, 74, 444, 37, 222, 111, 0, 0, 0, 0, 0 ],
[ 0, 3, 6, 1, 12, 2, 6, 4, 2, 111, 222, 37, 444, 74, 222, 148, 74, 0, 0, 0, 0, 0 ],
[ 0, 2, 4, 6, 2, 12, 1, 6, 3, 74, 148, 222, 74, 444, 37, 222, 111, 0, 0, 0, 0, 0 ],
[ 0, 3, 6, 1, 12, 2, 24, 4, 8, 111, 222, 37, 444, 74, 888, 148, 296, 0, 0, 0, 0, 0 ],
[ 0, 1, 2, 3, 4, 6, 2, 12, 6, 37, 74, 111, 148, 222, 74, 444, 222, 0, 0, 0, 0, 0 ],
[ 4296, 1, 2, 3, 4, 6, 8, 12, 24, 37, 74, 111, 148, 222, 296, 444, 888, 0, 0, 0, 0, 0 ]
];
$eqs = [
[ -1, 1, 1, 1, 1, 1, 1, 1, 1, 1, 1, 1, 1, 1, 1, 1, 1, 0, 0, 0, 0, 0 ],
[ -1, 0, 1, 0, 2, 1, 3, 2, 3, 0, 1, 0, 2, 1, 3, 2, 3, -2, 0, 0, 0, 0 ],
[ 0, 0, 0, 1, 0, 1, 0, 1, 1, 0, 0, 1, 0, 1, 0, 1, 1, 0, -2, 0, 0, 0 ],
[ 0, 0, 0, 0, 0, 0, 0, 0, 0, 1, 1, 1, 1, 1, 1, 1, 1, 0, 0, -2, 0, 0 ],
[ 0, 1, 2, 3, 4, 6, 8, 12, 24, 37, 74, 111, 148, 222, 296, 444, 888, 0, 0, 0, -24, 0 ],
[ 0, 888, 444, 296, 222, 148, 111, 74, 37, 24, 12, 8, 6, 4, 3, 2, 1, 0, 0, 0, 0, -24 ]
];
$p = new Polytope(INEQUALITIES=>$ieqs, EQUATIONS=>$eqs);
prefer_now "libnormaliz";
print $p->LATTICE_POINTS_GENERATORS->[0];
