use application "polytope";
use vars '$ieqs', '$eqs', '$p';
$ieqs = [
[ 0, 652, 326, 163, 4, 2, 1, 0, 0, 0, 0 ],
[ 0, 163, 326, 163, 1, 2, 1, 0, 0, 0, 0 ],
[ 0, 163, 326, 652, 1, 2, 4, 0, 0, 0, 0 ],
[ 0, 4, 2, 1, 652, 326, 163, 0, 0, 0, 0 ],
[ 0, 1, 2, 1, 163, 326, 163, 0, 0, 0, 0 ],
[ 10680, 1, 2, 4, 163, 326, 652, 0, 0, 0, 0 ]
];
$eqs = [
[ -1, 1, 1, 1, 1, 1, 1, 0, 0, 0, 0 ],
[ -1, 0, 1, 2, 0, 1, 2, -2, 0, 0, 0 ],
[ 0, 0, 0, 0, 1, 1, 1, 0, -2, 0, 0 ],
[ 0, 1, 2, 4, 163, 326, 652, 0, 0, -24, 0 ],
[ 0, 652, 326, 163, 4, 2, 1, 0, 0, 0, -24 ]
];
$p = new Polytope(INEQUALITIES=>$ieqs, EQUATIONS=>$eqs);
prefer_now "libnormaliz";
print $p->LATTICE_POINTS_GENERATORS->[0];
