[ PowerSequence(IntegerRing()) |
\[ -7, 20, -8, 1, 5, -10 ],
\[ -5, 10, 0, -1, 7, -10 ],
\[ -5, 12, -4, -1, 5, -6 ],
\[ -3, 6, 0, -3, 11, -10 ],
\[ -3, 10, -4, -3, 15, -14 ],
\[ -2, 1, 6, 0, 4, -8 ],
\[ -2, 3, 2, 0, 2, -4 ],
\[ -2, 5, -2, 0, 0, 0 ],
\[ -2, 7, -2, 0, 6, -8 ],
\[ -1, 0, 4, -5, 17, -14 ],
\[ -1, 2, 0, -5, 15, -10 ],
\[ -1, 3, -1, 3, 10, -13 ],
\[ -1, 3, 1, 3, 2, -7 ],
\[ -1, 7, -3, 3, 6, -11 ],
\[ 0, -3, 6, -2, 8, -8 ],
\[ 0, -1, 2, -2, 6, -4 ],
\[ 0, 0, 1, 6, 1, -7 ],
\[ 0, 1, 2, -2, 12, -12 ],
\[ 1, -4, 8, 1, 5, -10 ],
\[ 1, -3, 5, 1, 8, -11 ],
\[ 1, -2, 4, 1, 3, -6 ],
\[ 1, -1, 1, 1, 6, -7 ],
\[ 1, 0, 0, -7, 25, -18 ],
\[ 1, 0, 0, 1, 1, -2 ],
\[ 1, 0, 0, 9, 1, -10 ],
\[ 1, 1, 3, 1, 4, -9 ],
\[ 1, 2, 0, 1, 7, -10 ],
\[ 1, 3, -1, 1, 2, -5 ],
\[ 2, -2, 3, 4, 3, -9 ],
\[ 3, -3, 3, -1, 8, -9 ],
\[ 3, 1, -1, -1, 12, -13 ],
\[ 3, 5, -3, -1, 8, -11 ],
\[ 4, -2, 1, 2, 3, -7 ],
\[ 5, -2, 0, 5, 3, -10 ],
\[ 6, -4, 3, 0, 5, -9 ],
\[ 9, -4, 0, 1, 5, -10 ]
]
