use application "polytope";
use vars '$ieqs', '$eqs', '$p';
$ieqs = [
[ 0, 748, 374, 187, 68, 44, 34, 22, 17, 11, 4, 2, 1, 0, 0, 0, 0, 0 ],
[ 0, 187, 374, 187, 17, 11, 34, 22, 17, 11, 1, 2, 1, 0, 0, 0, 0, 0 ],
[ 0, 187, 374, 748, 17, 11, 34, 22, 68, 44, 1, 2, 4, 0, 0, 0, 0, 0 ],
[ 0, 68, 34, 17, 748, 4, 374, 2, 187, 1, 44, 22, 11, 0, 0, 0, 0, 0 ],
[ 0, 44, 22, 11, 4, 748, 2, 374, 1, 187, 68, 34, 17, 0, 0, 0, 0, 0 ],
[ 0, 17, 34, 17, 187, 1, 374, 2, 187, 1, 11, 22, 11, 0, 0, 0, 0, 0 ],
[ 0, 11, 22, 11, 1, 187, 2, 374, 1, 187, 17, 34, 17, 0, 0, 0, 0, 0 ],
[ 0, 17, 34, 68, 187, 1, 374, 2, 748, 4, 11, 22, 44, 0, 0, 0, 0, 0 ],
[ 0, 11, 22, 44, 1, 187, 2, 374, 4, 748, 17, 34, 68, 0, 0, 0, 0, 0 ],
[ 0, 4, 2, 1, 44, 68, 22, 34, 11, 17, 748, 374, 187, 0, 0, 0, 0, 0 ],
[ 0, 1, 2, 1, 11, 17, 22, 34, 11, 17, 187, 374, 187, 0, 0, 0, 0, 0 ],
[ 7608, 1, 2, 4, 11, 17, 22, 34, 44, 68, 187, 374, 748, 0, 0, 0, 0, 0 ]
];
$eqs = [
[ -1, 1, 1, 1, 1, 1, 1, 1, 1, 1, 1, 1, 1, 0, 0, 0, 0, 0 ],
[ -1, 0, 1, 2, 0, 0, 1, 1, 2, 2, 0, 1, 2, -2, 0, 0, 0, 0 ],
[ 0, 0, 0, 0, 1, 0, 1, 0, 1, 0, 1, 1, 1, 0, -2, 0, 0, 0 ],
[ 0, 0, 0, 0, 0, 1, 0, 1, 0, 1, 1, 1, 1, 0, 0, -2, 0, 0 ],
[ 0, 1, 2, 4, 11, 17, 22, 34, 44, 68, 187, 374, 748, 0, 0, 0, -24, 0 ],
[ 0, 748, 374, 187, 68, 44, 34, 22, 17, 11, 4, 2, 1, 0, 0, 0, 0, -24 ]
];
$p = new Polytope(INEQUALITIES=>$ieqs, EQUATIONS=>$eqs);
prefer_now "libnormaliz";
print $p->LATTICE_POINTS_GENERATORS->[0];
