[ PowerSequence(IntegerRing()) |
\[ -26, 63, -22, 0, 14, -28 ],
\[ -26, 68, -27, 0, 15, -29 ],
\[ -25, 62, -24, -3, 21, -30 ],
\[ -24, 61, -24, 2, 16, -30 ],
\[ -23, 54, -16, -1, 17, -30 ],
\[ -23, 56, -20, -1, 15, -26 ],
\[ -23, 57, -21, -1, 20, -31 ],
\[ -23, 59, -21, -1, 18, -31 ],
\[ -22, 53, -18, -4, 24, -32 ],
\[ -22, 58, -23, -4, 25, -33 ],
\[ -21, 51, -17, 1, 14, -27 ],
\[ -21, 52, -20, -7, 31, -34 ],
\[ -21, 52, -18, 1, 19, -32 ],
\[ -21, 53, -21, 1, 12, -23 ],
\[ -21, 56, -22, 1, 15, -28 ],
\[ -20, 47, -14, -2, 18, -28 ],
\[ -20, 48, -15, -2, 23, -33 ],
\[ -20, 49, -18, -2, 16, -24 ],
\[ -20, 50, -19, -2, 21, -29 ],
\[ -20, 51, -20, -2, 26, -34 ],
\[ -20, 52, -19, -2, 19, -29 ],
\[ -19, 44, -12, -5, 27, -34 ],
\[ -19, 46, -16, -5, 25, -30 ],
\[ -19, 46, -14, 3, 13, -28 ],
\[ -19, 47, -17, -5, 30, -35 ],
\[ -19, 48, -18, 3, 11, -24 ],
\[ -19, 49, -19, 3, 16, -29 ],
\[ -19, 49, -17, -5, 28, -35 ],
\[ -19, 51, -19, 3, 14, -29 ],
\[ -18, 39, -6, 0, 14, -28 ],
\[ -18, 41, -10, 0, 12, -24 ],
\[ -18, 42, -11, 0, 17, -29 ],
\[ -18, 43, -14, -8, 34, -36 ],
\[ -18, 43, -14, 0, 10, -20 ],
\[ -18, 43, -14, 8, 10, -28 ],
\[ -18, 44, -15, 0, 15, -25 ],
\[ -18, 44, -11, 0, 15, -29 ],
\[ -18, 45, -16, 0, 20, -30 ],
\[ -18, 46, -15, 0, 13, -25 ],
\[ -18, 47, -16, 0, 18, -30 ],
\[ -18, 48, -19, -8, 35, -37 ],
\[ -18, 48, -19, 0, 11, -21 ],
\[ -18, 48, -19, 8, 11, -29 ],
\[ -18, 49, -16, 0, 16, -30 ],
\[ -18, 51, -20, 0, 14, -26 ],
\[ -18, 52, -21, 0, 19, -31 ],
\[ -17, 38, -8, -3, 21, -30 ],
\[ -17, 40, -12, -3, 19, -26 ],
\[ -17, 41, -13, -3, 24, -31 ],
\[ -17, 41, -11, 5, 12, -29 ],
\[ -17, 42, -16, -11, 41, -38 ],
\[ -17, 42, -16, -3, 17, -22 ],
\[ -17, 42, -16, 5, 17, -30 ],
\[ -17, 42, -14, -3, 29, -36 ],
\[ -17, 43, -17, -3, 22, -27 ],
\[ -17, 43, -15, 5, 10, -25 ],
\[ -17, 43, -13, -3, 22, -31 ],
\[ -17, 44, -16, 5, 15, -30 ],
\[ -17, 45, -17, -3, 20, -27 ],
\[ -17, 46, -18, -3, 25, -32 ],
\[ -17, 46, -16, 5, 13, -30 ],
\[ -17, 48, -18, -3, 23, -32 ],
\[ -16, 37, -10, -6, 28, -32 ],
\[ -16, 37, -8, 2, 16, -30 ],
\[ -16, 38, -11, -6, 33, -37 ],
\[ -16, 39, -14, -6, 26, -28 ],
\[ -16, 39, -12, 2, 14, -26 ],
\[ -16, 40, -15, -6, 31, -33 ],
\[ -16, 40, -13, 2, 19, -31 ],
\[ -16, 41, -16, -6, 36, -38 ],
\[ -16, 41, -16, 2, 12, -22 ],
\[ -16, 41, -16, 10, 12, -30 ],
\[ -16, 41, -12, 2, 12, -26 ],
\[ -16, 42, -15, -6, 29, -33 ],
\[ -16, 42, -13, 2, 17, -31 ],
\[ -16, 43, -16, 2, 10, -22 ],
\[ -16, 44, -17, 2, 15, -27 ],
\[ -16, 45, -18, 2, 20, -32 ],
\[ -16, 46, -17, 2, 13, -27 ],
\[ -15, 30, 0, -1, 17, -30 ],
\[ -15, 32, -4, -1, 15, -26 ],
\[ -15, 33, -5, -1, 20, -31 ],
\[ -15, 34, -8, -9, 37, -38 ],
\[ -15, 34, -8, -1, 13, -22 ],
\[ -15, 34, -8, 7, 13, -30 ],
\[ -15, 35, -9, -1, 18, -27 ],
\[ -15, 35, -5, -1, 18, -31 ],
\[ -15, 36, -12, -9, 35, -34 ],
\[ -15, 36, -12, -1, 11, -18 ],
\[ -15, 36, -12, 7, 11, -26 ],
\[ -15, 36, -10, -1, 23, -32 ],
\[ -15, 37, -13, -9, 40, -39 ],
\[ -15, 37, -13, -1, 16, -23 ],
\[ -15, 37, -13, 7, 16, -31 ],
\[ -15, 37, -9, -1, 16, -27 ],
\[ -15, 38, -14, -1, 21, -28 ],
\[ -15, 38, -10, -1, 21, -32 ],
\[ -15, 39, -15, -1, 26, -33 ],
\[ -15, 39, -13, -9, 38, -39 ],
\[ -15, 39, -13, -1, 14, -23 ],
\[ -15, 39, -13, 7, 14, -31 ],
\[ -15, 40, -14, -1, 19, -28 ],
\[ -15, 41, -15, -1, 24, -33 ],
\[ -15, 42, -14, -1, 17, -28 ],
\[ -15, 43, -17, 7, 10, -27 ],
\[ -15, 43, -15, -1, 22, -33 ],
\[ -15, 44, -18, -1, 15, -24 ],
\[ -15, 47, -19, -1, 18, -29 ],
\[ -14, 29, -2, -4, 24, -32 ],
\[ -14, 31, -6, -4, 22, -28 ],
\[ -14, 32, -7, -4, 27, -33 ],
\[ -14, 33, -10, -12, 44, -40 ],
\[ -14, 33, -10, -4, 20, -24 ],
\[ -14, 33, -10, 4, 20, -32 ],
\[ -14, 34, -11, -4, 25, -29 ],
\[ -14, 34, -9, 4, 13, -27 ],
\[ -14, 34, -7, -4, 25, -33 ],
\[ -14, 35, -12, -4, 30, -34 ],
\[ -14, 35, -10, 4, 18, -32 ],
\[ -14, 36, -13, 4, 11, -23 ],
\[ -14, 36, -11, -4, 23, -29 ],
\[ -14, 37, -14, 4, 16, -28 ],
\[ -14, 37, -12, -4, 28, -34 ],
\[ -14, 38, -15, -12, 45, -41 ],
\[ -14, 38, -15, -4, 21, -25 ],
\[ -14, 38, -15, 4, 21, -33 ],
\[ -14, 39, -14, 4, 14, -28 ],
\[ -14, 39, -12, -4, 26, -34 ],
\[ -14, 41, -16, -4, 24, -30 ],
\[ -14, 41, -14, 4, 12, -28 ],
\[ -14, 42, -17, -4, 29, -35 ],
\[ -14, 46, -19, 4, 13, -29 ],
\[ -13, 27, -1, 1, 14, -27 ],
\[ -13, 28, -4, -7, 31, -34 ],
\[ -13, 28, -2, 1, 19, -32 ],
\[ -13, 29, -5, 1, 12, -23 ],
\[ -13, 30, -8, -7, 29, -30 ],
\[ -13, 30, -6, 1, 17, -28 ],
\[ -13, 31, -9, -7, 34, -35 ],
\[ -13, 31, -9, 1, 10, -19 ],
\[ -13, 31, -9, 9, 10, -27 ],
\[ -13, 31, -7, 1, 22, -33 ],
\[ -13, 32, -12, -15, 51, -42 ],
\[ -13, 32, -12, -7, 27, -26 ],
\[ -13, 32, -12, 1, 27, -34 ],
\[ -13, 32, -10, -7, 39, -40 ],
\[ -13, 32, -10, 1, 15, -24 ],
\[ -13, 32, -10, 9, 15, -32 ],
\[ -13, 32, -6, 1, 15, -28 ],
\[ -13, 33, -13, -7, 32, -31 ],
\[ -13, 33, -13, 1, 8, -15 ],
\[ -13, 33, -13, 9, 8, -23 ],
\[ -13, 33, -11, 1, 20, -29 ],
\[ -13, 33, -9, -7, 32, -35 ],
\[ -13, 34, -12, 1, 25, -34 ],
\[ -13, 34, -10, 1, 13, -24 ],
\[ -13, 35, -13, -7, 30, -31 ],
\[ -13, 35, -11, 1, 18, -29 ],
\[ -13, 36, -14, -7, 35, -36 ],
\[ -13, 36, -14, 1, 11, -20 ],
\[ -13, 36, -14, 9, 11, -28 ],
\[ -13, 36, -12, 1, 23, -34 ],
\[ -13, 37, -15, 1, 16, -25 ],
\[ -13, 37, -11, 1, 16, -29 ],
\[ -13, 38, -14, -7, 33, -36 ],
\[ -13, 39, -15, 1, 14, -25 ],
\[ -13, 39, -11, 1, 14, -29 ],
\[ -13, 40, -16, 1, 19, -30 ],
\[ -13, 41, -15, 1, 12, -25 ],
\[ -13, 42, -16, 1, 17, -30 ],
\[ -13, 44, -16, 1, 15, -30 ],
\[ -12, 23, 2, -2, 18, -28 ],
\[ -12, 24, 1, -2, 23, -33 ],
\[ -12, 25, -2, -2, 16, -24 ],
\[ -12, 26, -3, -2, 21, -29 ],
\[ -12, 27, -6, -10, 38, -36 ],
\[ -12, 27, -6, -2, 14, -20 ],
\[ -12, 27, -6, 6, 14, -28 ],
\[ -12, 27, -4, -2, 26, -34 ],
\[ -12, 28, -7, -10, 43, -41 ],
\[ -12, 28, -7, -2, 19, -25 ],
\[ -12, 28, -7, 6, 19, -33 ],
\[ -12, 28, -3, -2, 19, -29 ],
\[ -12, 29, -10, -10, 36, -32 ],
\[ -12, 29, -10, -2, 12, -16 ],
\[ -12, 29, -10, 6, 12, -24 ],
\[ -12, 29, -8, -2, 24, -30 ],
\[ -12, 29, -6, 6, 12, -28 ],
\[ -12, 30, -11, -10, 41, -37 ],
\[ -12, 30, -11, -2, 17, -21 ],
\[ -12, 30, -11, 6, 17, -29 ],
\[ -12, 30, -9, -2, 29, -35 ],
\[ -12, 30, -7, -2, 17, -25 ],
\[ -12, 31, -12, -10, 46, -42 ],
\[ -12, 31, -12, -2, 22, -26 ],
\[ -12, 31, -12, 6, 22, -34 ],
\[ -12, 31, -10, 6, 10, -24 ],
\[ -12, 31, -8, -2, 22, -30 ],
\[ -12, 32, -11, -10, 39, -37 ],
\[ -12, 32, -11, -2, 15, -21 ],
\[ -12, 32, -11, 6, 15, -29 ],
\[ -12, 32, -9, -2, 27, -35 ],
\[ -12, 33, -12, -2, 20, -26 ],
\[ -12, 33, -8, -2, 20, -30 ],
\[ -12, 34, -13, -2, 25, -31 ],
\[ -12, 34, -11, 6, 13, -29 ],
\[ -12, 35, -14, -2, 30, -36 ],
\[ -12, 35, -12, -2, 18, -26 ],
\[ -12, 36, -13, -2, 23, -31 ],
\[ -12, 38, -13, -2, 21, -31 ],
\[ -12, 39, -16, 6, 14, -30 ],
\[ -12, 43, -18, -2, 22, -32 ],
\[ -11, 20, 4, -5, 27, -34 ],
\[ -11, 22, 0, -5, 25, -30 ],
\[ -11, 22, 2, 3, 13, -28 ],
\[ -11, 23, -1, -5, 30, -35 ],
\[ -11, 24, -4, -13, 47, -42 ],
\[ -11, 24, -4, -5, 23, -26 ],
\[ -11, 24, -4, 3, 23, -34 ],
\[ -11, 24, -2, 3, 11, -24 ],
\[ -11, 25, -5, -5, 28, -31 ],
\[ -11, 25, -3, 3, 16, -29 ],
\[ -11, 25, -1, -5, 28, -35 ],
\[ -11, 26, -8, -13, 45, -38 ],
\[ -11, 26, -8, -5, 21, -22 ],
\[ -11, 26, -8, 3, 21, -30 ],
\[ -11, 26, -6, -5, 33, -36 ],
\[ -11, 26, -6, 3, 9, -20 ],
\[ -11, 26, -6, 11, 9, -28 ],
\[ -11, 27, -9, -13, 50, -43 ],
\[ -11, 27, -9, -5, 26, -27 ],
\[ -11, 27, -9, 3, 26, -35 ],
\[ -11, 27, -7, 3, 14, -25 ],
\[ -11, 27, -5, -5, 26, -31 ],
\[ -11, 27, -3, 3, 14, -29 ],
\[ -11, 28, -10, -5, 31, -32 ],
\[ -11, 28, -10, 3, 7, -16 ],
\[ -11, 28, -10, 11, 7, -24 ],
\[ -11, 28, -8, 3, 19, -30 ],
\[ -11, 28, -6, -5, 31, -36 ],
\[ -11, 29, -11, -5, 36, -37 ],
\[ -11, 29, -11, 3, 12, -21 ],
\[ -11, 29, -11, 11, 12, -29 ],
\[ -11, 29, -9, -13, 48, -43 ],
\[ -11, 29, -9, -5, 24, -27 ],
\[ -11, 29, -9, 3, 24, -35 ],
\[ -11, 29, -7, 3, 12, -25 ],
\[ -11, 30, -12, 3, 17, -26 ],
\[ -11, 30, -10, -5, 29, -32 ],
\[ -11, 30, -8, 3, 17, -30 ],
\[ -11, 31, -11, -5, 34, -37 ],
\[ -11, 31, -11, 3, 10, -21 ],
\[ -11, 31, -11, 11, 10, -29 ],
\[ -11, 32, -12, 3, 15, -26 ],
\[ -11, 32, -10, -5, 27, -32 ],
\[ -11, 32, -8, 3, 15, -30 ],
\[ -11, 33, -13, 3, 20, -31 ],
\[ -11, 33, -11, -5, 32, -37 ],
\[ -11, 34, -14, -5, 25, -28 ],
\[ -11, 34, -12, 3, 13, -26 ],
\[ -11, 35, -13, 3, 18, -31 ],
\[ -11, 37, -15, -5, 28, -33 ],
\[ -11, 37, -13, 3, 16, -31 ],
\[ -11, 41, -17, 3, 12, -27 ],
\[ -10, 15, 10, 0, 14, -28 ],
\[ -10, 17, 6, 0, 12, -24 ],
\[ -10, 18, 5, 0, 17, -29 ],
\[ -10, 19, 2, -8, 34, -36 ],
\[ -10, 19, 2, 0, 10, -20 ],
\[ -10, 19, 2, 8, 10, -28 ],
\[ -10, 20, 1, 0, 15, -25 ],
\[ -10, 20, 5, 0, 15, -29 ],
\[ -10, 21, -2, -8, 32, -32 ],
\[ -10, 21, -2, 0, 8, -16 ],
\[ -10, 21, -2, 8, 8, -24 ],
\[ -10, 21, 0, 0, 20, -30 ],
\[ -10, 22, -3, -8, 37, -37 ],
\[ -10, 22, -3, 0, 13, -21 ],
\[ -10, 22, -3, 8, 13, -29 ],
\[ -10, 22, 1, 0, 13, -25 ],
\[ -10, 23, -6, -16, 54, -44 ],
\[ -10, 23, -6, -8, 30, -28 ],
\[ -10, 23, -6, 0, 6, -12 ],
\[ -10, 23, -6, 0, 30, -36 ],
\[ -10, 23, -6, 8, 6, -20 ],
\[ -10, 23, -6, 16, 6, -28 ],
\[ -10, 23, -4, 0, 18, -26 ],
\[ -10, 23, 0, 0, 18, -30 ],
\[ -10, 24, -7, -8, 35, -33 ],
\[ -10, 24, -7, 0, 11, -17 ],
\[ -10, 24, -7, 8, 11, -25 ],
\[ -10, 24, -5, 0, 23, -31 ],
\[ -10, 24, -3, -8, 35, -37 ],
\[ -10, 24, -3, 0, 11, -21 ],
\[ -10, 24, -3, 8, 11, -29 ],
\[ -10, 25, -8, -8, 40, -38 ],
\[ -10, 25, -8, 0, 16, -22 ],
\[ -10, 25, -8, 8, 16, -30 ],
\[ -10, 25, -6, 0, 28, -36 ],
\[ -10, 25, -4, 0, 16, -26 ],
\[ -10, 25, 0, 0, 16, -30 ],
\[ -10, 26, -9, 0, 21, -27 ],
\[ -10, 26, -7, -8, 33, -33 ],
\[ -10, 26, -7, 0, 9, -17 ],
\[ -10, 26, -7, 8, 9, -25 ],
\[ -10, 26, -5, 0, 21, -31 ],
\[ -10, 27, -10, 0, 26, -32 ],
\[ -10, 27, -8, -8, 38, -38 ],
\[ -10, 27, -8, 0, 14, -22 ],
\[ -10, 27, -8, 8, 14, -30 ],
\[ -10, 27, -4, 0, 14, -26 ],
\[ -10, 28, -11, -16, 55, -45 ],
\[ -10, 28, -11, -8, 31, -29 ],
\[ -10, 28, -11, 0, 7, -13 ],
\[ -10, 28, -11, 0, 31, -37 ],
\[ -10, 28, -11, 8, 7, -21 ],
\[ -10, 28, -11, 16, 7, -29 ],
\[ -10, 28, -9, 0, 19, -27 ],
\[ -10, 28, -5, 0, 19, -31 ],
\[ -10, 29, -10, 0, 24, -32 ],
\[ -10, 29, -8, -8, 36, -38 ],
\[ -10, 29, -8, 0, 12, -22 ],
\[ -10, 29, -8, 8, 12, -30 ],
\[ -10, 30, -9, 0, 17, -27 ],
\[ -10, 31, -12, -8, 34, -34 ],
\[ -10, 31, -12, 0, 10, -18 ],
\[ -10, 31, -12, 8, 10, -26 ],
\[ -10, 31, -10, 0, 22, -32 ],
\[ -10, 32, -13, -8, 39, -39 ],
\[ -10, 32, -13, 0, 15, -23 ],
\[ -10, 32, -13, 8, 15, -31 ],
\[ -10, 32, -9, 0, 15, -27 ],
\[ -10, 33, -10, 0, 20, -32 ],
\[ -10, 34, -13, 0, 13, -23 ],
\[ -10, 35, -14, 0, 18, -28 ],
\[ -10, 36, -15, 0, 23, -33 ],
\[ -10, 37, -14, 0, 16, -28 ],
\[ -10, 39, -14, 0, 14, -28 ],
\[ -10, 44, -19, 0, 15, -29 ],
\[ -9, 14, 8, -3, 21, -30 ],
\[ -9, 16, 4, -3, 19, -26 ],
\[ -9, 17, 3, -3, 24, -31 ],
\[ -9, 17, 5, 5, 12, -29 ],
\[ -9, 18, 0, -11, 41, -38 ],
\[ -9, 18, 0, -3, 17, -22 ],
\[ -9, 18, 0, 5, 17, -30 ],
\[ -9, 18, 2, -3, 29, -36 ],
\[ -9, 19, -1, -3, 22, -27 ],
\[ -9, 19, 1, 5, 10, -25 ],
\[ -9, 19, 3, -3, 22, -31 ],
\[ -9, 20, -4, -11, 39, -34 ],
\[ -9, 20, -4, -3, 15, -18 ],
\[ -9, 20, -4, 5, 15, -26 ],
\[ -9, 20, -2, -3, 27, -32 ],
\[ -9, 20, 0, 5, 15, -30 ],
\[ -9, 21, -5, -11, 44, -39 ],
\[ -9, 21, -5, -3, 20, -23 ],
\[ -9, 21, -5, 5, 20, -31 ],
\[ -9, 21, -3, -3, 32, -37 ],
\[ -9, 21, -3, 5, 8, -21 ],
\[ -9, 21, -3, 13, 8, -29 ],
\[ -9, 21, -1, -3, 20, -27 ],
\[ -9, 22, -8, -19, 61, -46 ],
\[ -9, 22, -8, -11, 37, -30 ],
\[ -9, 22, -8, -3, 13, -14 ],
\[ -9, 22, -8, -3, 37, -38 ],
\[ -9, 22, -8, 5, 13, -22 ],
\[ -9, 22, -8, 13, 13, -30 ],
\[ -9, 22, -6, -11, 49, -44 ],
\[ -9, 22, -6, -3, 25, -28 ],
\[ -9, 22, -6, 5, 25, -36 ],
\[ -9, 22, -4, 5, 13, -26 ],
\[ -9, 22, -2, -3, 25, -32 ],
\[ -9, 22, 0, 5, 13, -30 ],
\[ -9, 23, -9, -11, 42, -35 ],
\[ -9, 23, -9, -3, 18, -19 ],
\[ -9, 23, -9, 5, 18, -27 ],
\[ -9, 23, -7, -3, 30, -33 ],
\[ -9, 23, -7, 5, 6, -17 ],
\[ -9, 23, -7, 13, 6, -25 ],
\[ -9, 23, -5, -11, 42, -39 ],
\[ -9, 23, -5, -3, 18, -23 ],
\[ -9, 23, -5, 5, 18, -31 ],
\[ -9, 24, -8, -3, 35, -38 ],
\[ -9, 24, -8, 5, 11, -22 ],
\[ -9, 24, -8, 13, 11, -30 ],
\[ -9, 24, -6, -3, 23, -28 ],
\[ -9, 24, -4, 5, 11, -26 ],
\[ -9, 24, -2, -3, 23, -32 ],
\[ -9, 25, -9, -11, 40, -35 ],
\[ -9, 25, -9, -3, 16, -19 ],
\[ -9, 25, -9, 5, 16, -27 ],
\[ -9, 25, -7, -3, 28, -33 ],
\[ -9, 25, -5, 5, 16, -31 ],
\[ -9, 26, -10, -11, 45, -40 ],
\[ -9, 26, -10, -3, 21, -24 ],
\[ -9, 26, -10, 5, 21, -32 ],
\[ -9, 26, -8, -3, 33, -38 ],
\[ -9, 26, -8, 5, 9, -22 ],
\[ -9, 26, -8, 13, 9, -30 ],
\[ -9, 26, -6, -3, 21, -28 ],
\[ -9, 27, -11, -3, 26, -29 ],
\[ -9, 27, -9, 5, 14, -27 ],
\[ -9, 27, -7, -3, 26, -33 ],
\[ -9, 28, -10, -11, 43, -40 ],
\[ -9, 28, -10, -3, 19, -24 ],
\[ -9, 28, -10, 5, 19, -32 ],
\[ -9, 29, -11, -3, 24, -29 ],
\[ -9, 29, -9, 5, 12, -27 ],
\[ -9, 29, -7, -3, 24, -33 ],
\[ -9, 30, -12, -3, 29, -34 ],
\[ -9, 30, -10, 5, 17, -32 ],
\[ -9, 31, -13, 5, 10, -23 ],
\[ -9, 31, -11, -3, 22, -29 ],
\[ -9, 32, -12, -3, 27, -34 ],
\[ -9, 34, -14, 5, 13, -28 ],
\[ -9, 34, -12, -3, 25, -34 ],
\[ -9, 38, -16, -3, 21, -30 ],
\[ -8, 13, 6, -6, 28, -32 ],
\[ -8, 13, 8, 2, 16, -30 ],
\[ -8, 14, 5, -6, 33, -37 ],
\[ -8, 15, 2, -6, 26, -28 ],
\[ -8, 15, 4, 2, 14, -26 ],
\[ -8, 16, 1, -6, 31, -33 ],
\[ -8, 16, 3, 2, 19, -31 ],
\[ -8, 17, -2, -14, 48, -40 ],
\[ -8, 17, -2, -6, 24, -24 ],
\[ -8, 17, -2, 2, 24, -32 ],
\[ -8, 17, 0, -6, 36, -38 ],
\[ -8, 17, 0, 2, 12, -22 ],
\[ -8, 17, 0, 10, 12, -30 ],
\[ -8, 17, 4, 2, 12, -26 ],
\[ -8, 18, -3, -14, 53, -45 ],
\[ -8, 18, -3, -6, 29, -29 ],
\[ -8, 18, -3, 2, 29, -37 ],
\[ -8, 18, -1, 2, 17, -27 ],
\[ -8, 18, 1, -6, 29, -33 ],
\[ -8, 18, 3, 2, 17, -31 ],
\[ -8, 19, -6, -14, 46, -36 ],
\[ -8, 19, -6, -6, 22, -20 ],
\[ -8, 19, -6, 2, 22, -28 ],
\[ -8, 19, -4, -6, 34, -34 ],
\[ -8, 19, -4, 2, 10, -18 ],
\[ -8, 19, -4, 10, 10, -26 ],
\[ -8, 19, -2, 2, 22, -32 ],
\[ -8, 19, 0, 2, 10, -22 ],
\[ -8, 20, -7, -14, 51, -41 ],
\[ -8, 20, -7, -6, 27, -25 ],
\[ -8, 20, -7, 2, 27, -33 ],
\[ -8, 20, -5, -6, 39, -39 ],
\[ -8, 20, -5, 2, 15, -23 ],
\[ -8, 20, -5, 10, 15, -31 ],
\[ -8, 20, -3, -6, 27, -29 ],
\[ -8, 20, -1, 2, 15, -27 ],
\[ -8, 21, -8, -14, 56, -46 ],
\[ -8, 21, -8, -6, 32, -30 ],
\[ -8, 21, -8, 2, 8, -14 ],
\[ -8, 21, -8, 2, 32, -38 ],
\[ -8, 21, -8, 10, 8, -22 ],
\[ -8, 21, -8, 18, 8, -30 ],
\[ -8, 21, -6, 2, 20, -28 ],
\[ -8, 21, -4, -6, 32, -34 ],
\[ -8, 21, -4, 2, 8, -18 ],
\[ -8, 21, -4, 10, 8, -26 ],
\[ -8, 21, -2, 2, 20, -32 ],
\[ -8, 22, -7, -14, 49, -41 ],
\[ -8, 22, -7, -6, 25, -25 ],
\[ -8, 22, -7, 2, 25, -33 ],
\[ -8, 22, -5, -6, 37, -39 ],
\[ -8, 22, -5, 2, 13, -23 ],
\[ -8, 22, -5, 10, 13, -31 ],
\[ -8, 22, -1, 2, 13, -27 ],
\[ -8, 23, -8, -6, 30, -30 ],
\[ -8, 23, -8, 2, 6, -14 ],
\[ -8, 23, -8, 10, 6, -22 ],
\[ -8, 23, -6, 2, 18, -28 ],
\[ -8, 23, -4, -6, 30, -34 ],
\[ -8, 24, -9, -6, 35, -35 ],
\[ -8, 24, -9, 2, 11, -19 ],
\[ -8, 24, -9, 10, 11, -27 ],
\[ -8, 24, -7, 2, 23, -33 ],
\[ -8, 24, -5, 2, 11, -23 ],
\[ -8, 25, -10, -6, 40, -40 ],
\[ -8, 25, -10, 2, 16, -24 ],
\[ -8, 25, -10, 10, 16, -32 ],
\[ -8, 25, -8, -6, 28, -30 ],
\[ -8, 25, -6, 2, 16, -28 ],
\[ -8, 26, -9, -6, 33, -35 ],
\[ -8, 26, -9, 2, 9, -19 ],
\[ -8, 26, -9, 10, 9, -27 ],
\[ -8, 26, -7, 2, 21, -33 ],
\[ -8, 27, -10, 2, 14, -24 ],
\[ -8, 27, -6, 2, 14, -28 ],
\[ -8, 28, -11, 2, 19, -29 ],
\[ -8, 28, -9, -6, 31, -35 ],
\[ -8, 29, -12, 2, 24, -34 ],
\[ -8, 29, -10, 2, 12, -24 ],
\[ -8, 30, -11, 2, 17, -29 ],
\[ -8, 32, -11, 2, 15, -29 ],
\[ -8, 33, -14, -6, 32, -36 ],
\[ -8, 37, -16, 2, 16, -30 ],
\[ -7, 6, 16, -1, 17, -30 ],
\[ -7, 8, 12, -1, 15, -26 ],
\[ -7, 9, 11, -1, 20, -31 ],
\[ -7, 10, 8, -9, 37, -38 ],
\[ -7, 10, 8, -1, 13, -22 ],
\[ -7, 10, 8, 7, 13, -30 ],
\[ -7, 11, 7, -1, 18, -27 ],
\[ -7, 11, 11, -1, 18, -31 ],
\[ -7, 12, 4, -9, 35, -34 ],
\[ -7, 12, 4, -1, 11, -18 ],
\[ -7, 12, 4, 7, 11, -26 ],
\[ -7, 12, 6, -1, 23, -32 ],
\[ -7, 13, 3, -9, 40, -39 ],
\[ -7, 13, 3, -1, 16, -23 ],
\[ -7, 13, 3, 7, 16, -31 ],
\[ -7, 13, 7, -1, 16, -27 ],
\[ -7, 14, 0, -17, 57, -46 ],
\[ -7, 14, 0, -9, 33, -30 ],
\[ -7, 14, 0, -1, 9, -14 ],
\[ -7, 14, 0, -1, 33, -38 ],
\[ -7, 14, 0, 7, 9, -22 ],
\[ -7, 14, 0, 15, 9, -30 ],
\[ -7, 14, 2, -1, 21, -28 ],
\[ -7, 14, 6, -1, 21, -32 ],
\[ -7, 15, -1, -9, 38, -35 ],
\[ -7, 15, -1, -1, 14, -19 ],
\[ -7, 15, -1, 7, 14, -27 ],
\[ -7, 15, 1, -1, 26, -33 ],
\[ -7, 15, 3, -9, 38, -39 ],
\[ -7, 15, 3, -1, 14, -23 ],
\[ -7, 15, 3, 7, 14, -31 ],
\[ -7, 16, -4, -17, 55, -42 ],
\[ -7, 16, -4, -9, 31, -26 ],
\[ -7, 16, -4, -1, 7, -10 ],
\[ -7, 16, -4, -1, 31, -34 ],
\[ -7, 16, -4, 7, 7, -18 ],
\[ -7, 16, -4, 15, 7, -26 ],
\[ -7, 16, -2, -9, 43, -40 ],
\[ -7, 16, -2, -1, 19, -24 ],
\[ -7, 16, -2, 7, 19, -32 ],
\[ -7, 16, 2, -1, 19, -28 ],
\[ -7, 17, -5, -17, 60, -47 ],
\[ -7, 17, -5, -9, 36, -31 ],
\[ -7, 17, -5, -1, 12, -15 ],
\[ -7, 17, -5, -1, 36, -39 ],
\[ -7, 17, -5, 7, 12, -23 ],
\[ -7, 17, -5, 15, 12, -31 ],
\[ -7, 17, -3, -1, 24, -29 ],
\[ -7, 17, -1, -9, 36, -35 ],
\[ -7, 17, -1, -1, 12, -19 ],
\[ -7, 17, -1, 7, 12, -27 ],
\[ -7, 17, 1, -1, 24, -33 ],
\[ -7, 18, -6, -9, 41, -36 ],
\[ -7, 18, -6, -1, 17, -20 ],
\[ -7, 18, -6, 7, 17, -28 ],
\[ -7, 18, -4, -1, 29, -34 ],
\[ -7, 18, -2, -9, 41, -40 ],
\[ -7, 18, -2, -1, 17, -24 ],
\[ -7, 18, -2, 7, 17, -32 ],
\[ -7, 18, 2, -1, 17, -28 ],
\[ -7, 19, -7, -9, 46, -41 ],
\[ -7, 19, -7, -1, 22, -25 ],
\[ -7, 19, -7, 7, 22, -33 ],
\[ -7, 19, -5, -17, 58, -47 ],
\[ -7, 19, -5, -9, 34, -31 ],
\[ -7, 19, -5, -1, 10, -15 ],
\[ -7, 19, -5, -1, 34, -39 ],
\[ -7, 19, -5, 7, 10, -23 ],
\[ -7, 19, -5, 15, 10, -31 ],
\[ -7, 19, -3, -1, 22, -29 ],
\[ -7, 19, -1, 7, 10, -27 ],
\[ -7, 19, 1, -1, 22, -33 ],
\[ -7, 20, -8, -1, 27, -30 ],
\[ -7, 20, -6, -9, 39, -36 ],
\[ -7, 20, -6, -1, 15, -20 ],
\[ -7, 20, -6, 7, 15, -28 ],
\[ -7, 20, -4, -1, 27, -34 ],
\[ -7, 20, -2, -1, 15, -24 ],
\[ -7, 21, -7, -9, 44, -41 ],
\[ -7, 21, -7, -1, 20, -25 ],
\[ -7, 21, -7, 7, 20, -33 ],
\[ -7, 21, -5, 7, 8, -23 ],
\[ -7, 21, -3, -1, 20, -29 ],
\[ -7, 22, -8, -1, 25, -30 ],
\[ -7, 22, -6, -9, 37, -36 ],
\[ -7, 22, -6, -1, 13, -20 ],
\[ -7, 22, -6, 7, 13, -28 ],
\[ -7, 22, -4, -1, 25, -34 ],
\[ -7, 23, -9, -1, 30, -35 ],
\[ -7, 23, -9, 7, 6, -19 ],
\[ -7, 23, -9, 15, 6, -27 ],
\[ -7, 23, -7, -9, 42, -41 ],
\[ -7, 23, -7, -1, 18, -25 ],
\[ -7, 23, -7, 7, 18, -33 ],
\[ -7, 23, -3, -1, 18, -29 ],
\[ -7, 24, -10, -9, 35, -32 ],
\[ -7, 24, -10, -1, 11, -16 ],
\[ -7, 24, -10, 7, 11, -24 ],
\[ -7, 24, -8, -1, 23, -30 ],
\[ -7, 24, -6, 7, 11, -28 ],
\[ -7, 25, -9, -1, 28, -35 ],
\[ -7, 25, -7, -1, 16, -25 ],
\[ -7, 26, -10, 7, 9, -24 ],
\[ -7, 26, -8, -1, 21, -30 ],
\[ -7, 27, -11, -9, 38, -37 ],
\[ -7, 27, -11, -1, 14, -21 ],
\[ -7, 27, -11, 7, 14, -29 ],
\[ -7, 27, -9, -1, 26, -35 ],
\[ -7, 28, -12, -1, 19, -26 ],
\[ -7, 28, -8, -1, 19, -30 ],
\[ -7, 29, -11, 7, 12, -29 ],
\[ -7, 30, -12, -1, 17, -26 ],
\[ -7, 30, -8, -1, 17, -30 ],
\[ -7, 31, -13, -1, 22, -31 ],
\[ -7, 32, -12, -1, 15, -26 ],
\[ -7, 33, -13, -1, 20, -31 ],
\[ -7, 35, -13, -1, 18, -31 ],
\[ -6, 5, 14, -4, 24, -32 ],
\[ -6, 7, 10, -4, 22, -28 ],
\[ -6, 8, 9, -4, 27, -33 ],
\[ -6, 9, 6, -12, 44, -40 ],
\[ -6, 9, 6, -4, 20, -24 ],
\[ -6, 9, 6, 4, 20, -32 ],
\[ -6, 10, 5, -4, 25, -29 ],
\[ -6, 10, 7, 4, 13, -27 ],
\[ -6, 10, 9, -4, 25, -33 ],
\[ -6, 11, 2, -12, 42, -36 ],
\[ -6, 11, 2, -4, 18, -20 ],
\[ -6, 11, 2, 4, 18, -28 ],
\[ -6, 11, 4, -4, 30, -34 ],
\[ -6, 11, 6, 4, 18, -32 ],
\[ -6, 12, 1, -12, 47, -41 ],
\[ -6, 12, 1, -4, 23, -25 ],
\[ -6, 12, 1, 4, 23, -33 ],
\[ -6, 12, 3, 4, 11, -23 ],
\[ -6, 12, 5, -4, 23, -29 ],
\[ -6, 13, -2, -20, 64, -48 ],
\[ -6, 13, -2, -12, 40, -32 ],
\[ -6, 13, -2, -4, 16, -16 ],
\[ -6, 13, -2, -4, 40, -40 ],
\[ -6, 13, -2, 4, 16, -24 ],
\[ -6, 13, -2, 12, 16, -32 ],
\[ -6, 13, 0, -4, 28, -30 ],
\[ -6, 13, 2, 4, 16, -28 ],
\[ -6, 13, 4, -4, 28, -34 ],
\[ -6, 14, -3, -12, 45, -37 ],
\[ -6, 14, -3, -4, 21, -21 ],
\[ -6, 14, -3, 4, 21, -29 ],
\[ -6, 14, -1, -4, 33, -35 ],
\[ -6, 14, -1, 4, 9, -19 ],
\[ -6, 14, -1, 12, 9, -27 ],
\[ -6, 14, 1, -12, 45, -41 ],
\[ -6, 14, 1, -4, 21, -25 ],
\[ -6, 14, 1, 4, 21, -33 ],
\[ -6, 15, -4, -12, 50, -42 ],
\[ -6, 15, -4, -4, 26, -26 ],
\[ -6, 15, -4, 4, 26, -34 ],
\[ -6, 15, -2, -4, 38, -40 ],
\[ -6, 15, -2, 4, 14, -24 ],
\[ -6, 15, -2, 12, 14, -32 ],
\[ -6, 15, 0, -4, 26, -30 ],
\[ -6, 15, 2, 4, 14, -28 ],
\[ -6, 15, 4, -4, 26, -34 ],
\[ -6, 16, -5, -4, 31, -31 ],
\[ -6, 16, -5, 4, 7, -15 ],
\[ -6, 16, -5, 12, 7, -23 ],
\[ -6, 16, -3, -12, 43, -37 ],
\[ -6, 16, -3, -4, 19, -21 ],
\[ -6, 16, -3, 4, 19, -29 ],
\[ -6, 16, -1, -4, 31, -35 ],
\[ -6, 17, -6, -4, 36, -36 ],
\[ -6, 17, -6, 4, 12, -20 ],
\[ -6, 17, -6, 12, 12, -28 ],
\[ -6, 17, -4, -12, 48, -42 ],
\[ -6, 17, -4, -4, 24, -26 ],
\[ -6, 17, -4, 4, 24, -34 ],
\[ -6, 17, -2, 4, 12, -24 ],
\[ -6, 17, 0, -4, 24, -30 ],
\[ -6, 17, 2, 4, 12, -28 ],
\[ -6, 18, -7, -20, 65, -49 ],
\[ -6, 18, -7, -12, 41, -33 ],
\[ -6, 18, -7, -4, 17, -17 ],
\[ -6, 18, -7, -4, 41, -41 ],
\[ -6, 18, -7, 4, 17, -25 ],
\[ -6, 18, -7, 12, 17, -33 ],
\[ -6, 18, -5, -4, 29, -31 ],
\[ -6, 18, -3, 4, 17, -29 ],
\[ -6, 18, -1, -4, 29, -35 ],
\[ -6, 19, -6, -4, 34, -36 ],
\[ -6, 19, -6, 4, 10, -20 ],
\[ -6, 19, -6, 12, 10, -28 ],
\[ -6, 19, -4, -12, 46, -42 ],
\[ -6, 19, -4, -4, 22, -26 ],
\[ -6, 19, -4, 4, 22, -34 ],
\[ -6, 19, -2, 4, 10, -24 ],
\[ -6, 20, -7, 4, 15, -25 ],
\[ -6, 20, -5, -4, 27, -31 ],
\[ -6, 20, -3, 4, 15, -29 ],
\[ -6, 21, -8, -12, 44, -38 ],
\[ -6, 21, -8, -4, 20, -22 ],
\[ -6, 21, -8, 4, 20, -30 ],
\[ -6, 21, -6, -4, 32, -36 ],
\[ -6, 21, -6, 4, 8, -20 ],
\[ -6, 21, -6, 12, 8, -28 ],
\[ -6, 22, -9, -12, 49, -43 ],
\[ -6, 22, -9, -4, 25, -27 ],
\[ -6, 22, -9, 4, 25, -35 ],
\[ -6, 22, -7, 4, 13, -25 ],
\[ -6, 22, -5, -4, 25, -31 ],
\[ -6, 22, -3, 4, 13, -29 ],
\[ -6, 23, -8, 4, 18, -30 ],
\[ -6, 23, -6, -4, 30, -36 ],
\[ -6, 24, -9, -4, 23, -27 ],
\[ -6, 24, -7, 4, 11, -25 ],
\[ -6, 25, -10, -4, 28, -32 ],
\[ -6, 25, -8, 4, 16, -30 ],
\[ -6, 26, -11, -4, 33, -37 ],
\[ -6, 26, -11, 4, 9, -21 ],
\[ -6, 26, -11, 12, 9, -29 ],
\[ -6, 27, -10, -4, 26, -32 ],
\[ -6, 27, -8, 4, 14, -30 ],
\[ -6, 29, -12, 4, 12, -26 ],
\[ -6, 29, -10, -4, 24, -32 ],
\[ -6, 30, -13, 4, 17, -31 ],
\[ -6, 34, -15, -4, 25, -33 ],
\[ -5, 3, 15, 1, 14, -27 ],
\[ -5, 4, 12, -7, 31, -34 ],
\[ -5, 4, 14, 1, 19, -32 ],
\[ -5, 5, 11, 1, 12, -23 ],
\[ -5, 6, 8, -7, 29, -30 ],
\[ -5, 6, 10, 1, 17, -28 ],
\[ -5, 7, 7, -7, 34, -35 ],
\[ -5, 7, 7, 1, 10, -19 ],
\[ -5, 7, 7, 9, 10, -27 ],
\[ -5, 7, 9, 1, 22, -33 ],
\[ -5, 8, 4, -15, 51, -42 ],
\[ -5, 8, 4, -7, 27, -26 ],
\[ -5, 8, 4, 1, 27, -34 ],
\[ -5, 8, 6, -7, 39, -40 ],
\[ -5, 8, 6, 1, 15, -24 ],
\[ -5, 8, 6, 9, 15, -32 ],
\[ -5, 8, 10, 1, 15, -28 ],
\[ -5, 9, 3, -7, 32, -31 ],
\[ -5, 9, 3, 1, 8, -15 ],
\[ -5, 9, 3, 9, 8, -23 ],
\[ -5, 9, 5, 1, 20, -29 ],
\[ -5, 9, 7, -7, 32, -35 ],
\[ -5, 10, 0, -15, 49, -38 ],
\[ -5, 10, 0, -7, 25, -22 ],
\[ -5, 10, 0, 1, 25, -30 ],
\[ -5, 10, 2, -7, 37, -36 ],
\[ -5, 10, 2, 1, 13, -20 ],
\[ -5, 10, 2, 9, 13, -28 ],
\[ -5, 10, 4, 1, 25, -34 ],
\[ -5, 10, 6, 1, 13, -24 ],
\[ -5, 11, -1, -15, 54, -43 ],
\[ -5, 11, -1, -7, 30, -27 ],
\[ -5, 11, -1, 1, 6, -11 ],
\[ -5, 11, -1, 1, 30, -35 ],
\[ -5, 11, -1, 9, 6, -19 ],
\[ -5, 11, -1, 17, 6, -27 ],
\[ -5, 11, 1, -7, 42, -41 ],
\[ -5, 11, 1, 1, 18, -25 ],
\[ -5, 11, 1, 9, 18, -33 ],
\[ -5, 11, 3, -7, 30, -31 ],
\[ -5, 11, 5, 1, 18, -29 ],
\[ -5, 12, -4, -23, 71, -50 ],
\[ -5, 12, -4, -15, 47, -34 ],
\[ -5, 12, -4, -7, 23, -18 ],
\[ -5, 12, -4, -7, 47, -42 ],
\[ -5, 12, -4, 1, 23, -26 ],
\[ -5, 12, -4, 9, 23, -34 ],
\[ -5, 12, -2, -15, 59, -48 ],
\[ -5, 12, -2, -7, 35, -32 ],
\[ -5, 12, -2, 1, 11, -16 ],
\[ -5, 12, -2, 1, 35, -40 ],
\[ -5, 12, -2, 9, 11, -24 ],
\[ -5, 12, -2, 17, 11, -32 ],
\[ -5, 12, 0, 1, 23, -30 ],
\[ -5, 12, 2, -7, 35, -36 ],
\[ -5, 12, 2, 1, 11, -20 ],
\[ -5, 12, 2, 9, 11, -28 ],
\[ -5, 12, 4, 1, 23, -34 ],
\[ -5, 13, -5, -15, 52, -39 ],
\[ -5, 13, -5, -7, 28, -23 ],
\[ -5, 13, -5, 1, 4, -7 ],
\[ -5, 13, -5, 1, 28, -31 ],
\[ -5, 13, -5, 9, 4, -15 ],
\[ -5, 13, -5, 17, 4, -23 ],
\[ -5, 13, -3, -7, 40, -37 ],
\[ -5, 13, -3, 1, 16, -21 ],
\[ -5, 13, -3, 9, 16, -29 ],
\[ -5, 13, -1, -15, 52, -43 ],
\[ -5, 13, -1, -7, 28, -27 ],
\[ -5, 13, -1, 1, 28, -35 ],
\[ -5, 13, 1, 1, 16, -25 ],
\[ -5, 13, 5, 1, 16, -29 ],
\[ -5, 14, -4, -7, 45, -42 ],
\[ -5, 14, -4, 1, 21, -26 ],
\[ -5, 14, -4, 9, 21, -34 ],
\[ -5, 14, -2, -7, 33, -32 ],
\[ -5, 14, -2, 1, 9, -16 ],
\[ -5, 14, -2, 9, 9, -24 ],
\[ -5, 14, 0, 1, 21, -30 ],
\[ -5, 14, 2, -7, 33, -36 ],
\[ -5, 15, -5, -15, 50, -39 ],
\[ -5, 15, -5, -7, 26, -23 ],
\[ -5, 15, -5, 1, 26, -31 ],
\[ -5, 15, -3, -7, 38, -37 ],
\[ -5, 15, -3, 1, 14, -21 ],
\[ -5, 15, -3, 9, 14, -29 ],
\[ -5, 15, -1, 1, 26, -35 ],
\[ -5, 15, 1, 1, 14, -25 ],
\[ -5, 15, 5, 1, 14, -29 ],
\[ -5, 16, -6, -15, 55, -44 ],
\[ -5, 16, -6, -7, 31, -28 ],
\[ -5, 16, -6, 1, 7, -12 ],
\[ -5, 16, -6, 1, 31, -36 ],
\[ -5, 16, -6, 9, 7, -20 ],
\[ -5, 16, -6, 17, 7, -28 ],
\[ -5, 16, -4, -7, 43, -42 ],
\[ -5, 16, -4, 1, 19, -26 ],
\[ -5, 16, -4, 9, 19, -34 ],
\[ -5, 16, -2, -7, 31, -32 ],
\[ -5, 16, 0, 1, 19, -30 ],
\[ -5, 17, -7, -7, 36, -33 ],
\[ -5, 17, -7, 1, 12, -17 ],
\[ -5, 17, -7, 9, 12, -25 ],
\[ -5, 17, -5, 1, 24, -31 ],
\[ -5, 17, -3, -7, 36, -37 ],
\[ -5, 17, -3, 1, 12, -21 ],
\[ -5, 17, -3, 9, 12, -29 ],
\[ -5, 17, 1, 1, 12, -25 ],
\[ -5, 18, -6, -15, 53, -44 ],
\[ -5, 18, -6, -7, 29, -28 ],
\[ -5, 18, -6, 1, 29, -36 ],
\[ -5, 18, -4, 1, 17, -26 ],
\[ -5, 18, 0, 1, 17, -30 ],
\[ -5, 19, -7, -7, 34, -33 ],
\[ -5, 19, -7, 1, 10, -17 ],
\[ -5, 19, -7, 9, 10, -25 ],
\[ -5, 19, -5, 1, 22, -31 ],
\[ -5, 19, -3, -7, 34, -37 ],
\[ -5, 19, -3, 1, 10, -21 ],
\[ -5, 19, -3, 9, 10, -29 ],
\[ -5, 20, -8, -7, 39, -38 ],
\[ -5, 20, -8, 1, 15, -22 ],
\[ -5, 20, -8, 9, 15, -30 ],
\[ -5, 20, -6, 1, 27, -36 ],
\[ -5, 20, -4, 1, 15, -26 ],
\[ -5, 20, 0, 1, 15, -30 ],
\[ -5, 21, -9, 1, 20, -27 ],
\[ -5, 21, -7, -7, 32, -33 ],
\[ -5, 21, -7, 1, 8, -17 ],
\[ -5, 21, -7, 9, 8, -25 ],
\[ -5, 21, -5, 1, 20, -31 ],
\[ -5, 22, -8, -7, 37, -38 ],
\[ -5, 22, -8, 1, 13, -22 ],
\[ -5, 22, -8, 9, 13, -30 ],
\[ -5, 22, -4, 1, 13, -26 ],
\[ -5, 23, -9, 1, 18, -27 ],
\[ -5, 23, -5, 1, 18, -31 ],
\[ -5, 24, -10, 1, 23, -32 ],
\[ -5, 24, -8, -7, 35, -38 ],
\[ -5, 24, -8, 1, 11, -22 ],
\[ -5, 24, -8, 9, 11, -30 ],
\[ -5, 25, -9, 1, 16, -27 ],
\[ -5, 26, -10, 1, 21, -32 ],
\[ -5, 27, -9, 1, 14, -27 ],
\[ -5, 28, -12, -7, 31, -34 ],
\[ -5, 28, -10, 1, 19, -32 ],
\[ -5, 29, -13, 1, 12, -23 ],
\[ -5, 32, -14, 1, 15, -28 ],
\[ -4, -1, 18, -2, 18, -28 ],
\[ -4, 0, 17, -2, 23, -33 ],
\[ -4, 1, 14, -2, 16, -24 ],
\[ -4, 2, 13, -2, 21, -29 ],
\[ -4, 3, 10, -10, 38, -36 ],
\[ -4, 3, 10, -2, 14, -20 ],
\[ -4, 3, 10, 6, 14, -28 ],
\[ -4, 3, 12, -2, 26, -34 ],
\[ -4, 4, 9, -10, 43, -41 ],
\[ -4, 4, 9, -2, 19, -25 ],
\[ -4, 4, 9, 6, 19, -33 ],
\[ -4, 4, 13, -2, 19, -29 ],
\[ -4, 5, 6, -10, 36, -32 ],
\[ -4, 5, 6, -2, 12, -16 ],
\[ -4, 5, 6, 6, 12, -24 ],
\[ -4, 5, 8, -2, 24, -30 ],
\[ -4, 5, 10, 6, 12, -28 ],
\[ -4, 6, 5, -10, 41, -37 ],
\[ -4, 6, 5, -2, 17, -21 ],
\[ -4, 6, 5, 6, 17, -29 ],
\[ -4, 6, 7, -2, 29, -35 ],
\[ -4, 6, 9, -2, 17, -25 ],
\[ -4, 7, 2, -18, 58, -44 ],
\[ -4, 7, 2, -10, 34, -28 ],
\[ -4, 7, 2, -2, 10, -12 ],
\[ -4, 7, 2, -2, 34, -36 ],
\[ -4, 7, 2, 6, 10, -20 ],
\[ -4, 7, 2, 14, 10, -28 ],
\[ -4, 7, 4, -10, 46, -42 ],
\[ -4, 7, 4, -2, 22, -26 ],
\[ -4, 7, 4, 6, 22, -34 ],
\[ -4, 7, 6, 6, 10, -24 ],
\[ -4, 7, 8, -2, 22, -30 ],
\[ -4, 8, 1, -18, 63, -49 ],
\[ -4, 8, 1, -10, 39, -33 ],
\[ -4, 8, 1, -2, 15, -17 ],
\[ -4, 8, 1, -2, 39, -41 ],
\[ -4, 8, 1, 6, 15, -25 ],
\[ -4, 8, 1, 14, 15, -33 ],
\[ -4, 8, 3, -2, 27, -31 ],
\[ -4, 8, 5, -10, 39, -37 ],
\[ -4, 8, 5, -2, 15, -21 ],
\[ -4, 8, 5, 6, 15, -29 ],
\[ -4, 8, 7, -2, 27, -35 ],
\[ -4, 9, -2, -18, 56, -40 ],
\[ -4, 9, -2, -10, 32, -24 ],
\[ -4, 9, -2, -2, 8, -8 ],
\[ -4, 9, -2, -2, 32, -32 ],
\[ -4, 9, -2, 6, 8, -16 ],
\[ -4, 9, -2, 14, 8, -24 ],
\[ -4, 9, 0, -10, 44, -38 ],
\[ -4, 9, 0, -2, 20, -22 ],
\[ -4, 9, 0, 6, 20, -30 ],
\[ -4, 9, 2, -2, 32, -36 ],
\[ -4, 9, 2, 6, 8, -20 ],
\[ -4, 9, 2, 14, 8, -28 ],
\[ -4, 9, 4, -2, 20, -26 ],
\[ -4, 9, 8, -2, 20, -30 ],
\[ -4, 10, -3, -18, 61, -45 ],
\[ -4, 10, -3, -10, 37, -29 ],
\[ -4, 10, -3, -2, 13, -13 ],
\[ -4, 10, -3, -2, 37, -37 ],
\[ -4, 10, -3, 6, 13, -21 ],
\[ -4, 10, -3, 14, 13, -29 ],
\[ -4, 10, -1, -10, 49, -43 ],
\[ -4, 10, -1, -2, 25, -27 ],
\[ -4, 10, -1, 6, 25, -35 ],
\[ -4, 10, 1, -10, 37, -33 ],
\[ -4, 10, 1, -2, 13, -17 ],
\[ -4, 10, 1, 6, 13, -25 ],
\[ -4, 10, 3, -2, 25, -31 ],
\[ -4, 10, 5, 6, 13, -29 ],
\[ -4, 11, -4, -18, 66, -50 ],
\[ -4, 11, -4, -10, 42, -34 ],
\[ -4, 11, -4, -2, 18, -18 ],
\[ -4, 11, -4, -2, 42, -42 ],
\[ -4, 11, -4, 6, 18, -26 ],
\[ -4, 11, -4, 14, 18, -34 ],
\[ -4, 11, -2, -2, 30, -32 ],
\[ -4, 11, -2, 6, 6, -16 ],
\[ -4, 11, -2, 14, 6, -24 ],
\[ -4, 11, 0, -10, 42, -38 ],
\[ -4, 11, 0, -2, 18, -22 ],
\[ -4, 11, 0, 6, 18, -30 ],
\[ -4, 11, 2, -2, 30, -36 ],
\[ -4, 11, 4, -2, 18, -26 ],
\[ -4, 12, -3, -18, 59, -45 ],
\[ -4, 12, -3, -10, 35, -29 ],
\[ -4, 12, -3, -2, 11, -13 ],
\[ -4, 12, -3, -2, 35, -37 ],
\[ -4, 12, -3, 6, 11, -21 ],
\[ -4, 12, -3, 14, 11, -29 ],
\[ -4, 12, -1, -10, 47, -43 ],
\[ -4, 12, -1, -2, 23, -27 ],
\[ -4, 12, -1, 6, 23, -35 ],
\[ -4, 12, 1, 6, 11, -25 ],
\[ -4, 12, 3, -2, 23, -31 ],
\[ -4, 13, -4, -10, 40, -34 ],
\[ -4, 13, -4, -2, 16, -18 ],
\[ -4, 13, -4, 6, 16, -26 ],
\[ -4, 13, -2, -2, 28, -32 ],
\[ -4, 13, 0, -10, 40, -38 ],
\[ -4, 13, 0, -2, 16, -22 ],
\[ -4, 13, 0, 6, 16, -30 ],
\[ -4, 14, -5, -10, 45, -39 ],
\[ -4, 14, -5, -2, 21, -23 ],
\[ -4, 14, -5, 6, 21, -31 ],
\[ -4, 14, -3, -2, 33, -37 ],
\[ -4, 14, -3, 6, 9, -21 ],
\[ -4, 14, -3, 14, 9, -29 ],
\[ -4, 14, -1, -2, 21, -27 ],
\[ -4, 14, 3, -2, 21, -31 ],
\[ -4, 15, -6, -10, 50, -44 ],
\[ -4, 15, -6, -2, 26, -28 ],
\[ -4, 15, -6, 6, 26, -36 ],
\[ -4, 15, -4, -10, 38, -34 ],
\[ -4, 15, -4, -2, 14, -18 ],
\[ -4, 15, -4, 6, 14, -26 ],
\[ -4, 15, -2, -2, 26, -32 ],
\[ -4, 15, 0, 6, 14, -30 ],
\[ -4, 16, -5, -10, 43, -39 ],
\[ -4, 16, -5, -2, 19, -23 ],
\[ -4, 16, -5, 6, 19, -31 ],
\[ -4, 16, -3, -2, 31, -37 ],
\[ -4, 16, -1, -2, 19, -27 ],
\[ -4, 17, -6, -2, 24, -28 ],
\[ -4, 17, -4, 6, 12, -26 ],
\[ -4, 17, -2, -2, 24, -32 ],
\[ -4, 18, -7, -2, 29, -33 ],
\[ -4, 18, -5, -10, 41, -39 ],
\[ -4, 18, -5, -2, 17, -23 ],
\[ -4, 18, -5, 6, 17, -31 ],
\[ -4, 19, -8, -2, 34, -38 ],
\[ -4, 19, -8, 6, 10, -22 ],
\[ -4, 19, -8, 14, 10, -30 ],
\[ -4, 19, -6, -2, 22, -28 ],
\[ -4, 19, -4, 6, 10, -26 ],
\[ -4, 19, -2, -2, 22, -32 ],
\[ -4, 20, -7, -2, 27, -33 ],
\[ -4, 20, -5, 6, 15, -31 ],
\[ -4, 21, -8, 6, 8, -22 ],
\[ -4, 21, -6, -2, 20, -28 ],
\[ -4, 22, -9, 6, 13, -27 ],
\[ -4, 22, -7, -2, 25, -33 ],
\[ -4, 23, -10, -10, 42, -40 ],
\[ -4, 23, -10, -2, 18, -24 ],
\[ -4, 23, -10, 6, 18, -32 ],
\[ -4, 23, -6, -2, 18, -28 ],
\[ -4, 24, -9, 6, 11, -27 ],
\[ -4, 24, -7, -2, 23, -33 ],
\[ -4, 25, -10, -2, 16, -24 ],
\[ -4, 26, -11, -2, 21, -29 ],
\[ -4, 27, -12, -2, 26, -34 ],
\[ -4, 28, -11, -2, 19, -29 ],
\[ -3, -4, 20, -5, 27, -34 ],
\[ -3, -2, 16, -5, 25, -30 ],
\[ -3, -2, 18, 3, 13, -28 ],
\[ -3, -1, 15, -5, 30, -35 ],
\[ -3, 0, 12, -13, 47, -42 ],
\[ -3, 0, 12, -5, 23, -26 ],
\[ -3, 0, 12, 3, 23, -34 ],
\[ -3, 0, 14, 3, 11, -24 ],
\[ -3, 1, 11, -5, 28, -31 ],
\[ -3, 1, 13, 3, 16, -29 ],
\[ -3, 1, 15, -5, 28, -35 ],
\[ -3, 2, 8, -13, 45, -38 ],
\[ -3, 2, 8, -5, 21, -22 ],
\[ -3, 2, 8, 3, 21, -30 ],
\[ -3, 2, 10, -5, 33, -36 ],
\[ -3, 2, 10, 3, 9, -20 ],
\[ -3, 2, 10, 11, 9, -28 ],
\[ -3, 3, 7, -13, 50, -43 ],
\[ -3, 3, 7, -5, 26, -27 ],
\[ -3, 3, 7, 3, 26, -35 ],
\[ -3, 3, 9, 3, 14, -25 ],
\[ -3, 3, 11, -5, 26, -31 ],
\[ -3, 3, 13, 3, 14, -29 ],
\[ -3, 4, 4, -21, 67, -50 ],
\[ -3, 4, 4, -13, 43, -34 ],
\[ -3, 4, 4, -5, 19, -18 ],
\[ -3, 4, 4, -5, 43, -42 ],
\[ -3, 4, 4, 3, 19, -26 ],
\[ -3, 4, 4, 11, 19, -34 ],
\[ -3, 4, 6, -5, 31, -32 ],
\[ -3, 4, 6, 3, 7, -16 ],
\[ -3, 4, 6, 11, 7, -24 ],
\[ -3, 4, 8, 3, 19, -30 ],
\[ -3, 4, 10, -5, 31, -36 ],
\[ -3, 5, 3, -13, 48, -39 ],
\[ -3, 5, 3, -5, 24, -23 ],
\[ -3, 5, 3, 3, 24, -31 ],
\[ -3, 5, 5, -5, 36, -37 ],
\[ -3, 5, 5, 3, 12, -21 ],
\[ -3, 5, 5, 11, 12, -29 ],
\[ -3, 5, 7, -13, 48, -43 ],
\[ -3, 5, 7, -5, 24, -27 ],
\[ -3, 5, 7, 3, 24, -35 ],
\[ -3, 5, 9, 3, 12, -25 ],
\[ -3, 6, 0, -21, 65, -46 ],
\[ -3, 6, 0, -13, 41, -30 ],
\[ -3, 6, 0, -5, 17, -14 ],
\[ -3, 6, 0, -5, 41, -38 ],
\[ -3, 6, 0, 3, 17, -22 ],
\[ -3, 6, 0, 11, 17, -30 ],
\[ -3, 6, 2, -13, 53, -44 ],
\[ -3, 6, 2, -5, 29, -28 ],
\[ -3, 6, 2, 3, 5, -12 ],
\[ -3, 6, 2, 3, 29, -36 ],
\[ -3, 6, 2, 11, 5, -20 ],
\[ -3, 6, 2, 19, 5, -28 ],
\[ -3, 6, 4, 3, 17, -26 ],
\[ -3, 6, 6, -5, 29, -32 ],
\[ -3, 6, 8, 3, 17, -30 ],
\[ -3, 7, -1, -21, 70, -51 ],
\[ -3, 7, -1, -13, 46, -35 ],
\[ -3, 7, -1, -5, 22, -19 ],
\[ -3, 7, -1, -5, 46, -43 ],
\[ -3, 7, -1, 3, 22, -27 ],
\[ -3, 7, -1, 11, 22, -35 ],
\[ -3, 7, 1, -5, 34, -33 ],
\[ -3, 7, 1, 3, 10, -17 ],
\[ -3, 7, 1, 11, 10, -25 ],
\[ -3, 7, 3, -13, 46, -39 ],
\[ -3, 7, 3, -5, 22, -23 ],
\[ -3, 7, 3, 3, 22, -31 ],
\[ -3, 7, 5, -5, 34, -37 ],
\[ -3, 7, 5, 3, 10, -21 ],
\[ -3, 7, 5, 11, 10, -29 ],
\[ -3, 8, -2, -13, 51, -40 ],
\[ -3, 8, -2, -5, 27, -24 ],
\[ -3, 8, -2, 3, 3, -8 ],
\[ -3, 8, -2, 3, 27, -32 ],
\[ -3, 8, -2, 11, 3, -16 ],
\[ -3, 8, -2, 19, 3, -24 ],
\[ -3, 8, 0, -5, 39, -38 ],
\[ -3, 8, 0, 3, 15, -22 ],
\[ -3, 8, 0, 11, 15, -30 ],
\[ -3, 8, 2, -13, 51, -44 ],
\[ -3, 8, 2, -5, 27, -28 ],
\[ -3, 8, 2, 3, 27, -36 ],
\[ -3, 8, 4, 3, 15, -26 ],
\[ -3, 8, 6, -5, 27, -32 ],
\[ -3, 8, 8, 3, 15, -30 ],
\[ -3, 9, -3, -13, 56, -45 ],
\[ -3, 9, -3, -5, 32, -29 ],
\[ -3, 9, -3, 3, 8, -13 ],
\[ -3, 9, -3, 3, 32, -37 ],
\[ -3, 9, -3, 11, 8, -21 ],
\[ -3, 9, -3, 19, 8, -29 ],
\[ -3, 9, -1, -21, 68, -51 ],
\[ -3, 9, -1, -13, 44, -35 ],
\[ -3, 9, -1, -5, 20, -19 ],
\[ -3, 9, -1, -5, 44, -43 ],
\[ -3, 9, -1, 3, 20, -27 ],
\[ -3, 9, -1, 11, 20, -35 ],
\[ -3, 9, 1, -5, 32, -33 ],
\[ -3, 9, 1, 3, 8, -17 ],
\[ -3, 9, 1, 11, 8, -25 ],
\[ -3, 9, 3, 3, 20, -31 ],
\[ -3, 9, 5, -5, 32, -37 ],
\[ -3, 10, -4, -5, 37, -34 ],
\[ -3, 10, -4, 3, 13, -18 ],
\[ -3, 10, -4, 11, 13, -26 ],
\[ -3, 10, -2, -13, 49, -40 ],
\[ -3, 10, -2, -5, 25, -24 ],
\[ -3, 10, -2, 3, 25, -32 ],
\[ -3, 10, 0, -5, 37, -38 ],
\[ -3, 10, 0, 3, 13, -22 ],
\[ -3, 10, 0, 11, 13, -30 ],
\[ -3, 10, 2, -5, 25, -28 ],
\[ -3, 10, 4, 3, 13, -26 ],
\[ -3, 11, -3, -13, 54, -45 ],
\[ -3, 11, -3, -5, 30, -29 ],
\[ -3, 11, -3, 3, 6, -13 ],
\[ -3, 11, -3, 3, 30, -37 ],
\[ -3, 11, -3, 11, 6, -21 ],
\[ -3, 11, -3, 19, 6, -29 ],
\[ -3, 11, -1, 3, 18, -27 ],
\[ -3, 11, 1, -5, 30, -33 ],
\[ -3, 11, 3, 3, 18, -31 ],
\[ -3, 12, -4, -5, 35, -34 ],
\[ -3, 12, -4, 3, 11, -18 ],
\[ -3, 12, -4, 11, 11, -26 ],
\[ -3, 12, -2, -13, 47, -40 ],
\[ -3, 12, -2, -5, 23, -24 ],
\[ -3, 12, -2, 3, 23, -32 ],
\[ -3, 12, 0, -5, 35, -38 ],
\[ -3, 12, 0, 3, 11, -22 ],
\[ -3, 12, 0, 11, 11, -30 ],
\[ -3, 13, -5, -5, 40, -39 ],
\[ -3, 13, -5, 3, 16, -23 ],
\[ -3, 13, -5, 11, 16, -31 ],
\[ -3, 13, -3, -13, 52, -45 ],
\[ -3, 13, -3, -5, 28, -29 ],
\[ -3, 13, -3, 3, 28, -37 ],
\[ -3, 13, -1, 3, 16, -27 ],
\[ -3, 13, 1, -5, 28, -33 ],
\[ -3, 13, 3, 3, 16, -31 ],
\[ -3, 14, -6, -13, 45, -36 ],
\[ -3, 14, -6, -5, 21, -20 ],
\[ -3, 14, -6, 3, 21, -28 ],
\[ -3, 14, -4, -5, 33, -34 ],
\[ -3, 14, -4, 3, 9, -18 ],
\[ -3, 14, -4, 11, 9, -26 ],
\[ -3, 14, -2, 3, 21, -32 ],
\[ -3, 15, -5, -5, 38, -39 ],
\[ -3, 15, -5, 3, 14, -23 ],
\[ -3, 15, -5, 11, 14, -31 ],
\[ -3, 15, -3, -5, 26, -29 ],
\[ -3, 15, -1, 3, 14, -27 ],
\[ -3, 16, -6, 3, 19, -28 ],
\[ -3, 16, -4, -5, 31, -34 ],
\[ -3, 16, -2, 3, 19, -32 ],
\[ -3, 17, -7, -13, 48, -41 ],
\[ -3, 17, -7, -5, 24, -25 ],
\[ -3, 17, -7, 3, 24, -33 ],
\[ -3, 17, -5, -5, 36, -39 ],
\[ -3, 17, -5, 3, 12, -23 ],
\[ -3, 17, -5, 11, 12, -31 ],
\[ -3, 17, -1, 3, 12, -27 ],
\[ -3, 18, -8, -5, 29, -30 ],
\[ -3, 18, -6, 3, 17, -28 ],
\[ -3, 18, -4, -5, 29, -34 ],
\[ -3, 19, -7, 3, 22, -33 ],
\[ -3, 19, -5, 3, 10, -23 ],
\[ -3, 20, -8, -5, 27, -30 ],
\[ -3, 20, -6, 3, 15, -28 ],
\[ -3, 20, -4, -5, 27, -34 ],
\[ -3, 21, -9, -5, 32, -35 ],
\[ -3, 21, -9, 3, 8, -19 ],
\[ -3, 21, -9, 11, 8, -27 ],
\[ -3, 21, -7, 3, 20, -33 ],
\[ -3, 22, -10, 3, 13, -24 ],
\[ -3, 22, -8, -5, 25, -30 ],
\[ -3, 22, -6, 3, 13, -28 ],
\[ -3, 23, -9, -5, 30, -35 ],
\[ -3, 24, -10, 3, 11, -24 ],
\[ -3, 25, -11, 3, 16, -29 ],
\[ -3, 25, -9, -5, 28, -35 ],
\[ -3, 27, -11, 3, 14, -29 ],
\[ -2, -9, 26, 0, 14, -28 ],
\[ -2, -7, 22, 0, 12, -24 ],
\[ -2, -6, 21, 0, 17, -29 ],
\[ -2, -5, 18, -8, 34, -36 ],
\[ -2, -5, 18, 0, 10, -20 ],
\[ -2, -5, 18, 8, 10, -28 ],
\[ -2, -4, 17, 0, 15, -25 ],
\[ -2, -4, 21, 0, 15, -29 ],
\[ -2, -3, 14, -8, 32, -32 ],
\[ -2, -3, 14, 0, 8, -16 ],
\[ -2, -3, 14, 8, 8, -24 ],
\[ -2, -3, 16, 0, 20, -30 ],
\[ -2, -2, 13, -8, 37, -37 ],
\[ -2, -2, 13, 0, 13, -21 ],
\[ -2, -2, 13, 8, 13, -29 ],
\[ -2, -2, 17, 0, 13, -25 ],
\[ -2, -1, 10, -16, 54, -44 ],
\[ -2, -1, 10, -8, 30, -28 ],
\[ -2, -1, 10, 0, 6, -12 ],
\[ -2, -1, 10, 0, 30, -36 ],
\[ -2, -1, 10, 8, 6, -20 ],
\[ -2, -1, 10, 16, 6, -28 ],
\[ -2, -1, 12, 0, 18, -26 ],
\[ -2, -1, 16, 0, 18, -30 ],
\[ -2, 0, 9, -8, 35, -33 ],
\[ -2, 0, 9, 0, 11, -17 ],
\[ -2, 0, 9, 8, 11, -25 ],
\[ -2, 0, 11, 0, 23, -31 ],
\[ -2, 0, 13, -8, 35, -37 ],
\[ -2, 0, 13, 0, 11, -21 ],
\[ -2, 0, 13, 8, 11, -29 ],
\[ -2, 1, 6, -16, 52, -40 ],
\[ -2, 1, 6, -8, 28, -24 ],
\[ -2, 1, 6, 0, 4, -8 ],
\[ -2, 1, 6, 0, 28, -32 ],
\[ -2, 1, 6, 8, 4, -16 ],
\[ -2, 1, 6, 16, 4, -24 ],
\[ -2, 1, 8, -8, 40, -38 ],
\[ -2, 1, 8, 0, 16, -22 ],
\[ -2, 1, 8, 8, 16, -30 ],
\[ -2, 1, 10, 0, 28, -36 ],
\[ -2, 1, 12, 0, 16, -26 ],
\[ -2, 1, 16, 0, 16, -30 ],
\[ -2, 2, 5, -16, 57, -45 ],
\[ -2, 2, 5, -8, 33, -29 ],
\[ -2, 2, 5, 0, 9, -13 ],
\[ -2, 2, 5, 0, 33, -37 ],
\[ -2, 2, 5, 8, 9, -21 ],
\[ -2, 2, 5, 16, 9, -29 ],
\[ -2, 2, 7, 0, 21, -27 ],
\[ -2, 2, 9, -8, 33, -33 ],
\[ -2, 2, 9, 0, 9, -17 ],
\[ -2, 2, 9, 8, 9, -25 ],
\[ -2, 2, 11, 0, 21, -31 ],
\[ -2, 3, 2, -24, 74, -52 ],
\[ -2, 3, 2, -16, 50, -36 ],
\[ -2, 3, 2, -8, 26, -20 ],
\[ -2, 3, 2, -8, 50, -44 ],
\[ -2, 3, 2, 0, 2, -4 ],
\[ -2, 3, 2, 0, 26, -28 ],
\[ -2, 3, 2, 8, 2, -12 ],
\[ -2, 3, 2, 8, 26, -36 ],
\[ -2, 3, 2, 16, 2, -20 ],
\[ -2, 3, 2, 24, 2, -28 ],
\[ -2, 3, 4, -8, 38, -34 ],
\[ -2, 3, 4, 0, 14, -18 ],
\[ -2, 3, 4, 8, 14, -26 ],
\[ -2, 3, 6, 0, 26, -32 ],
\[ -2, 3, 8, -8, 38, -38 ],
\[ -2, 3, 8, 0, 14, -22 ],
\[ -2, 3, 8, 8, 14, -30 ],
\[ -2, 3, 12, 0, 14, -26 ],
\[ -2, 4, 1, -16, 55, -41 ],
\[ -2, 4, 1, -8, 31, -25 ],
\[ -2, 4, 1, 0, 7, -9 ],
\[ -2, 4, 1, 0, 31, -33 ],
\[ -2, 4, 1, 8, 7, -17 ],
\[ -2, 4, 1, 16, 7, -25 ],
\[ -2, 4, 3, -8, 43, -39 ],
\[ -2, 4, 3, 0, 19, -23 ],
\[ -2, 4, 3, 8, 19, -31 ],
\[ -2, 4, 5, -16, 55, -45 ],
\[ -2, 4, 5, -8, 31, -29 ],
\[ -2, 4, 5, 0, 7, -13 ],
\[ -2, 4, 5, 0, 31, -37 ],
\[ -2, 4, 5, 8, 7, -21 ],
\[ -2, 4, 5, 16, 7, -29 ],
\[ -2, 4, 7, 0, 19, -27 ],
\[ -2, 4, 11, 0, 19, -31 ],
\[ -2, 5, -2, 0, 0, 0 ],
\[ -2, 5, 0, -16, 60, -46 ],
\[ -2, 5, 0, -8, 36, -30 ],
\[ -2, 5, 0, 0, 12, -14 ],
\[ -2, 5, 0, 0, 36, -38 ],
\[ -2, 5, 0, 8, 12, -22 ],
\[ -2, 5, 0, 16, 12, -30 ],
\[ -2, 5, 2, -8, 48, -44 ],
\[ -2, 5, 2, 0, 24, -28 ],
\[ -2, 5, 2, 8, 24, -36 ],
\[ -2, 5, 4, -8, 36, -34 ],
\[ -2, 5, 4, 0, 12, -18 ],
\[ -2, 5, 4, 8, 12, -26 ],
\[ -2, 5, 6, 0, 24, -32 ],
\[ -2, 5, 8, -8, 36, -38 ],
\[ -2, 5, 8, 0, 12, -22 ],
\[ -2, 5, 8, 8, 12, -30 ],
\[ -2, 6, -1, -8, 41, -35 ],
\[ -2, 6, -1, 0, 17, -19 ],
\[ -2, 6, -1, 8, 17, -27 ],
\[ -2, 6, 1, -16, 53, -41 ],
\[ -2, 6, 1, -8, 29, -25 ],
\[ -2, 6, 1, 0, 5, -9 ],
\[ -2, 6, 1, 0, 29, -33 ],
\[ -2, 6, 1, 8, 5, -17 ],
\[ -2, 6, 1, 16, 5, -25 ],
\[ -2, 6, 3, -8, 41, -39 ],
\[ -2, 6, 3, 0, 17, -23 ],
\[ -2, 6, 3, 8, 17, -31 ],
\[ -2, 6, 7, 0, 17, -27 ],
\[ -2, 7, -2, -8, 46, -40 ],
\[ -2, 7, -2, 0, 22, -24 ],
\[ -2, 7, -2, 8, 22, -32 ],
\[ -2, 7, 0, -16, 58, -46 ],
\[ -2, 7, 0, -8, 34, -30 ],
\[ -2, 7, 0, 0, 10, -14 ],
\[ -2, 7, 0, 0, 34, -38 ],
\[ -2, 7, 0, 8, 10, -22 ],
\[ -2, 7, 0, 16, 10, -30 ],
\[ -2, 7, 2, 0, 22, -28 ],
\[ -2, 7, 4, -8, 34, -34 ],
\[ -2, 7, 4, 0, 10, -18 ],
\[ -2, 7, 4, 8, 10, -26 ],
\[ -2, 7, 6, 0, 22, -32 ],
\[ -2, 8, -3, -24, 75, -53 ],
\[ -2, 8, -3, -16, 51, -37 ],
\[ -2, 8, -3, -8, 27, -21 ],
\[ -2, 8, -3, -8, 51, -45 ],
\[ -2, 8, -3, 0, 3, -5 ],
\[ -2, 8, -3, 0, 27, -29 ],
\[ -2, 8, -3, 8, 3, -13 ],
\[ -2, 8, -3, 8, 27, -37 ],
\[ -2, 8, -3, 16, 3, -21 ],
\[ -2, 8, -3, 24, 3, -29 ],
\[ -2, 8, -1, -8, 39, -35 ],
\[ -2, 8, -1, 0, 15, -19 ],
\[ -2, 8, -1, 8, 15, -27 ],
\[ -2, 8, 1, 0, 27, -33 ],
\[ -2, 8, 3, -8, 39, -39 ],
\[ -2, 8, 3, 0, 15, -23 ],
\[ -2, 8, 3, 8, 15, -31 ],
\[ -2, 8, 7, 0, 15, -27 ],
\[ -2, 9, -2, -8, 44, -40 ],
\[ -2, 9, -2, 0, 20, -24 ],
\[ -2, 9, -2, 8, 20, -32 ],
\[ -2, 9, 0, -16, 56, -46 ],
\[ -2, 9, 0, -8, 32, -30 ],
\[ -2, 9, 0, 0, 8, -14 ],
\[ -2, 9, 0, 0, 32, -38 ],
\[ -2, 9, 0, 8, 8, -22 ],
\[ -2, 9, 0, 16, 8, -30 ],
\[ -2, 9, 2, 0, 20, -28 ],
\[ -2, 9, 6, 0, 20, -32 ],
\[ -2, 10, -3, 0, 25, -29 ],
\[ -2, 10, -1, -8, 37, -35 ],
\[ -2, 10, -1, 0, 13, -19 ],
\[ -2, 10, -1, 8, 13, -27 ],
\[ -2, 10, 1, 0, 25, -33 ],
\[ -2, 10, 3, 0, 13, -23 ],
\[ -2, 11, -4, -16, 54, -42 ],
\[ -2, 11, -4, -8, 30, -26 ],
\[ -2, 11, -4, 0, 6, -10 ],
\[ -2, 11, -4, 0, 30, -34 ],
\[ -2, 11, -4, 8, 6, -18 ],
\[ -2, 11, -4, 16, 6, -26 ],
\[ -2, 11, -2, -8, 42, -40 ],
\[ -2, 11, -2, 0, 18, -24 ],
\[ -2, 11, -2, 8, 18, -32 ],
\[ -2, 11, 2, 0, 18, -28 ],
\[ -2, 12, -5, -16, 59, -47 ],
\[ -2, 12, -5, -8, 35, -31 ],
\[ -2, 12, -5, 0, 11, -15 ],
\[ -2, 12, -5, 0, 35, -39 ],
\[ -2, 12, -5, 8, 11, -23 ],
\[ -2, 12, -5, 16, 11, -31 ],
\[ -2, 12, -3, 0, 23, -29 ],
\[ -2, 12, -1, -8, 35, -35 ],
\[ -2, 12, -1, 0, 11, -19 ],
\[ -2, 12, -1, 8, 11, -27 ],
\[ -2, 12, 1, 0, 23, -33 ],
\[ -2, 13, -4, 0, 28, -34 ],
\[ -2, 13, -2, -8, 40, -40 ],
\[ -2, 13, -2, 0, 16, -24 ],
\[ -2, 13, -2, 8, 16, -32 ],
\[ -2, 13, 2, 0, 16, -28 ],
\[ -2, 14, -5, -8, 33, -31 ],
\[ -2, 14, -5, 0, 9, -15 ],
\[ -2, 14, -5, 8, 9, -23 ],
\[ -2, 14, -3, 0, 21, -29 ],
\[ -2, 15, -6, -8, 38, -36 ],
\[ -2, 15, -6, 0, 14, -20 ],
\[ -2, 15, -6, 8, 14, -28 ],
\[ -2, 15, -4, 0, 26, -34 ],
\[ -2, 15, -2, 0, 14, -24 ],
\[ -2, 15, 2, 0, 14, -28 ],
\[ -2, 16, -7, -8, 43, -41 ],
\[ -2, 16, -7, 0, 19, -25 ],
\[ -2, 16, -7, 8, 19, -33 ],
\[ -2, 16, -3, 0, 19, -29 ],
\[ -2, 17, -6, -8, 36, -36 ],
\[ -2, 17, -6, 0, 12, -20 ],
\[ -2, 17, -6, 8, 12, -28 ],
\[ -2, 17, -4, 0, 24, -34 ],
\[ -2, 17, -2, 0, 12, -24 ],
\[ -2, 18, -7, 0, 17, -25 ],
\[ -2, 18, -3, 0, 17, -29 ],
\[ -2, 19, -8, 0, 22, -30 ],
\[ -2, 19, -6, -8, 34, -36 ],
\[ -2, 19, -6, 0, 10, -20 ],
\[ -2, 19, -6, 8, 10, -28 ],
\[ -2, 20, -9, 0, 27, -35 ],
\[ -2, 20, -7, 0, 15, -25 ],
\[ -2, 20, -3, 0, 15, -29 ],
\[ -2, 21, -8, 0, 20, -30 ],
\[ -2, 22, -7, 0, 13, -25 ],
\[ -2, 23, -8, 0, 18, -30 ],
\[ -2, 24, -11, -8, 35, -37 ],
\[ -2, 24, -11, 0, 11, -21 ],
\[ -2, 24, -11, 8, 11, -29 ],
\[ -2, 25, -8, 0, 16, -30 ],
\[ -2, 27, -12, 0, 14, -26 ],
\[ -2, 28, -13, 0, 19, -31 ],
\[ -1, -10, 24, -3, 21, -30 ],
\[ -1, -8, 20, -3, 19, -26 ],
\[ -1, -7, 19, -3, 24, -31 ],
\[ -1, -7, 21, 5, 12, -29 ],
\[ -1, -6, 16, -11, 41, -38 ],
\[ -1, -6, 16, -3, 17, -22 ],
\[ -1, -6, 16, 5, 17, -30 ],
\[ -1, -6, 18, -3, 29, -36 ],
\[ -1, -5, 15, -3, 22, -27 ],
\[ -1, -5, 17, 5, 10, -25 ],
\[ -1, -5, 19, -3, 22, -31 ],
\[ -1, -4, 12, -11, 39, -34 ],
\[ -1, -4, 12, -3, 15, -18 ],
\[ -1, -4, 12, 5, 15, -26 ],
\[ -1, -4, 14, -3, 27, -32 ],
\[ -1, -4, 16, 5, 15, -30 ],
\[ -1, -3, 11, -11, 44, -39 ],
\[ -1, -3, 11, -3, 20, -23 ],
\[ -1, -3, 11, 5, 20, -31 ],
\[ -1, -3, 13, -3, 32, -37 ],
\[ -1, -3, 13, 5, 8, -21 ],
\[ -1, -3, 13, 13, 8, -29 ],
\[ -1, -3, 15, -3, 20, -27 ],
\[ -1, -2, 8, -19, 61, -46 ],
\[ -1, -2, 8, -11, 37, -30 ],
\[ -1, -2, 8, -3, 13, -14 ],
\[ -1, -2, 8, -3, 37, -38 ],
\[ -1, -2, 8, 5, 13, -22 ],
\[ -1, -2, 8, 13, 13, -30 ],
\[ -1, -2, 10, -11, 49, -44 ],
\[ -1, -2, 10, -3, 25, -28 ],
\[ -1, -2, 10, 5, 25, -36 ],
\[ -1, -2, 12, 5, 13, -26 ],
\[ -1, -2, 14, -3, 25, -32 ],
\[ -1, -2, 16, 5, 13, -30 ],
\[ -1, -1, 7, -11, 42, -35 ],
\[ -1, -1, 7, -3, 18, -19 ],
\[ -1, -1, 7, 5, 18, -27 ],
\[ -1, -1, 9, -3, 30, -33 ],
\[ -1, -1, 9, 5, 6, -17 ],
\[ -1, -1, 9, 13, 6, -25 ],
\[ -1, -1, 11, -11, 42, -39 ],
\[ -1, -1, 11, -3, 18, -23 ],
\[ -1, -1, 11, 5, 18, -31 ],
\[ -1, 0, 4, -19, 59, -42 ],
\[ -1, 0, 4, -11, 35, -26 ],
\[ -1, 0, 4, -3, 11, -10 ],
\[ -1, 0, 4, -3, 35, -34 ],
\[ -1, 0, 4, 5, 11, -18 ],
\[ -1, 0, 4, 13, 11, -26 ],
\[ -1, 0, 6, -11, 47, -40 ],
\[ -1, 0, 6, -3, 23, -24 ],
\[ -1, 0, 6, 5, 23, -32 ],
\[ -1, 0, 8, -3, 35, -38 ],
\[ -1, 0, 8, 5, 11, -22 ],
\[ -1, 0, 8, 13, 11, -30 ],
\[ -1, 0, 10, -3, 23, -28 ],
\[ -1, 0, 12, 5, 11, -26 ],
\[ -1, 0, 14, -3, 23, -32 ],
\[ -1, 1, 3, -19, 64, -47 ],
\[ -1, 1, 3, -11, 40, -31 ],
\[ -1, 1, 3, -3, 16, -15 ],
\[ -1, 1, 3, -3, 40, -39 ],
\[ -1, 1, 3, 5, 16, -23 ],
\[ -1, 1, 3, 13, 16, -31 ],
\[ -1, 1, 5, -11, 52, -45 ],
\[ -1, 1, 5, -3, 28, -29 ],
\[ -1, 1, 5, 5, 4, -13 ],
\[ -1, 1, 5, 5, 28, -37 ],
\[ -1, 1, 5, 13, 4, -21 ],
\[ -1, 1, 5, 21, 4, -29 ],
\[ -1, 1, 7, -11, 40, -35 ],
\[ -1, 1, 7, -3, 16, -19 ],
\[ -1, 1, 7, 5, 16, -27 ],
\[ -1, 1, 9, -3, 28, -33 ],
\[ -1, 1, 11, 5, 16, -31 ],
\[ -1, 2, 0, -27, 81, -54 ],
\[ -1, 2, 0, -19, 57, -38 ],
\[ -1, 2, 0, -11, 33, -22 ],
\[ -1, 2, 0, -11, 57, -46 ],
\[ -1, 2, 0, -3, 9, -6 ],
\[ -1, 2, 0, -3, 33, -30 ],
\[ -1, 2, 0, 5, 9, -14 ],
\[ -1, 2, 0, 5, 33, -38 ],
\[ -1, 2, 0, 13, 9, -22 ],
\[ -1, 2, 0, 21, 9, -30 ],
\[ -1, 2, 2, -19, 69, -52 ],
\[ -1, 2, 2, -11, 45, -36 ],
\[ -1, 2, 2, -3, 21, -20 ],
\[ -1, 2, 2, -3, 45, -44 ],
\[ -1, 2, 2, 5, 21, -28 ],
\[ -1, 2, 2, 13, 21, -36 ],
\[ -1, 2, 4, -3, 33, -34 ],
\[ -1, 2, 4, 5, 9, -18 ],
\[ -1, 2, 4, 13, 9, -26 ],
\[ -1, 2, 6, -11, 45, -40 ],
\[ -1, 2, 6, -3, 21, -24 ],
\[ -1, 2, 6, 5, 21, -32 ],
\[ -1, 2, 8, -3, 33, -38 ],
\[ -1, 2, 8, 5, 9, -22 ],
\[ -1, 2, 8, 13, 9, -30 ],
\[ -1, 2, 10, -3, 21, -28 ],
\[ -1, 3, -1, -19, 62, -43 ],
\[ -1, 3, -1, -11, 38, -27 ],
\[ -1, 3, -1, -3, 14, -11 ],
\[ -1, 3, -1, -3, 38, -35 ],
\[ -1, 3, -1, 5, 14, -19 ],
\[ -1, 3, -1, 13, 14, -27 ],
\[ -1, 3, 1, -11, 50, -41 ],
\[ -1, 3, 1, -3, 26, -25 ],
\[ -1, 3, 1, 5, 2, -9 ],
\[ -1, 3, 1, 5, 26, -33 ],
\[ -1, 3, 1, 13, 2, -17 ],
\[ -1, 3, 1, 21, 2, -25 ],
\[ -1, 3, 3, -19, 62, -47 ],
\[ -1, 3, 3, -11, 38, -31 ],
\[ -1, 3, 3, -3, 14, -15 ],
\[ -1, 3, 3, -3, 38, -39 ],
\[ -1, 3, 3, 5, 14, -23 ],
\[ -1, 3, 3, 13, 14, -31 ],
\[ -1, 3, 5, -3, 26, -29 ],
\[ -1, 3, 7, 5, 14, -27 ],
\[ -1, 3, 9, -3, 26, -33 ],
\[ -1, 4, 0, -11, 55, -46 ],
\[ -1, 4, 0, -3, 31, -30 ],
\[ -1, 4, 0, 5, 7, -14 ],
\[ -1, 4, 0, 5, 31, -38 ],
\[ -1, 4, 0, 13, 7, -22 ],
\[ -1, 4, 0, 21, 7, -30 ],
\[ -1, 4, 2, -11, 43, -36 ],
\[ -1, 4, 2, -3, 19, -20 ],
\[ -1, 4, 2, 5, 19, -28 ],
\[ -1, 4, 4, -3, 31, -34 ],
\[ -1, 4, 4, 5, 7, -18 ],
\[ -1, 4, 4, 13, 7, -26 ],
\[ -1, 4, 6, -11, 43, -40 ],
\[ -1, 4, 6, -3, 19, -24 ],
\[ -1, 4, 6, 5, 19, -32 ],
\[ -1, 5, -1, -19, 60, -43 ],
\[ -1, 5, -1, -11, 36, -27 ],
\[ -1, 5, -1, -3, 12, -11 ],
\[ -1, 5, -1, -3, 36, -35 ],
\[ -1, 5, -1, 5, 12, -19 ],
\[ -1, 5, -1, 13, 12, -27 ],
\[ -1, 5, 1, -11, 48, -41 ],
\[ -1, 5, 1, -3, 24, -25 ],
\[ -1, 5, 1, 5, 24, -33 ],
\[ -1, 5, 3, -3, 36, -39 ],
\[ -1, 5, 3, 5, 12, -23 ],
\[ -1, 5, 3, 13, 12, -31 ],
\[ -1, 5, 5, -3, 24, -29 ],
\[ -1, 5, 7, 5, 12, -27 ],
\[ -1, 5, 9, -3, 24, -33 ],
\[ -1, 6, -2, -19, 65, -48 ],
\[ -1, 6, -2, -11, 41, -32 ],
\[ -1, 6, -2, -3, 17, -16 ],
\[ -1, 6, -2, -3, 41, -40 ],
\[ -1, 6, -2, 5, 17, -24 ],
\[ -1, 6, -2, 13, 17, -32 ],
\[ -1, 6, 0, -11, 53, -46 ],
\[ -1, 6, 0, -3, 29, -30 ],
\[ -1, 6, 0, 5, 5, -14 ],
\[ -1, 6, 0, 5, 29, -38 ],
\[ -1, 6, 0, 13, 5, -22 ],
\[ -1, 6, 0, 21, 5, -30 ],
\[ -1, 6, 2, -11, 41, -36 ],
\[ -1, 6, 2, -3, 17, -20 ],
\[ -1, 6, 2, 5, 17, -28 ],
\[ -1, 6, 4, -3, 29, -34 ],
\[ -1, 6, 6, 5, 17, -32 ],
\[ -1, 7, -3, -11, 46, -37 ],
\[ -1, 7, -3, -3, 22, -21 ],
\[ -1, 7, -3, 5, 22, -29 ],
\[ -1, 7, -1, -3, 34, -35 ],
\[ -1, 7, -1, 5, 10, -19 ],
\[ -1, 7, -1, 13, 10, -27 ],
\[ -1, 7, 1, -11, 46, -41 ],
\[ -1, 7, 1, -3, 22, -25 ],
\[ -1, 7, 1, 5, 22, -33 ],
\[ -1, 7, 3, 5, 10, -23 ],
\[ -1, 7, 5, -3, 22, -29 ],
\[ -1, 8, -2, -19, 63, -48 ],
\[ -1, 8, -2, -11, 39, -32 ],
\[ -1, 8, -2, -3, 15, -16 ],
\[ -1, 8, -2, -3, 39, -40 ],
\[ -1, 8, -2, 5, 15, -24 ],
\[ -1, 8, -2, 13, 15, -32 ],
\[ -1, 8, 0, -3, 27, -30 ],
\[ -1, 8, 2, 5, 15, -28 ],
\[ -1, 8, 4, -3, 27, -34 ],
\[ -1, 9, -3, -11, 44, -37 ],
\[ -1, 9, -3, -3, 20, -21 ],
\[ -1, 9, -3, 5, 20, -29 ],
\[ -1, 9, -1, -3, 32, -35 ],
\[ -1, 9, -1, 5, 8, -19 ],
\[ -1, 9, -1, 13, 8, -27 ],
\[ -1, 9, 1, -11, 44, -41 ],
\[ -1, 9, 1, -3, 20, -25 ],
\[ -1, 9, 1, 5, 20, -33 ],
\[ -1, 10, -4, -11, 49, -42 ],
\[ -1, 10, -4, -3, 25, -26 ],
\[ -1, 10, -4, 5, 25, -34 ],
\[ -1, 10, -2, -3, 37, -40 ],
\[ -1, 10, -2, 5, 13, -24 ],
\[ -1, 10, -2, 13, 13, -32 ],
\[ -1, 10, 0, -3, 25, -30 ],
\[ -1, 10, 2, 5, 13, -28 ],
\[ -1, 10, 4, -3, 25, -34 ],
\[ -1, 11, -5, -3, 30, -31 ],
\[ -1, 11, -5, 5, 6, -15 ],
\[ -1, 11, -5, 13, 6, -23 ],
\[ -1, 11, -3, -11, 42, -37 ],
\[ -1, 11, -3, -3, 18, -21 ],
\[ -1, 11, -3, 5, 18, -29 ],
\[ -1, 11, -1, -3, 30, -35 ],
\[ -1, 12, -4, -11, 47, -42 ],
\[ -1, 12, -4, -3, 23, -26 ],
\[ -1, 12, -4, 5, 23, -34 ],
\[ -1, 12, -2, 5, 11, -24 ],
\[ -1, 12, 0, -3, 23, -30 ],
\[ -1, 13, -5, -3, 28, -31 ],
\[ -1, 13, -3, 5, 16, -29 ],
\[ -1, 13, -1, -3, 28, -35 ],
\[ -1, 14, -6, -3, 33, -36 ],
\[ -1, 14, -6, 5, 9, -20 ],
\[ -1, 14, -6, 13, 9, -28 ],
\[ -1, 14, -4, -11, 45, -42 ],
\[ -1, 14, -4, -3, 21, -26 ],
\[ -1, 14, -4, 5, 21, -34 ],
\[ -1, 14, 0, -3, 21, -30 ],
\[ -1, 15, -7, 5, 14, -25 ],
\[ -1, 15, -5, -3, 26, -31 ],
\[ -1, 15, -3, 5, 14, -29 ],
\[ -1, 16, -6, -3, 31, -36 ],
\[ -1, 16, -4, -3, 19, -26 ],
\[ -1, 17, -7, 5, 12, -25 ],
\[ -1, 17, -5, -3, 24, -31 ],
\[ -1, 17, -3, 5, 12, -29 ],
\[ -1, 18, -8, -11, 41, -38 ],
\[ -1, 18, -8, -3, 17, -22 ],
\[ -1, 18, -8, 5, 17, -30 ],
\[ -1, 18, -6, -3, 29, -36 ],
\[ -1, 19, -9, -3, 22, -27 ],
\[ -1, 19, -7, 5, 10, -25 ],
\[ -1, 19, -5, -3, 22, -31 ],
\[ -1, 20, -8, 5, 15, -30 ],
\[ -1, 21, -9, -3, 20, -27 ],
\[ -1, 22, -10, -3, 25, -32 ],
\[ -1, 22, -8, 5, 13, -30 ],
\[ -1, 24, -10, -3, 23, -32 ],
\[ 0, -11, 22, -6, 28, -32 ],
\[ 0, -11, 24, 2, 16, -30 ],
\[ 0, -10, 21, -6, 33, -37 ],
\[ 0, -9, 18, -6, 26, -28 ],
\[ 0, -9, 20, 2, 14, -26 ],
\[ 0, -8, 17, -6, 31, -33 ],
\[ 0, -8, 19, 2, 19, -31 ],
\[ 0, -7, 14, -14, 48, -40 ],
\[ 0, -7, 14, -6, 24, -24 ],
\[ 0, -7, 14, 2, 24, -32 ],
\[ 0, -7, 16, -6, 36, -38 ],
\[ 0, -7, 16, 2, 12, -22 ],
\[ 0, -7, 16, 10, 12, -30 ],
\[ 0, -7, 20, 2, 12, -26 ],
\[ 0, -6, 13, -14, 53, -45 ],
\[ 0, -6, 13, -6, 29, -29 ],
\[ 0, -6, 13, 2, 29, -37 ],
\[ 0, -6, 15, 2, 17, -27 ],
\[ 0, -6, 17, -6, 29, -33 ],
\[ 0, -6, 19, 2, 17, -31 ],
\[ 0, -5, 10, -14, 46, -36 ],
\[ 0, -5, 10, -6, 22, -20 ],
\[ 0, -5, 10, 2, 22, -28 ],
\[ 0, -5, 12, -6, 34, -34 ],
\[ 0, -5, 12, 2, 10, -18 ],
\[ 0, -5, 12, 10, 10, -26 ],
\[ 0, -5, 14, 2, 22, -32 ],
\[ 0, -5, 16, 2, 10, -22 ],
\[ 0, -4, 9, -14, 51, -41 ],
\[ 0, -4, 9, -6, 27, -25 ],
\[ 0, -4, 9, 2, 27, -33 ],
\[ 0, -4, 11, -6, 39, -39 ],
\[ 0, -4, 11, 2, 15, -23 ],
\[ 0, -4, 11, 10, 15, -31 ],
\[ 0, -4, 13, -6, 27, -29 ],
\[ 0, -4, 15, 2, 15, -27 ],
\[ 0, -3, 6, -22, 68, -48 ],
\[ 0, -3, 6, -14, 44, -32 ],
\[ 0, -3, 6, -6, 20, -16 ],
\[ 0, -3, 6, -6, 44, -40 ],
\[ 0, -3, 6, 2, 20, -24 ],
\[ 0, -3, 6, 10, 20, -32 ],
\[ 0, -3, 8, -14, 56, -46 ],
\[ 0, -3, 8, -6, 32, -30 ],
\[ 0, -3, 8, 2, 8, -14 ],
\[ 0, -3, 8, 2, 32, -38 ],
\[ 0, -3, 8, 10, 8, -22 ],
\[ 0, -3, 8, 18, 8, -30 ],
\[ 0, -3, 10, 2, 20, -28 ],
\[ 0, -3, 12, -6, 32, -34 ],
\[ 0, -3, 12, 2, 8, -18 ],
\[ 0, -3, 12, 10, 8, -26 ],
\[ 0, -3, 14, 2, 20, -32 ],
\[ 0, -2, 5, -22, 73, -53 ],
\[ 0, -2, 5, -14, 49, -37 ],
\[ 0, -2, 5, -6, 25, -21 ],
\[ 0, -2, 5, -6, 49, -45 ],
\[ 0, -2, 5, 2, 25, -29 ],
\[ 0, -2, 5, 10, 25, -37 ],
\[ 0, -2, 7, -6, 37, -35 ],
\[ 0, -2, 7, 2, 13, -19 ],
\[ 0, -2, 7, 10, 13, -27 ],
\[ 0, -2, 9, -14, 49, -41 ],
\[ 0, -2, 9, -6, 25, -25 ],
\[ 0, -2, 9, 2, 25, -33 ],
\[ 0, -2, 11, -6, 37, -39 ],
\[ 0, -2, 11, 2, 13, -23 ],
\[ 0, -2, 11, 10, 13, -31 ],
\[ 0, -2, 15, 2, 13, -27 ],
\[ 0, -1, 2, -22, 66, -44 ],
\[ 0, -1, 2, -14, 42, -28 ],
\[ 0, -1, 2, -6, 18, -12 ],
\[ 0, -1, 2, -6, 42, -36 ],
\[ 0, -1, 2, 2, 18, -20 ],
\[ 0, -1, 2, 10, 18, -28 ],
\[ 0, -1, 4, -14, 54, -42 ],
\[ 0, -1, 4, -6, 30, -26 ],
\[ 0, -1, 4, 2, 6, -10 ],
\[ 0, -1, 4, 2, 30, -34 ],
\[ 0, -1, 4, 10, 6, -18 ],
\[ 0, -1, 4, 18, 6, -26 ],
\[ 0, -1, 6, -6, 42, -40 ],
\[ 0, -1, 6, 2, 18, -24 ],
\[ 0, -1, 6, 10, 18, -32 ],
\[ 0, -1, 8, -6, 30, -30 ],
\[ 0, -1, 8, 2, 6, -14 ],
\[ 0, -1, 8, 10, 6, -22 ],
\[ 0, -1, 10, 2, 18, -28 ],
\[ 0, -1, 12, -6, 30, -34 ],
\[ 0, 0, 1, -22, 71, -49 ],
\[ 0, 0, 1, -14, 47, -33 ],
\[ 0, 0, 1, -6, 23, -17 ],
\[ 0, 0, 1, -6, 47, -41 ],
\[ 0, 0, 1, 2, 23, -25 ],
\[ 0, 0, 1, 10, 23, -33 ],
\[ 0, 0, 3, -14, 59, -47 ],
\[ 0, 0, 3, -6, 35, -31 ],
\[ 0, 0, 3, 2, 11, -15 ],
\[ 0, 0, 3, 2, 35, -39 ],
\[ 0, 0, 3, 10, 11, -23 ],
\[ 0, 0, 3, 18, 11, -31 ],
\[ 0, 0, 5, -14, 47, -37 ],
\[ 0, 0, 5, -6, 23, -21 ],
\[ 0, 0, 5, 2, 23, -29 ],
\[ 0, 0, 7, -6, 35, -35 ],
\[ 0, 0, 7, 2, 11, -19 ],
\[ 0, 0, 7, 10, 11, -27 ],
\[ 0, 0, 9, 2, 23, -33 ],
\[ 0, 0, 11, 2, 11, -23 ],
\[ 0, 1, 0, -22, 76, -54 ],
\[ 0, 1, 0, -14, 52, -38 ],
\[ 0, 1, 0, -6, 28, -22 ],
\[ 0, 1, 0, -6, 52, -46 ],
\[ 0, 1, 0, 2, 4, -6 ],
\[ 0, 1, 0, 2, 28, -30 ],
\[ 0, 1, 0, 10, 4, -14 ],
\[ 0, 1, 0, 10, 28, -38 ],
\[ 0, 1, 0, 18, 4, -22 ],
\[ 0, 1, 0, 26, 4, -30 ],
\[ 0, 1, 2, -6, 40, -36 ],
\[ 0, 1, 2, 2, 16, -20 ],
\[ 0, 1, 2, 10, 16, -28 ],
\[ 0, 1, 4, -14, 52, -42 ],
\[ 0, 1, 4, -6, 28, -26 ],
\[ 0, 1, 4, 2, 4, -10 ],
\[ 0, 1, 4, 2, 28, -34 ],
\[ 0, 1, 4, 10, 4, -18 ],
\[ 0, 1, 4, 18, 4, -26 ],
\[ 0, 1, 6, -6, 40, -40 ],
\[ 0, 1, 6, 2, 16, -24 ],
\[ 0, 1, 6, 10, 16, -32 ],
\[ 0, 1, 8, -6, 28, -30 ],
\[ 0, 1, 10, 2, 16, -28 ],
\[ 0, 2, 1, -22, 69, -49 ],
\[ 0, 2, 1, -14, 45, -33 ],
\[ 0, 2, 1, -6, 21, -17 ],
\[ 0, 2, 1, -6, 45, -41 ],
\[ 0, 2, 1, 2, 21, -25 ],
\[ 0, 2, 1, 10, 21, -33 ],
\[ 0, 2, 3, -14, 57, -47 ],
\[ 0, 2, 3, -6, 33, -31 ],
\[ 0, 2, 3, 2, 9, -15 ],
\[ 0, 2, 3, 2, 33, -39 ],
\[ 0, 2, 3, 10, 9, -23 ],
\[ 0, 2, 3, 18, 9, -31 ],
\[ 0, 2, 5, 2, 21, -29 ],
\[ 0, 2, 7, -6, 33, -35 ],
\[ 0, 2, 7, 2, 9, -19 ],
\[ 0, 2, 7, 10, 9, -27 ],
\[ 0, 2, 9, 2, 21, -33 ],
\[ 0, 3, 0, -14, 50, -38 ],
\[ 0, 3, 0, -6, 26, -22 ],
\[ 0, 3, 0, 2, 2, -6 ],
\[ 0, 3, 0, 2, 26, -30 ],
\[ 0, 3, 0, 10, 2, -14 ],
\[ 0, 3, 0, 18, 2, -22 ],
\[ 0, 3, 2, -6, 38, -36 ],
\[ 0, 3, 2, 2, 14, -20 ],
\[ 0, 3, 2, 10, 14, -28 ],
\[ 0, 3, 4, -14, 50, -42 ],
\[ 0, 3, 4, -6, 26, -26 ],
\[ 0, 3, 4, 2, 26, -34 ],
\[ 0, 3, 6, 2, 14, -24 ],
\[ 0, 3, 10, 2, 14, -28 ],
\[ 0, 4, -1, -14, 55, -43 ],
\[ 0, 4, -1, -6, 31, -27 ],
\[ 0, 4, -1, 2, 7, -11 ],
\[ 0, 4, -1, 2, 31, -35 ],
\[ 0, 4, -1, 10, 7, -19 ],
\[ 0, 4, -1, 18, 7, -27 ],
\[ 0, 4, 1, -6, 43, -41 ],
\[ 0, 4, 1, 2, 19, -25 ],
\[ 0, 4, 1, 10, 19, -33 ],
\[ 0, 4, 3, -6, 31, -31 ],
\[ 0, 4, 3, 2, 7, -15 ],
\[ 0, 4, 3, 10, 7, -23 ],
\[ 0, 4, 5, 2, 19, -29 ],
\[ 0, 4, 7, -6, 31, -35 ],
\[ 0, 5, -2, -14, 60, -48 ],
\[ 0, 5, -2, -6, 36, -32 ],
\[ 0, 5, -2, 2, 12, -16 ],
\[ 0, 5, -2, 2, 36, -40 ],
\[ 0, 5, -2, 10, 12, -24 ],
\[ 0, 5, -2, 18, 12, -32 ],
\[ 0, 5, 0, -14, 48, -38 ],
\[ 0, 5, 0, -6, 24, -22 ],
\[ 0, 5, 0, 2, 24, -30 ],
\[ 0, 5, 2, -6, 36, -36 ],
\[ 0, 5, 2, 2, 12, -20 ],
\[ 0, 5, 2, 10, 12, -28 ],
\[ 0, 5, 4, 2, 24, -34 ],
\[ 0, 5, 6, 2, 12, -24 ],
\[ 0, 6, -1, -14, 53, -43 ],
\[ 0, 6, -1, -6, 29, -27 ],
\[ 0, 6, -1, 2, 5, -11 ],
\[ 0, 6, -1, 2, 29, -35 ],
\[ 0, 6, -1, 10, 5, -19 ],
\[ 0, 6, -1, 18, 5, -27 ],
\[ 0, 6, 1, -6, 41, -41 ],
\[ 0, 6, 1, 2, 17, -25 ],
\[ 0, 6, 1, 10, 17, -33 ],
\[ 0, 6, 3, -6, 29, -31 ],
\[ 0, 6, 5, 2, 17, -29 ],
\[ 0, 7, -2, -6, 34, -32 ],
\[ 0, 7, -2, 2, 10, -16 ],
\[ 0, 7, -2, 10, 10, -24 ],
\[ 0, 7, 0, 2, 22, -30 ],
\[ 0, 7, 2, -6, 34, -36 ],
\[ 0, 7, 2, 2, 10, -20 ],
\[ 0, 7, 2, 10, 10, -28 ],
\[ 0, 8, -3, -6, 39, -37 ],
\[ 0, 8, -3, 2, 15, -21 ],
\[ 0, 8, -3, 10, 15, -29 ],
\[ 0, 8, -1, -14, 51, -43 ],
\[ 0, 8, -1, -6, 27, -27 ],
\[ 0, 8, -1, 2, 27, -35 ],
\[ 0, 8, 1, 2, 15, -25 ],
\[ 0, 8, 5, 2, 15, -29 ],
\[ 0, 9, -4, -6, 44, -42 ],
\[ 0, 9, -4, 2, 20, -26 ],
\[ 0, 9, -4, 10, 20, -34 ],
\[ 0, 9, -2, -6, 32, -32 ],
\[ 0, 9, -2, 2, 8, -16 ],
\[ 0, 9, -2, 10, 8, -24 ],
\[ 0, 9, 0, 2, 20, -30 ],
\[ 0, 9, 2, -6, 32, -36 ],
\[ 0, 10, -3, -6, 37, -37 ],
\[ 0, 10, -3, 2, 13, -21 ],
\[ 0, 10, -3, 10, 13, -29 ],
\[ 0, 10, -1, 2, 25, -35 ],
\[ 0, 10, 1, 2, 13, -25 ],
\[ 0, 11, -4, 2, 18, -26 ],
\[ 0, 11, -2, -6, 30, -32 ],
\[ 0, 11, 0, 2, 18, -30 ],
\[ 0, 12, -5, 2, 23, -31 ],
\[ 0, 12, -3, -6, 35, -37 ],
\[ 0, 12, -3, 2, 11, -21 ],
\[ 0, 12, -3, 10, 11, -29 ],
\[ 0, 13, -6, -14, 52, -44 ],
\[ 0, 13, -6, -6, 28, -28 ],
\[ 0, 13, -6, 2, 28, -36 ],
\[ 0, 13, -4, 2, 16, -26 ],
\[ 0, 13, -2, -6, 28, -32 ],
\[ 0, 13, 0, 2, 16, -30 ],
\[ 0, 14, -5, 2, 21, -31 ],
\[ 0, 14, -3, -6, 33, -37 ],
\[ 0, 15, -6, -6, 26, -28 ],
\[ 0, 15, -4, 2, 14, -26 ],
\[ 0, 16, -7, -6, 31, -33 ],
\[ 0, 16, -5, 2, 19, -31 ],
\[ 0, 17, -8, -6, 36, -38 ],
\[ 0, 17, -8, 2, 12, -22 ],
\[ 0, 17, -8, 10, 12, -30 ],
\[ 0, 17, -4, 2, 12, -26 ],
\[ 0, 18, -7, -6, 29, -33 ],
\[ 0, 18, -5, 2, 17, -31 ],
\[ 0, 19, -8, 2, 10, -22 ],
\[ 0, 20, -9, 2, 15, -27 ],
\[ 0, 21, -10, 2, 20, -32 ],
\[ 0, 22, -9, 2, 13, -27 ],
\[ 1, -13, 27, -1, 18, -31 ],
\[ 1, -11, 23, -1, 16, -27 ],
\[ 1, -10, 22, -1, 21, -32 ],
\[ 1, -9, 17, -1, 26, -33 ],
\[ 1, -9, 19, -9, 38, -39 ],
\[ 1, -9, 19, -1, 14, -23 ],
\[ 1, -9, 19, 7, 14, -31 ],
\[ 1, -8, 18, -1, 19, -28 ],
\[ 1, -7, 13, -1, 24, -29 ],
\[ 1, -7, 15, -9, 36, -35 ],
\[ 1, -7, 15, -1, 12, -19 ],
\[ 1, -7, 15, 7, 12, -27 ],
\[ 1, -7, 17, -1, 24, -33 ],
\[ 1, -6, 12, -1, 29, -34 ],
\[ 1, -6, 14, -9, 41, -40 ],
\[ 1, -6, 14, -1, 17, -24 ],
\[ 1, -6, 14, 7, 17, -32 ],
\[ 1, -6, 18, -1, 17, -28 ],
\[ 1, -5, 9, -9, 46, -41 ],
\[ 1, -5, 9, -1, 22, -25 ],
\[ 1, -5, 9, 7, 22, -33 ],
\[ 1, -5, 11, -17, 58, -47 ],
\[ 1, -5, 11, -9, 34, -31 ],
\[ 1, -5, 11, -1, 10, -15 ],
\[ 1, -5, 11, -1, 34, -39 ],
\[ 1, -5, 11, 7, 10, -23 ],
\[ 1, -5, 11, 15, 10, -31 ],
\[ 1, -5, 13, -1, 22, -29 ],
\[ 1, -5, 15, 7, 10, -27 ],
\[ 1, -5, 17, -1, 22, -33 ],
\[ 1, -4, 8, -1, 27, -30 ],
\[ 1, -4, 10, -9, 39, -36 ],
\[ 1, -4, 10, -1, 15, -20 ],
\[ 1, -4, 10, 7, 15, -28 ],
\[ 1, -4, 12, -1, 27, -34 ],
\[ 1, -4, 14, -1, 15, -24 ],
\[ 1, -3, 5, -9, 44, -37 ],
\[ 1, -3, 5, -1, 20, -21 ],
\[ 1, -3, 5, 7, 20, -29 ],
\[ 1, -3, 7, -17, 56, -43 ],
\[ 1, -3, 7, -9, 32, -27 ],
\[ 1, -3, 7, -1, 8, -11 ],
\[ 1, -3, 7, -1, 32, -35 ],
\[ 1, -3, 7, 7, 8, -19 ],
\[ 1, -3, 7, 15, 8, -27 ],
\[ 1, -3, 9, -9, 44, -41 ],
\[ 1, -3, 9, -1, 20, -25 ],
\[ 1, -3, 9, 7, 20, -33 ],
\[ 1, -3, 11, 7, 8, -23 ],
\[ 1, -3, 13, -1, 20, -29 ],
\[ 1, -2, 4, -9, 49, -42 ],
\[ 1, -2, 4, -1, 25, -26 ],
\[ 1, -2, 4, 7, 25, -34 ],
\[ 1, -2, 6, -17, 61, -48 ],
\[ 1, -2, 6, -9, 37, -32 ],
\[ 1, -2, 6, -1, 13, -16 ],
\[ 1, -2, 6, -1, 37, -40 ],
\[ 1, -2, 6, 7, 13, -24 ],
\[ 1, -2, 6, 15, 13, -32 ],
\[ 1, -2, 8, -1, 25, -30 ],
\[ 1, -2, 10, -9, 37, -36 ],
\[ 1, -2, 10, -1, 13, -20 ],
\[ 1, -2, 10, 7, 13, -28 ],
\[ 1, -2, 12, -1, 25, -34 ],
\[ 1, -1, 1, -17, 66, -49 ],
\[ 1, -1, 1, -9, 42, -33 ],
\[ 1, -1, 1, -1, 18, -17 ],
\[ 1, -1, 1, -1, 42, -41 ],
\[ 1, -1, 1, 7, 18, -25 ],
\[ 1, -1, 1, 15, 18, -33 ],
\[ 1, -1, 3, -25, 78, -55 ],
\[ 1, -1, 3, -17, 54, -39 ],
\[ 1, -1, 3, -9, 30, -23 ],
\[ 1, -1, 3, -9, 54, -47 ],
\[ 1, -1, 3, -1, 6, -7 ],
\[ 1, -1, 3, -1, 30, -31 ],
\[ 1, -1, 3, 7, 6, -15 ],
\[ 1, -1, 3, 7, 30, -39 ],
\[ 1, -1, 3, 15, 6, -23 ],
\[ 1, -1, 3, 23, 6, -31 ],
\[ 1, -1, 5, -9, 42, -37 ],
\[ 1, -1, 5, -1, 18, -21 ],
\[ 1, -1, 5, 7, 18, -29 ],
\[ 1, -1, 7, -1, 30, -35 ],
\[ 1, -1, 7, 7, 6, -19 ],
\[ 1, -1, 7, 15, 6, -27 ],
\[ 1, -1, 9, -9, 42, -41 ],
\[ 1, -1, 9, -1, 18, -25 ],
\[ 1, -1, 9, 7, 18, -33 ],
\[ 1, -1, 13, -1, 18, -29 ],
\[ 1, 0, 0, -9, 47, -38 ],
\[ 1, 0, 0, -1, 23, -22 ],
\[ 1, 0, 0, 7, 23, -30 ],
\[ 1, 0, 2, -17, 59, -44 ],
\[ 1, 0, 2, -9, 35, -28 ],
\[ 1, 0, 2, -1, 11, -12 ],
\[ 1, 0, 2, -1, 35, -36 ],
\[ 1, 0, 2, 7, 11, -20 ],
\[ 1, 0, 2, 15, 11, -28 ],
\[ 1, 0, 4, -9, 47, -42 ],
\[ 1, 0, 4, -1, 23, -26 ],
\[ 1, 0, 4, 7, 23, -34 ],
\[ 1, 0, 6, -9, 35, -32 ],
\[ 1, 0, 6, -1, 11, -16 ],
\[ 1, 0, 6, 7, 11, -24 ],
\[ 1, 0, 8, -1, 23, -30 ],
\[ 1, 0, 10, 7, 11, -28 ],
\[ 1, 1, 1, -17, 64, -49 ],
\[ 1, 1, 1, -9, 40, -33 ],
\[ 1, 1, 1, -1, 16, -17 ],
\[ 1, 1, 1, -1, 40, -41 ],
\[ 1, 1, 1, 7, 16, -25 ],
\[ 1, 1, 1, 15, 16, -33 ],
\[ 1, 1, 3, -1, 28, -31 ],
\[ 1, 1, 3, 7, 4, -15 ],
\[ 1, 1, 3, 15, 4, -23 ],
\[ 1, 1, 5, -9, 40, -37 ],
\[ 1, 1, 5, -1, 16, -21 ],
\[ 1, 1, 5, 7, 16, -29 ],
\[ 1, 1, 7, -1, 28, -35 ],
\[ 1, 1, 9, -1, 16, -25 ],
\[ 1, 2, 0, -9, 45, -38 ],
\[ 1, 2, 0, -1, 21, -22 ],
\[ 1, 2, 0, 7, 21, -30 ],
\[ 1, 2, 2, -17, 57, -44 ],
\[ 1, 2, 2, -9, 33, -28 ],
\[ 1, 2, 2, -1, 9, -12 ],
\[ 1, 2, 2, -1, 33, -36 ],
\[ 1, 2, 2, 7, 9, -20 ],
\[ 1, 2, 2, 15, 9, -28 ],
\[ 1, 2, 4, -9, 45, -42 ],
\[ 1, 2, 4, -1, 21, -26 ],
\[ 1, 2, 4, 7, 21, -34 ],
\[ 1, 2, 6, 7, 9, -24 ],
\[ 1, 2, 8, -1, 21, -30 ],
\[ 1, 3, -1, -9, 50, -43 ],
\[ 1, 3, -1, -1, 26, -27 ],
\[ 1, 3, -1, 7, 2, -11 ],
\[ 1, 3, -1, 7, 26, -35 ],
\[ 1, 3, -1, 15, 2, -19 ],
\[ 1, 3, -1, 23, 2, -27 ],
\[ 1, 3, 1, -17, 62, -49 ],
\[ 1, 3, 1, -9, 38, -33 ],
\[ 1, 3, 1, -1, 14, -17 ],
\[ 1, 3, 1, -1, 38, -41 ],
\[ 1, 3, 1, 7, 14, -25 ],
\[ 1, 3, 1, 15, 14, -33 ],
\[ 1, 3, 3, -1, 26, -31 ],
\[ 1, 3, 5, -9, 38, -37 ],
\[ 1, 3, 5, -1, 14, -21 ],
\[ 1, 3, 5, 7, 14, -29 ],
\[ 1, 3, 7, -1, 26, -35 ],
\[ 1, 4, -2, -17, 55, -40 ],
\[ 1, 4, -2, -9, 31, -24 ],
\[ 1, 4, -2, -1, 7, -8 ],
\[ 1, 4, -2, -1, 31, -32 ],
\[ 1, 4, -2, 7, 7, -16 ],
\[ 1, 4, -2, 15, 7, -24 ],
\[ 1, 4, 0, -9, 43, -38 ],
\[ 1, 4, 0, -1, 19, -22 ],
\[ 1, 4, 0, 7, 19, -30 ],
\[ 1, 4, 2, -1, 31, -36 ],
\[ 1, 4, 2, 7, 7, -20 ],
\[ 1, 4, 2, 15, 7, -28 ],
\[ 1, 4, 4, -1, 19, -26 ],
\[ 1, 4, 8, -1, 19, -30 ],
\[ 1, 5, -1, -9, 48, -43 ],
\[ 1, 5, -1, -1, 24, -27 ],
\[ 1, 5, -1, 7, 24, -35 ],
\[ 1, 5, 1, -9, 36, -33 ],
\[ 1, 5, 1, -1, 12, -17 ],
\[ 1, 5, 1, 7, 12, -25 ],
\[ 1, 5, 3, -1, 24, -31 ],
\[ 1, 5, 5, 7, 12, -29 ],
\[ 1, 6, -2, -1, 29, -32 ],
\[ 1, 6, -2, 7, 5, -16 ],
\[ 1, 6, -2, 15, 5, -24 ],
\[ 1, 6, 0, -9, 41, -38 ],
\[ 1, 6, 0, -1, 17, -22 ],
\[ 1, 6, 0, 7, 17, -30 ],
\[ 1, 6, 2, -1, 29, -36 ],
\[ 1, 6, 4, -1, 17, -26 ],
\[ 1, 6, 8, -1, 17, -30 ],
\[ 1, 7, -3, -17, 58, -45 ],
\[ 1, 7, -3, -9, 34, -29 ],
\[ 1, 7, -3, -1, 10, -13 ],
\[ 1, 7, -3, -1, 34, -37 ],
\[ 1, 7, -3, 7, 10, -21 ],
\[ 1, 7, -3, 15, 10, -29 ],
\[ 1, 7, -1, -9, 46, -43 ],
\[ 1, 7, -1, -1, 22, -27 ],
\[ 1, 7, -1, 7, 22, -35 ],
\[ 1, 7, 1, 7, 10, -25 ],
\[ 1, 7, 3, -1, 22, -31 ],
\[ 1, 8, -4, -9, 39, -34 ],
\[ 1, 8, -4, -1, 15, -18 ],
\[ 1, 8, -4, 7, 15, -26 ],
\[ 1, 8, -2, -1, 27, -32 ],
\[ 1, 8, 0, -9, 39, -38 ],
\[ 1, 8, 0, -1, 15, -22 ],
\[ 1, 8, 0, 7, 15, -30 ],
\[ 1, 8, 4, -1, 15, -26 ],
\[ 1, 9, -3, -1, 32, -37 ],
\[ 1, 9, -3, 7, 8, -21 ],
\[ 1, 9, -3, 15, 8, -29 ],
\[ 1, 9, -1, -1, 20, -27 ],
\[ 1, 9, 3, -1, 20, -31 ],
\[ 1, 10, -4, -9, 37, -34 ],
\[ 1, 10, -4, -1, 13, -18 ],
\[ 1, 10, -4, 7, 13, -26 ],
\[ 1, 10, -2, -1, 25, -32 ],
\[ 1, 10, 0, -9, 37, -38 ],
\[ 1, 10, 0, -1, 13, -22 ],
\[ 1, 10, 0, 7, 13, -30 ],
\[ 1, 11, -5, -9, 42, -39 ],
\[ 1, 11, -5, -1, 18, -23 ],
\[ 1, 11, -5, 7, 18, -31 ],
\[ 1, 11, -3, -1, 30, -37 ],
\[ 1, 11, -1, -1, 18, -27 ],
\[ 1, 11, 3, -1, 18, -31 ],
\[ 1, 12, -6, -1, 23, -28 ],
\[ 1, 12, -4, -9, 35, -34 ],
\[ 1, 12, -4, -1, 11, -18 ],
\[ 1, 12, -4, 7, 11, -26 ],
\[ 1, 12, -2, -1, 23, -32 ],
\[ 1, 13, -5, -9, 40, -39 ],
\[ 1, 13, -5, -1, 16, -23 ],
\[ 1, 13, -5, 7, 16, -31 ],
\[ 1, 13, -1, -1, 16, -27 ],
\[ 1, 14, -6, -1, 21, -28 ],
\[ 1, 14, -2, -1, 21, -32 ],
\[ 1, 15, -7, -1, 26, -33 ],
\[ 1, 15, -5, -9, 38, -39 ],
\[ 1, 15, -5, -1, 14, -23 ],
\[ 1, 15, -5, 7, 14, -31 ],
\[ 1, 16, -6, -1, 19, -28 ],
\[ 1, 17, -7, -1, 24, -33 ],
\[ 1, 18, -6, -1, 17, -28 ],
\[ 1, 19, -9, 7, 10, -27 ],
\[ 1, 19, -7, -1, 22, -33 ],
\[ 1, 20, -10, -1, 15, -24 ],
\[ 1, 23, -11, -1, 18, -29 ],
\[ 2, -11, 20, -4, 28, -34 ],
\[ 2, -9, 16, -4, 26, -30 ],
\[ 2, -9, 18, 4, 14, -28 ],
\[ 2, -9, 20, -4, 26, -34 ],
\[ 2, -8, 15, -4, 31, -35 ],
\[ 2, -7, 12, -12, 48, -42 ],
\[ 2, -7, 12, -4, 24, -26 ],
\[ 2, -7, 12, 4, 24, -34 ],
\[ 2, -7, 14, 4, 12, -24 ],
\[ 2, -7, 16, -4, 24, -30 ],
\[ 2, -7, 18, 4, 12, -28 ],
\[ 2, -6, 11, -4, 29, -31 ],
\[ 2, -6, 13, 4, 17, -29 ],
\[ 2, -6, 15, -4, 29, -35 ],
\[ 2, -5, 8, -12, 46, -38 ],
\[ 2, -5, 8, -4, 22, -22 ],
\[ 2, -5, 8, 4, 22, -30 ],
\[ 2, -5, 10, -4, 34, -36 ],
\[ 2, -5, 10, 4, 10, -20 ],
\[ 2, -5, 10, 12, 10, -28 ],
\[ 2, -5, 12, -12, 46, -42 ],
\[ 2, -5, 12, -4, 22, -26 ],
\[ 2, -5, 12, 4, 22, -34 ],
\[ 2, -5, 14, 4, 10, -24 ],
\[ 2, -4, 7, -12, 51, -43 ],
\[ 2, -4, 7, -4, 27, -27 ],
\[ 2, -4, 7, 4, 27, -35 ],
\[ 2, -4, 9, 4, 15, -25 ],
\[ 2, -4, 11, -4, 27, -31 ],
\[ 2, -4, 13, 4, 15, -29 ],
\[ 2, -3, 4, -20, 68, -50 ],
\[ 2, -3, 4, -12, 44, -34 ],
\[ 2, -3, 4, -4, 20, -18 ],
\[ 2, -3, 4, -4, 44, -42 ],
\[ 2, -3, 4, 4, 20, -26 ],
\[ 2, -3, 4, 12, 20, -34 ],
\[ 2, -3, 6, -4, 32, -32 ],
\[ 2, -3, 6, 4, 8, -16 ],
\[ 2, -3, 6, 12, 8, -24 ],
\[ 2, -3, 8, -12, 44, -38 ],
\[ 2, -3, 8, -4, 20, -22 ],
\[ 2, -3, 8, 4, 20, -30 ],
\[ 2, -3, 10, -4, 32, -36 ],
\[ 2, -3, 10, 4, 8, -20 ],
\[ 2, -3, 10, 12, 8, -28 ],
\[ 2, -2, 3, -12, 49, -39 ],
\[ 2, -2, 3, -4, 25, -23 ],
\[ 2, -2, 3, 4, 25, -31 ],
\[ 2, -2, 5, -4, 37, -37 ],
\[ 2, -2, 5, 4, 13, -21 ],
\[ 2, -2, 5, 12, 13, -29 ],
\[ 2, -2, 7, -12, 49, -43 ],
\[ 2, -2, 7, -4, 25, -27 ],
\[ 2, -2, 7, 4, 25, -35 ],
\[ 2, -2, 9, 4, 13, -25 ],
\[ 2, -2, 11, -4, 25, -31 ],
\[ 2, -2, 13, 4, 13, -29 ],
\[ 2, -1, 2, -12, 54, -44 ],
\[ 2, -1, 2, -4, 30, -28 ],
\[ 2, -1, 2, 4, 6, -12 ],
\[ 2, -1, 2, 4, 30, -36 ],
\[ 2, -1, 2, 12, 6, -20 ],
\[ 2, -1, 2, 20, 6, -28 ],
\[ 2, -1, 4, -20, 66, -50 ],
\[ 2, -1, 4, -12, 42, -34 ],
\[ 2, -1, 4, -4, 18, -18 ],
\[ 2, -1, 4, -4, 42, -42 ],
\[ 2, -1, 4, 4, 18, -26 ],
\[ 2, -1, 4, 12, 18, -34 ],
\[ 2, -1, 6, -4, 30, -32 ],
\[ 2, -1, 6, 4, 6, -16 ],
\[ 2, -1, 6, 12, 6, -24 ],
\[ 2, -1, 8, 4, 18, -30 ],
\[ 2, -1, 10, -4, 30, -36 ],
\[ 2, 0, 1, -4, 35, -33 ],
\[ 2, 0, 1, 4, 11, -17 ],
\[ 2, 0, 1, 12, 11, -25 ],
\[ 2, 0, 3, -12, 47, -39 ],
\[ 2, 0, 3, -4, 23, -23 ],
\[ 2, 0, 3, 4, 23, -31 ],
\[ 2, 0, 5, -4, 35, -37 ],
\[ 2, 0, 5, 4, 11, -21 ],
\[ 2, 0, 5, 12, 11, -29 ],
\[ 2, 0, 7, -4, 23, -27 ],
\[ 2, 0, 9, 4, 11, -25 ],
\[ 2, 1, 0, -20, 64, -46 ],
\[ 2, 1, 0, -12, 40, -30 ],
\[ 2, 1, 0, -4, 16, -14 ],
\[ 2, 1, 0, -4, 40, -38 ],
\[ 2, 1, 0, 4, 16, -22 ],
\[ 2, 1, 0, 12, 16, -30 ],
\[ 2, 1, 2, -12, 52, -44 ],
\[ 2, 1, 2, -4, 28, -28 ],
\[ 2, 1, 2, 4, 4, -12 ],
\[ 2, 1, 2, 4, 28, -36 ],
\[ 2, 1, 2, 12, 4, -20 ],
\[ 2, 1, 2, 20, 4, -28 ],
\[ 2, 1, 4, 4, 16, -26 ],
\[ 2, 1, 6, -4, 28, -32 ],
\[ 2, 1, 8, 4, 16, -30 ],
\[ 2, 2, -1, -20, 69, -51 ],
\[ 2, 2, -1, -12, 45, -35 ],
\[ 2, 2, -1, -4, 21, -19 ],
\[ 2, 2, -1, -4, 45, -43 ],
\[ 2, 2, -1, 4, 21, -27 ],
\[ 2, 2, -1, 12, 21, -35 ],
\[ 2, 2, 1, -4, 33, -33 ],
\[ 2, 2, 1, 4, 9, -17 ],
\[ 2, 2, 1, 12, 9, -25 ],
\[ 2, 2, 3, -12, 45, -39 ],
\[ 2, 2, 3, -4, 21, -23 ],
\[ 2, 2, 3, 4, 21, -31 ],
\[ 2, 2, 5, -4, 33, -37 ],
\[ 2, 2, 5, 4, 9, -21 ],
\[ 2, 2, 5, 12, 9, -29 ],
\[ 2, 3, 0, -4, 38, -38 ],
\[ 2, 3, 0, 4, 14, -22 ],
\[ 2, 3, 0, 12, 14, -30 ],
\[ 2, 3, 2, -12, 50, -44 ],
\[ 2, 3, 2, -4, 26, -28 ],
\[ 2, 3, 2, 4, 26, -36 ],
\[ 2, 3, 4, 4, 14, -26 ],
\[ 2, 3, 6, -4, 26, -32 ],
\[ 2, 3, 8, 4, 14, -30 ],
\[ 2, 4, -1, -12, 43, -35 ],
\[ 2, 4, -1, -4, 19, -19 ],
\[ 2, 4, -1, 4, 19, -27 ],
\[ 2, 4, 1, -4, 31, -33 ],
\[ 2, 4, 1, 4, 7, -17 ],
\[ 2, 4, 1, 12, 7, -25 ],
\[ 2, 4, 3, 4, 19, -31 ],
\[ 2, 5, -2, -12, 48, -40 ],
\[ 2, 5, -2, -4, 24, -24 ],
\[ 2, 5, -2, 4, 24, -32 ],
\[ 2, 5, 0, -4, 36, -38 ],
\[ 2, 5, 0, 4, 12, -22 ],
\[ 2, 5, 0, 12, 12, -30 ],
\[ 2, 5, 2, -4, 24, -28 ],
\[ 2, 5, 4, 4, 12, -26 ],
\[ 2, 5, 6, -4, 24, -32 ],
\[ 2, 6, -3, -12, 53, -45 ],
\[ 2, 6, -3, -4, 29, -29 ],
\[ 2, 6, -3, 4, 5, -13 ],
\[ 2, 6, -3, 4, 29, -37 ],
\[ 2, 6, -3, 12, 5, -21 ],
\[ 2, 6, -3, 20, 5, -29 ],
\[ 2, 6, -1, 4, 17, -27 ],
\[ 2, 6, 1, -4, 29, -33 ],
\[ 2, 6, 3, 4, 17, -31 ],
\[ 2, 7, -2, -12, 46, -40 ],
\[ 2, 7, -2, -4, 22, -24 ],
\[ 2, 7, -2, 4, 22, -32 ],
\[ 2, 7, 0, -4, 34, -38 ],
\[ 2, 7, 0, 4, 10, -22 ],
\[ 2, 7, 0, 12, 10, -30 ],
\[ 2, 7, 2, -4, 22, -28 ],
\[ 2, 8, -3, -4, 27, -29 ],
\[ 2, 8, -1, 4, 15, -27 ],
\[ 2, 8, 1, -4, 27, -33 ],
\[ 2, 9, -4, -4, 32, -34 ],
\[ 2, 9, -4, 4, 8, -18 ],
\[ 2, 9, -4, 12, 8, -26 ],
\[ 2, 9, -2, -12, 44, -40 ],
\[ 2, 9, -2, -4, 20, -24 ],
\[ 2, 9, -2, 4, 20, -32 ],
\[ 2, 10, -5, -4, 37, -39 ],
\[ 2, 10, -5, 4, 13, -23 ],
\[ 2, 10, -5, 12, 13, -31 ],
\[ 2, 10, -3, -4, 25, -29 ],
\[ 2, 10, -1, 4, 13, -27 ],
\[ 2, 10, 1, -4, 25, -33 ],
\[ 2, 11, -4, -4, 30, -34 ],
\[ 2, 11, -2, 4, 18, -32 ],
\[ 2, 12, -5, 4, 11, -23 ],
\[ 2, 12, -3, -4, 23, -29 ],
\[ 2, 13, -6, 4, 16, -28 ],
\[ 2, 13, -4, -4, 28, -34 ],
\[ 2, 14, -7, -12, 45, -41 ],
\[ 2, 14, -7, -4, 21, -25 ],
\[ 2, 14, -7, 4, 21, -33 ],
\[ 2, 15, -6, 4, 14, -28 ],
\[ 2, 15, -4, -4, 26, -34 ],
\[ 2, 17, -8, -4, 24, -30 ],
\[ 2, 17, -6, 4, 12, -28 ],
\[ 2, 18, -9, -4, 29, -35 ],
\[ 2, 22, -11, 4, 13, -29 ],
\[ 3, -11, 21, 1, 16, -29 ],
\[ 3, -10, 18, -7, 33, -36 ],
\[ 3, -9, 15, 1, 26, -35 ],
\[ 3, -9, 17, 1, 14, -25 ],
\[ 3, -9, 21, 1, 14, -29 ],
\[ 3, -8, 14, -7, 31, -32 ],
\[ 3, -8, 16, 1, 19, -30 ],
\[ 3, -7, 11, 1, 24, -31 ],
\[ 3, -7, 13, -7, 36, -37 ],
\[ 3, -7, 13, 1, 12, -21 ],
\[ 3, -7, 13, 9, 12, -29 ],
\[ 3, -7, 17, 1, 12, -25 ],
\[ 3, -6, 10, -15, 53, -44 ],
\[ 3, -6, 10, -7, 29, -28 ],
\[ 3, -6, 10, 1, 29, -36 ],
\[ 3, -6, 12, 1, 17, -26 ],
\[ 3, -6, 16, 1, 17, -30 ],
\[ 3, -5, 7, -7, 46, -43 ],
\[ 3, -5, 7, 1, 22, -27 ],
\[ 3, -5, 7, 9, 22, -35 ],
\[ 3, -5, 9, -7, 34, -33 ],
\[ 3, -5, 9, 1, 10, -17 ],
\[ 3, -5, 9, 9, 10, -25 ],
\[ 3, -5, 11, 1, 22, -31 ],
\[ 3, -5, 13, -7, 34, -37 ],
\[ 3, -5, 13, 1, 10, -21 ],
\[ 3, -5, 13, 9, 10, -29 ],
\[ 3, -4, 6, -15, 51, -40 ],
\[ 3, -4, 6, -7, 27, -24 ],
\[ 3, -4, 6, 1, 27, -32 ],
\[ 3, -4, 8, -7, 39, -38 ],
\[ 3, -4, 8, 1, 15, -22 ],
\[ 3, -4, 8, 9, 15, -30 ],
\[ 3, -4, 10, 1, 27, -36 ],
\[ 3, -4, 12, 1, 15, -26 ],
\[ 3, -4, 16, 1, 15, -30 ],
\[ 3, -3, 3, -7, 44, -39 ],
\[ 3, -3, 3, 1, 20, -23 ],
\[ 3, -3, 3, 9, 20, -31 ],
\[ 3, -3, 5, -15, 56, -45 ],
\[ 3, -3, 5, -7, 32, -29 ],
\[ 3, -3, 5, 1, 8, -13 ],
\[ 3, -3, 5, 1, 32, -37 ],
\[ 3, -3, 5, 9, 8, -21 ],
\[ 3, -3, 5, 17, 8, -29 ],
\[ 3, -3, 7, 1, 20, -27 ],
\[ 3, -3, 9, -7, 32, -33 ],
\[ 3, -3, 9, 1, 8, -17 ],
\[ 3, -3, 9, 9, 8, -25 ],
\[ 3, -3, 11, 1, 20, -31 ],
\[ 3, -2, 2, -23, 73, -52 ],
\[ 3, -2, 2, -15, 49, -36 ],
\[ 3, -2, 2, -7, 25, -20 ],
\[ 3, -2, 2, -7, 49, -44 ],
\[ 3, -2, 2, 1, 25, -28 ],
\[ 3, -2, 2, 9, 25, -36 ],
\[ 3, -2, 4, -7, 37, -34 ],
\[ 3, -2, 4, 1, 13, -18 ],
\[ 3, -2, 4, 9, 13, -26 ],
\[ 3, -2, 6, 1, 25, -32 ],
\[ 3, -2, 8, -7, 37, -38 ],
\[ 3, -2, 8, 1, 13, -22 ],
\[ 3, -2, 8, 9, 13, -30 ],
\[ 3, -2, 12, 1, 13, -26 ],
\[ 3, -1, 1, -15, 54, -41 ],
\[ 3, -1, 1, -7, 30, -25 ],
\[ 3, -1, 1, 1, 6, -9 ],
\[ 3, -1, 1, 1, 30, -33 ],
\[ 3, -1, 1, 9, 6, -17 ],
\[ 3, -1, 1, 17, 6, -25 ],
\[ 3, -1, 3, -7, 42, -39 ],
\[ 3, -1, 3, 1, 18, -23 ],
\[ 3, -1, 3, 9, 18, -31 ],
\[ 3, -1, 5, -15, 54, -45 ],
\[ 3, -1, 5, -7, 30, -29 ],
\[ 3, -1, 5, 1, 6, -13 ],
\[ 3, -1, 5, 1, 30, -37 ],
\[ 3, -1, 5, 9, 6, -21 ],
\[ 3, -1, 5, 17, 6, -29 ],
\[ 3, -1, 7, 1, 18, -27 ],
\[ 3, -1, 11, 1, 18, -31 ],
\[ 3, 0, 0, -15, 59, -46 ],
\[ 3, 0, 0, -7, 35, -30 ],
\[ 3, 0, 0, 1, 11, -14 ],
\[ 3, 0, 0, 1, 35, -38 ],
\[ 3, 0, 0, 9, 11, -22 ],
\[ 3, 0, 0, 17, 11, -30 ],
\[ 3, 0, 2, -7, 47, -44 ],
\[ 3, 0, 2, 1, 23, -28 ],
\[ 3, 0, 2, 9, 23, -36 ],
\[ 3, 0, 4, -7, 35, -34 ],
\[ 3, 0, 4, 1, 11, -18 ],
\[ 3, 0, 4, 9, 11, -26 ],
\[ 3, 0, 6, 1, 23, -32 ],
\[ 3, 0, 8, -7, 35, -38 ],
\[ 3, 0, 8, 1, 11, -22 ],
\[ 3, 0, 8, 9, 11, -30 ],
\[ 3, 1, -1, -7, 40, -35 ],
\[ 3, 1, -1, 1, 16, -19 ],
\[ 3, 1, -1, 9, 16, -27 ],
\[ 3, 1, 1, -15, 52, -41 ],
\[ 3, 1, 1, -7, 28, -25 ],
\[ 3, 1, 1, 1, 4, -9 ],
\[ 3, 1, 1, 1, 28, -33 ],
\[ 3, 1, 1, 9, 4, -17 ],
\[ 3, 1, 1, 17, 4, -25 ],
\[ 3, 1, 3, -7, 40, -39 ],
\[ 3, 1, 3, 1, 16, -23 ],
\[ 3, 1, 3, 9, 16, -31 ],
\[ 3, 1, 7, 1, 16, -27 ],
\[ 3, 2, 0, -15, 57, -46 ],
\[ 3, 2, 0, -7, 33, -30 ],
\[ 3, 2, 0, 1, 9, -14 ],
\[ 3, 2, 0, 1, 33, -38 ],
\[ 3, 2, 0, 9, 9, -22 ],
\[ 3, 2, 0, 17, 9, -30 ],
\[ 3, 2, 2, 1, 21, -28 ],
\[ 3, 2, 4, -7, 33, -34 ],
\[ 3, 2, 4, 1, 9, -18 ],
\[ 3, 2, 4, 9, 9, -26 ],
\[ 3, 2, 6, 1, 21, -32 ],
\[ 3, 3, -1, -7, 38, -35 ],
\[ 3, 3, -1, 1, 14, -19 ],
\[ 3, 3, -1, 9, 14, -27 ],
\[ 3, 3, 1, 1, 26, -33 ],
\[ 3, 3, 3, -7, 38, -39 ],
\[ 3, 3, 3, 1, 14, -23 ],
\[ 3, 3, 3, 9, 14, -31 ],
\[ 3, 3, 7, 1, 14, -27 ],
\[ 3, 4, -2, -7, 43, -40 ],
\[ 3, 4, -2, 1, 19, -24 ],
\[ 3, 4, -2, 9, 19, -32 ],
\[ 3, 4, 0, -15, 55, -46 ],
\[ 3, 4, 0, -7, 31, -30 ],
\[ 3, 4, 0, 1, 7, -14 ],
\[ 3, 4, 0, 1, 31, -38 ],
\[ 3, 4, 0, 9, 7, -22 ],
\[ 3, 4, 0, 17, 7, -30 ],
\[ 3, 4, 2, 1, 19, -28 ],
\[ 3, 4, 4, -7, 31, -34 ],
\[ 3, 4, 6, 1, 19, -32 ],
\[ 3, 5, -3, 1, 24, -29 ],
\[ 3, 5, -1, -7, 36, -35 ],
\[ 3, 5, -1, 1, 12, -19 ],
\[ 3, 5, -1, 9, 12, -27 ],
\[ 3, 5, 1, 1, 24, -33 ],
\[ 3, 5, 3, 1, 12, -23 ],
\[ 3, 6, -2, -7, 41, -40 ],
\[ 3, 6, -2, 1, 17, -24 ],
\[ 3, 6, -2, 9, 17, -32 ],
\[ 3, 6, 0, -7, 29, -30 ],
\[ 3, 6, 2, 1, 17, -28 ],
\[ 3, 7, -3, 1, 22, -29 ],
\[ 3, 7, -1, -7, 34, -35 ],
\[ 3, 7, -1, 1, 10, -19 ],
\[ 3, 7, -1, 9, 10, -27 ],
\[ 3, 7, 1, 1, 22, -33 ],
\[ 3, 8, -4, -15, 51, -42 ],
\[ 3, 8, -4, -7, 27, -26 ],
\[ 3, 8, -4, 1, 27, -34 ],
\[ 3, 8, -2, -7, 39, -40 ],
\[ 3, 8, -2, 1, 15, -24 ],
\[ 3, 8, -2, 9, 15, -32 ],
\[ 3, 8, 2, 1, 15, -28 ],
\[ 3, 9, -5, -7, 32, -31 ],
\[ 3, 9, -5, 1, 8, -15 ],
\[ 3, 9, -5, 9, 8, -23 ],
\[ 3, 9, -3, 1, 20, -29 ],
\[ 3, 9, -1, -7, 32, -35 ],
\[ 3, 10, -4, 1, 25, -34 ],
\[ 3, 10, -2, 1, 13, -24 ],
\[ 3, 11, -5, -7, 30, -31 ],
\[ 3, 11, -3, 1, 18, -29 ],
\[ 3, 12, -6, -7, 35, -36 ],
\[ 3, 12, -6, 1, 11, -20 ],
\[ 3, 12, -6, 9, 11, -28 ],
\[ 3, 12, -4, 1, 23, -34 ],
\[ 3, 13, -7, 1, 16, -25 ],
\[ 3, 13, -3, 1, 16, -29 ],
\[ 3, 14, -6, -7, 33, -36 ],
\[ 3, 15, -7, 1, 14, -25 ],
\[ 3, 15, -3, 1, 14, -29 ],
\[ 3, 16, -8, 1, 19, -30 ],
\[ 3, 17, -7, 1, 12, -25 ],
\[ 3, 18, -8, 1, 17, -30 ],
\[ 3, 20, -8, 1, 15, -30 ],
\[ 4, -10, 19, -2, 21, -31 ],
\[ 4, -9, 14, -2, 26, -32 ],
\[ 4, -9, 16, 6, 14, -30 ],
\[ 4, -8, 13, -2, 31, -37 ],
\[ 4, -8, 15, -2, 19, -27 ],
\[ 4, -7, 10, -2, 24, -28 ],
\[ 4, -7, 12, 6, 12, -26 ],
\[ 4, -7, 14, -2, 24, -32 ],
\[ 4, -6, 9, -2, 29, -33 ],
\[ 4, -6, 11, -10, 41, -39 ],
\[ 4, -6, 11, -2, 17, -23 ],
\[ 4, -6, 11, 6, 17, -31 ],
\[ 4, -5, 6, -10, 46, -40 ],
\[ 4, -5, 6, -2, 22, -24 ],
\[ 4, -5, 6, 6, 22, -32 ],
\[ 4, -5, 8, -2, 34, -38 ],
\[ 4, -5, 8, 6, 10, -22 ],
\[ 4, -5, 8, 14, 10, -30 ],
\[ 4, -5, 10, -2, 22, -28 ],
\[ 4, -5, 12, 6, 10, -26 ],
\[ 4, -5, 14, -2, 22, -32 ],
\[ 4, -4, 5, -10, 51, -45 ],
\[ 4, -4, 5, -2, 27, -29 ],
\[ 4, -4, 5, 6, 27, -37 ],
\[ 4, -4, 7, -10, 39, -35 ],
\[ 4, -4, 7, -2, 15, -19 ],
\[ 4, -4, 7, 6, 15, -27 ],
\[ 4, -4, 9, -2, 27, -33 ],
\[ 4, -4, 11, 6, 15, -31 ],
\[ 4, -3, 2, -10, 44, -36 ],
\[ 4, -3, 2, -2, 20, -20 ],
\[ 4, -3, 2, 6, 20, -28 ],
\[ 4, -3, 4, -2, 32, -34 ],
\[ 4, -3, 4, 6, 8, -18 ],
\[ 4, -3, 4, 14, 8, -26 ],
\[ 4, -3, 6, -10, 44, -40 ],
\[ 4, -3, 6, -2, 20, -24 ],
\[ 4, -3, 6, 6, 20, -32 ],
\[ 4, -3, 8, 6, 8, -22 ],
\[ 4, -3, 10, -2, 20, -28 ],
\[ 4, -2, 1, -10, 49, -41 ],
\[ 4, -2, 1, -2, 25, -25 ],
\[ 4, -2, 1, 6, 25, -33 ],
\[ 4, -2, 3, -18, 61, -47 ],
\[ 4, -2, 3, -10, 37, -31 ],
\[ 4, -2, 3, -2, 13, -15 ],
\[ 4, -2, 3, -2, 37, -39 ],
\[ 4, -2, 3, 6, 13, -23 ],
\[ 4, -2, 3, 14, 13, -31 ],
\[ 4, -2, 5, -2, 25, -29 ],
\[ 4, -2, 7, 6, 13, -27 ],
\[ 4, -2, 9, -2, 25, -33 ],
\[ 4, -1, 0, -10, 54, -46 ],
\[ 4, -1, 0, -2, 30, -30 ],
\[ 4, -1, 0, 6, 6, -14 ],
\[ 4, -1, 0, 6, 30, -38 ],
\[ 4, -1, 0, 14, 6, -22 ],
\[ 4, -1, 0, 22, 6, -30 ],
\[ 4, -1, 2, -10, 42, -36 ],
\[ 4, -1, 2, -2, 18, -20 ],
\[ 4, -1, 2, 6, 18, -28 ],
\[ 4, -1, 4, -2, 30, -34 ],
\[ 4, -1, 4, 6, 6, -18 ],
\[ 4, -1, 4, 14, 6, -26 ],
\[ 4, -1, 6, -10, 42, -40 ],
\[ 4, -1, 6, -2, 18, -24 ],
\[ 4, -1, 6, 6, 18, -32 ],
\[ 4, -1, 10, -2, 18, -28 ],
\[ 4, 0, 1, -10, 47, -41 ],
\[ 4, 0, 1, -2, 23, -25 ],
\[ 4, 0, 1, 6, 23, -33 ],
\[ 4, 0, 3, -2, 35, -39 ],
\[ 4, 0, 3, 6, 11, -23 ],
\[ 4, 0, 3, 14, 11, -31 ],
\[ 4, 0, 5, -2, 23, -29 ],
\[ 4, 0, 7, 6, 11, -27 ],
\[ 4, 0, 9, -2, 23, -33 ],
\[ 4, 1, 0, -2, 28, -30 ],
\[ 4, 1, 0, 6, 4, -14 ],
\[ 4, 1, 0, 14, 4, -22 ],
\[ 4, 1, 2, -10, 40, -36 ],
\[ 4, 1, 2, -2, 16, -20 ],
\[ 4, 1, 2, 6, 16, -28 ],
\[ 4, 1, 4, -2, 28, -34 ],
\[ 4, 1, 6, -2, 16, -24 ],
\[ 4, 2, -1, -2, 33, -35 ],
\[ 4, 2, -1, 6, 9, -19 ],
\[ 4, 2, -1, 14, 9, -27 ],
\[ 4, 2, 1, -10, 45, -41 ],
\[ 4, 2, 1, -2, 21, -25 ],
\[ 4, 2, 1, 6, 21, -33 ],
\[ 4, 2, 3, 6, 9, -23 ],
\[ 4, 2, 5, -2, 21, -29 ],
\[ 4, 3, -2, -18, 62, -48 ],
\[ 4, 3, -2, -10, 38, -32 ],
\[ 4, 3, -2, -2, 14, -16 ],
\[ 4, 3, -2, -2, 38, -40 ],
\[ 4, 3, -2, 6, 14, -24 ],
\[ 4, 3, -2, 14, 14, -32 ],
\[ 4, 3, 0, -2, 26, -30 ],
\[ 4, 3, 2, -10, 38, -36 ],
\[ 4, 3, 2, -2, 14, -20 ],
\[ 4, 3, 2, 6, 14, -28 ],
\[ 4, 3, 4, -2, 26, -34 ],
\[ 4, 4, -1, -2, 31, -35 ],
\[ 4, 4, -1, 6, 7, -19 ],
\[ 4, 4, -1, 14, 7, -27 ],
\[ 4, 4, 1, -10, 43, -41 ],
\[ 4, 4, 1, -2, 19, -25 ],
\[ 4, 4, 1, 6, 19, -33 ],
\[ 4, 4, 5, -2, 19, -29 ],
\[ 4, 5, -2, -10, 36, -32 ],
\[ 4, 5, -2, -2, 12, -16 ],
\[ 4, 5, -2, 6, 12, -24 ],
\[ 4, 5, 0, -2, 24, -30 ],
\[ 4, 5, 2, 6, 12, -28 ],
\[ 4, 6, -3, -10, 41, -37 ],
\[ 4, 6, -3, -2, 17, -21 ],
\[ 4, 6, -3, 6, 17, -29 ],
\[ 4, 6, -1, -2, 29, -35 ],
\[ 4, 6, 1, -2, 17, -25 ],
\[ 4, 7, -4, -10, 46, -42 ],
\[ 4, 7, -4, -2, 22, -26 ],
\[ 4, 7, -4, 6, 22, -34 ],
\[ 4, 7, -2, 6, 10, -24 ],
\[ 4, 7, 0, -2, 22, -30 ],
\[ 4, 8, -3, -10, 39, -37 ],
\[ 4, 8, -3, -2, 15, -21 ],
\[ 4, 8, -3, 6, 15, -29 ],
\[ 4, 8, -1, -2, 27, -35 ],
\[ 4, 9, -4, -2, 20, -26 ],
\[ 4, 9, 0, -2, 20, -30 ],
\[ 4, 10, -5, -2, 25, -31 ],
\[ 4, 10, -3, 6, 13, -29 ],
\[ 4, 11, -6, -2, 30, -36 ],
\[ 4, 11, -4, -2, 18, -26 ],
\[ 4, 12, -5, -2, 23, -31 ],
\[ 4, 14, -5, -2, 21, -31 ],
\[ 4, 15, -8, 6, 14, -30 ],
\[ 4, 19, -10, -2, 22, -32 ],
\[ 5, -11, 17, -5, 28, -33 ],
\[ 5, -11, 19, 3, 16, -31 ],
\[ 5, -9, 13, -5, 26, -29 ],
\[ 5, -9, 15, 3, 14, -27 ],
\[ 5, -8, 12, -5, 31, -34 ],
\[ 5, -8, 14, 3, 19, -32 ],
\[ 5, -7, 9, -13, 48, -41 ],
\[ 5, -7, 9, -5, 24, -25 ],
\[ 5, -7, 9, 3, 24, -33 ],
\[ 5, -7, 11, -5, 36, -39 ],
\[ 5, -7, 11, 3, 12, -23 ],
\[ 5, -7, 11, 11, 12, -31 ],
\[ 5, -7, 15, 3, 12, -27 ],
\[ 5, -6, 8, -5, 29, -30 ],
\[ 5, -6, 10, 3, 17, -28 ],
\[ 5, -6, 12, -5, 29, -34 ],
\[ 5, -5, 5, -13, 46, -37 ],
\[ 5, -5, 5, -5, 22, -21 ],
\[ 5, -5, 5, 3, 22, -29 ],
\[ 5, -5, 7, -5, 34, -35 ],
\[ 5, -5, 7, 3, 10, -19 ],
\[ 5, -5, 7, 11, 10, -27 ],
\[ 5, -5, 9, 3, 22, -33 ],
\[ 5, -5, 11, 3, 10, -23 ],
\[ 5, -4, 4, -13, 51, -42 ],
\[ 5, -4, 4, -5, 27, -26 ],
\[ 5, -4, 4, 3, 27, -34 ],
\[ 5, -4, 6, -5, 39, -40 ],
\[ 5, -4, 6, 3, 15, -24 ],
\[ 5, -4, 6, 11, 15, -32 ],
\[ 5, -4, 8, -5, 27, -30 ],
\[ 5, -4, 10, 3, 15, -28 ],
\[ 5, -4, 12, -5, 27, -34 ],
\[ 5, -3, 1, -21, 68, -49 ],
\[ 5, -3, 1, -13, 44, -33 ],
\[ 5, -3, 1, -5, 20, -17 ],
\[ 5, -3, 1, -5, 44, -41 ],
\[ 5, -3, 1, 3, 20, -25 ],
\[ 5, -3, 1, 11, 20, -33 ],
\[ 5, -3, 3, -13, 56, -47 ],
\[ 5, -3, 3, -5, 32, -31 ],
\[ 5, -3, 3, 3, 8, -15 ],
\[ 5, -3, 3, 3, 32, -39 ],
\[ 5, -3, 3, 11, 8, -23 ],
\[ 5, -3, 3, 19, 8, -31 ],
\[ 5, -3, 5, 3, 20, -29 ],
\[ 5, -3, 7, -5, 32, -35 ],
\[ 5, -3, 7, 3, 8, -19 ],
\[ 5, -3, 7, 11, 8, -27 ],
\[ 5, -3, 9, 3, 20, -33 ],
\[ 5, -2, 0, -13, 49, -38 ],
\[ 5, -2, 0, -5, 25, -22 ],
\[ 5, -2, 0, 3, 25, -30 ],
\[ 5, -2, 2, -5, 37, -36 ],
\[ 5, -2, 2, 3, 13, -20 ],
\[ 5, -2, 2, 11, 13, -28 ],
\[ 5, -2, 4, -13, 49, -42 ],
\[ 5, -2, 4, -5, 25, -26 ],
\[ 5, -2, 4, 3, 25, -34 ],
\[ 5, -2, 6, 3, 13, -24 ],
\[ 5, -2, 8, -5, 25, -30 ],
\[ 5, -2, 10, 3, 13, -28 ],
\[ 5, -1, 1, -5, 42, -41 ],
\[ 5, -1, 1, 3, 18, -25 ],
\[ 5, -1, 1, 11, 18, -33 ],
\[ 5, -1, 3, -5, 30, -31 ],
\[ 5, -1, 3, 3, 6, -15 ],
\[ 5, -1, 3, 11, 6, -23 ],
\[ 5, -1, 5, 3, 18, -29 ],
\[ 5, -1, 7, -5, 30, -35 ],
\[ 5, 0, 0, -13, 47, -38 ],
\[ 5, 0, 0, -5, 23, -22 ],
\[ 5, 0, 0, 3, 23, -30 ],
\[ 5, 0, 2, -5, 35, -36 ],
\[ 5, 0, 2, 3, 11, -20 ],
\[ 5, 0, 2, 11, 11, -28 ],
\[ 5, 0, 4, -13, 47, -42 ],
\[ 5, 0, 4, -5, 23, -26 ],
\[ 5, 0, 4, 3, 23, -34 ],
\[ 5, 0, 6, 3, 11, -24 ],
\[ 5, 1, -1, -13, 52, -43 ],
\[ 5, 1, -1, -5, 28, -27 ],
\[ 5, 1, -1, 3, 4, -11 ],
\[ 5, 1, -1, 3, 28, -35 ],
\[ 5, 1, -1, 11, 4, -19 ],
\[ 5, 1, -1, 19, 4, -27 ],
\[ 5, 1, 1, -5, 40, -41 ],
\[ 5, 1, 1, 3, 16, -25 ],
\[ 5, 1, 1, 11, 16, -33 ],
\[ 5, 1, 3, -5, 28, -31 ],
\[ 5, 1, 5, 3, 16, -29 ],
\[ 5, 1, 7, -5, 28, -35 ],
\[ 5, 2, -2, -5, 33, -32 ],
\[ 5, 2, -2, 3, 9, -16 ],
\[ 5, 2, -2, 11, 9, -24 ],
\[ 5, 2, 0, -13, 45, -38 ],
\[ 5, 2, 0, -5, 21, -22 ],
\[ 5, 2, 0, 3, 21, -30 ],
\[ 5, 2, 2, -5, 33, -36 ],
\[ 5, 2, 2, 3, 9, -20 ],
\[ 5, 2, 2, 11, 9, -28 ],
\[ 5, 3, -1, -13, 50, -43 ],
\[ 5, 3, -1, -5, 26, -27 ],
\[ 5, 3, -1, 3, 26, -35 ],
\[ 5, 3, 1, 3, 14, -25 ],
\[ 5, 3, 3, -5, 26, -31 ],
\[ 5, 3, 5, 3, 14, -29 ],
\[ 5, 4, -2, -5, 31, -32 ],
\[ 5, 4, -2, 3, 7, -16 ],
\[ 5, 4, -2, 11, 7, -24 ],
\[ 5, 4, 0, 3, 19, -30 ],
\[ 5, 4, 2, -5, 31, -36 ],
\[ 5, 5, -3, -5, 36, -37 ],
\[ 5, 5, -3, 3, 12, -21 ],
\[ 5, 5, -3, 11, 12, -29 ],
\[ 5, 5, -1, -13, 48, -43 ],
\[ 5, 5, -1, -5, 24, -27 ],
\[ 5, 5, -1, 3, 24, -35 ],
\[ 5, 5, 1, 3, 12, -25 ],
\[ 5, 6, -4, 3, 17, -26 ],
\[ 5, 6, -2, -5, 29, -32 ],
\[ 5, 6, 0, 3, 17, -30 ],
\[ 5, 7, -3, -5, 34, -37 ],
\[ 5, 7, -3, 3, 10, -21 ],
\[ 5, 7, -3, 11, 10, -29 ],
\[ 5, 8, -4, 3, 15, -26 ],
\[ 5, 8, -2, -5, 27, -32 ],
\[ 5, 8, 0, 3, 15, -30 ],
\[ 5, 9, -5, 3, 20, -31 ],
\[ 5, 9, -3, -5, 32, -37 ],
\[ 5, 10, -6, -5, 25, -28 ],
\[ 5, 10, -4, 3, 13, -26 ],
\[ 5, 11, -5, 3, 18, -31 ],
\[ 5, 13, -7, -5, 28, -33 ],
\[ 5, 13, -5, 3, 16, -31 ],
\[ 5, 17, -9, 3, 12, -27 ],
\[ 6, -11, 18, 0, 16, -28 ],
\[ 6, -9, 12, 0, 26, -34 ],
\[ 6, -9, 14, 0, 14, -24 ],
\[ 6, -9, 18, 0, 14, -28 ],
\[ 6, -8, 13, 0, 19, -29 ],
\[ 6, -7, 8, 0, 24, -30 ],
\[ 6, -7, 10, -8, 36, -36 ],
\[ 6, -7, 10, 0, 12, -20 ],
\[ 6, -7, 10, 8, 12, -28 ],
\[ 6, -7, 12, 0, 24, -34 ],
\[ 6, -7, 14, 0, 12, -24 ],
\[ 6, -6, 7, 0, 29, -35 ],
\[ 6, -6, 9, 0, 17, -25 ],
\[ 6, -6, 13, 0, 17, -29 ],
\[ 6, -5, 4, -8, 46, -42 ],
\[ 6, -5, 4, 0, 22, -26 ],
\[ 6, -5, 4, 8, 22, -34 ],
\[ 6, -5, 6, -8, 34, -32 ],
\[ 6, -5, 6, 0, 10, -16 ],
\[ 6, -5, 6, 8, 10, -24 ],
\[ 6, -5, 8, 0, 22, -30 ],
\[ 6, -5, 10, -8, 34, -36 ],
\[ 6, -5, 10, 0, 10, -20 ],
\[ 6, -5, 10, 8, 10, -28 ],
\[ 6, -4, 3, 0, 27, -31 ],
\[ 6, -4, 5, -8, 39, -37 ],
\[ 6, -4, 5, 0, 15, -21 ],
\[ 6, -4, 5, 8, 15, -29 ],
\[ 6, -4, 7, 0, 27, -35 ],
\[ 6, -4, 9, 0, 15, -25 ],
\[ 6, -4, 13, 0, 15, -29 ],
\[ 6, -3, 2, -16, 56, -44 ],
\[ 6, -3, 2, -8, 32, -28 ],
\[ 6, -3, 2, 0, 8, -12 ],
\[ 6, -3, 2, 0, 32, -36 ],
\[ 6, -3, 2, 8, 8, -20 ],
\[ 6, -3, 2, 16, 8, -28 ],
\[ 6, -3, 4, -8, 44, -42 ],
\[ 6, -3, 4, 0, 20, -26 ],
\[ 6, -3, 4, 8, 20, -34 ],
\[ 6, -3, 6, -8, 32, -32 ],
\[ 6, -3, 6, 0, 8, -16 ],
\[ 6, -3, 6, 8, 8, -24 ],
\[ 6, -3, 8, 0, 20, -30 ],
\[ 6, -2, 1, -8, 37, -33 ],
\[ 6, -2, 1, 0, 13, -17 ],
\[ 6, -2, 1, 8, 13, -25 ],
\[ 6, -2, 3, 0, 25, -31 ],
\[ 6, -2, 5, -8, 37, -37 ],
\[ 6, -2, 5, 0, 13, -21 ],
\[ 6, -2, 5, 8, 13, -29 ],
\[ 6, -2, 9, 0, 13, -25 ],
\[ 6, -1, 0, -8, 42, -38 ],
\[ 6, -1, 0, 0, 18, -22 ],
\[ 6, -1, 0, 8, 18, -30 ],
\[ 6, -1, 2, -16, 54, -44 ],
\[ 6, -1, 2, -8, 30, -28 ],
\[ 6, -1, 2, 0, 6, -12 ],
\[ 6, -1, 2, 0, 30, -36 ],
\[ 6, -1, 2, 8, 6, -20 ],
\[ 6, -1, 2, 16, 6, -28 ],
\[ 6, -1, 4, 0, 18, -26 ],
\[ 6, -1, 8, 0, 18, -30 ],
\[ 6, 0, -1, -8, 47, -43 ],
\[ 6, 0, -1, 0, 23, -27 ],
\[ 6, 0, -1, 8, 23, -35 ],
\[ 6, 0, 1, -8, 35, -33 ],
\[ 6, 0, 1, 0, 11, -17 ],
\[ 6, 0, 1, 8, 11, -25 ],
\[ 6, 0, 3, 0, 23, -31 ],
\[ 6, 0, 5, -8, 35, -37 ],
\[ 6, 0, 5, 0, 11, -21 ],
\[ 6, 0, 5, 8, 11, -29 ],
\[ 6, 1, 0, -8, 40, -38 ],
\[ 6, 1, 0, 0, 16, -22 ],
\[ 6, 1, 0, 8, 16, -30 ],
\[ 6, 1, 2, 0, 28, -36 ],
\[ 6, 1, 4, 0, 16, -26 ],
\[ 6, 1, 8, 0, 16, -30 ],
\[ 6, 2, -1, 0, 21, -27 ],
\[ 6, 2, 1, -8, 33, -33 ],
\[ 6, 2, 1, 0, 9, -17 ],
\[ 6, 2, 1, 8, 9, -25 ],
\[ 6, 2, 3, 0, 21, -31 ],
\[ 6, 3, -2, 0, 26, -32 ],
\[ 6, 3, 0, -8, 38, -38 ],
\[ 6, 3, 0, 0, 14, -22 ],
\[ 6, 3, 0, 8, 14, -30 ],
\[ 6, 3, 4, 0, 14, -26 ],
\[ 6, 4, -3, -16, 55, -45 ],
\[ 6, 4, -3, -8, 31, -29 ],
\[ 6, 4, -3, 0, 7, -13 ],
\[ 6, 4, -3, 0, 31, -37 ],
\[ 6, 4, -3, 8, 7, -21 ],
\[ 6, 4, -3, 16, 7, -29 ],
\[ 6, 4, -1, 0, 19, -27 ],
\[ 6, 4, 3, 0, 19, -31 ],
\[ 6, 5, -2, 0, 24, -32 ],
\[ 6, 5, 0, -8, 36, -38 ],
\[ 6, 5, 0, 0, 12, -22 ],
\[ 6, 5, 0, 8, 12, -30 ],
\[ 6, 6, -1, 0, 17, -27 ],
\[ 6, 7, -4, -8, 34, -34 ],
\[ 6, 7, -4, 0, 10, -18 ],
\[ 6, 7, -4, 8, 10, -26 ],
\[ 6, 7, -2, 0, 22, -32 ],
\[ 6, 8, -5, -8, 39, -39 ],
\[ 6, 8, -5, 0, 15, -23 ],
\[ 6, 8, -5, 8, 15, -31 ],
\[ 6, 8, -1, 0, 15, -27 ],
\[ 6, 9, -2, 0, 20, -32 ],
\[ 6, 10, -5, 0, 13, -23 ],
\[ 6, 11, -6, 0, 18, -28 ],
\[ 6, 12, -7, 0, 23, -33 ],
\[ 6, 13, -6, 0, 16, -28 ],
\[ 6, 15, -6, 0, 14, -28 ],
\[ 6, 20, -11, 0, 15, -29 ],
\[ 7, -11, 15, -3, 28, -35 ],
\[ 7, -10, 16, -3, 21, -30 ],
\[ 7, -9, 11, -3, 26, -31 ],
\[ 7, -9, 13, 5, 14, -29 ],
\[ 7, -8, 10, -3, 31, -36 ],
\[ 7, -8, 12, -3, 19, -26 ],
\[ 7, -7, 7, -11, 48, -43 ],
\[ 7, -7, 7, -3, 24, -27 ],
\[ 7, -7, 7, 5, 24, -35 ],
\[ 7, -7, 9, 5, 12, -25 ],
\[ 7, -7, 11, -3, 24, -31 ],
\[ 7, -7, 13, 5, 12, -29 ],
\[ 7, -6, 6, -3, 29, -32 ],
\[ 7, -6, 8, -11, 41, -38 ],
\[ 7, -6, 8, -3, 17, -22 ],
\[ 7, -6, 8, 5, 17, -30 ],
\[ 7, -6, 10, -3, 29, -36 ],
\[ 7, -5, 3, -11, 46, -39 ],
\[ 7, -5, 3, -3, 22, -23 ],
\[ 7, -5, 3, 5, 22, -31 ],
\[ 7, -5, 5, -3, 34, -37 ],
\[ 7, -5, 5, 5, 10, -21 ],
\[ 7, -5, 5, 13, 10, -29 ],
\[ 7, -5, 7, -3, 22, -27 ],
\[ 7, -5, 9, 5, 10, -25 ],
\[ 7, -5, 11, -3, 22, -31 ],
\[ 7, -4, 2, -11, 51, -44 ],
\[ 7, -4, 2, -3, 27, -28 ],
\[ 7, -4, 2, 5, 27, -36 ],
\[ 7, -4, 4, -11, 39, -34 ],
\[ 7, -4, 4, -3, 15, -18 ],
\[ 7, -4, 4, 5, 15, -26 ],
\[ 7, -4, 6, -3, 27, -32 ],
\[ 7, -4, 8, 5, 15, -30 ],
\[ 7, -3, 1, -3, 32, -33 ],
\[ 7, -3, 1, 5, 8, -17 ],
\[ 7, -3, 1, 13, 8, -25 ],
\[ 7, -3, 3, -11, 44, -39 ],
\[ 7, -3, 3, -3, 20, -23 ],
\[ 7, -3, 3, 5, 20, -31 ],
\[ 7, -3, 5, -3, 32, -37 ],
\[ 7, -3, 5, 5, 8, -21 ],
\[ 7, -3, 5, 13, 8, -29 ],
\[ 7, -3, 7, -3, 20, -27 ],
\[ 7, -2, 0, -19, 61, -46 ],
\[ 7, -2, 0, -11, 37, -30 ],
\[ 7, -2, 0, -3, 13, -14 ],
\[ 7, -2, 0, -3, 37, -38 ],
\[ 7, -2, 0, 5, 13, -22 ],
\[ 7, -2, 0, 13, 13, -30 ],
\[ 7, -2, 2, -11, 49, -44 ],
\[ 7, -2, 2, -3, 25, -28 ],
\[ 7, -2, 2, 5, 25, -36 ],
\[ 7, -2, 4, 5, 13, -26 ],
\[ 7, -2, 6, -3, 25, -32 ],
\[ 7, -2, 8, 5, 13, -30 ],
\[ 7, -1, -1, -11, 42, -35 ],
\[ 7, -1, -1, -3, 18, -19 ],
\[ 7, -1, -1, 5, 18, -27 ],
\[ 7, -1, 1, -3, 30, -33 ],
\[ 7, -1, 1, 5, 6, -17 ],
\[ 7, -1, 1, 13, 6, -25 ],
\[ 7, -1, 3, -11, 42, -39 ],
\[ 7, -1, 3, -3, 18, -23 ],
\[ 7, -1, 3, 5, 18, -31 ],
\[ 7, 0, 0, -3, 35, -38 ],
\[ 7, 0, 0, 5, 11, -22 ],
\[ 7, 0, 0, 13, 11, -30 ],
\[ 7, 0, 2, -3, 23, -28 ],
\[ 7, 0, 4, 5, 11, -26 ],
\[ 7, 0, 6, -3, 23, -32 ],
\[ 7, 1, -1, -11, 40, -35 ],
\[ 7, 1, -1, -3, 16, -19 ],
\[ 7, 1, -1, 5, 16, -27 ],
\[ 7, 1, 1, -3, 28, -33 ],
\[ 7, 1, 3, 5, 16, -31 ],
\[ 7, 2, -2, -11, 45, -40 ],
\[ 7, 2, -2, -3, 21, -24 ],
\[ 7, 2, -2, 5, 21, -32 ],
\[ 7, 2, 0, -3, 33, -38 ],
\[ 7, 2, 0, 5, 9, -22 ],
\[ 7, 2, 0, 13, 9, -30 ],
\[ 7, 2, 2, -3, 21, -28 ],
\[ 7, 3, -3, -3, 26, -29 ],
\[ 7, 3, -1, 5, 14, -27 ],
\[ 7, 3, 1, -3, 26, -33 ],
\[ 7, 4, -2, -11, 43, -40 ],
\[ 7, 4, -2, -3, 19, -24 ],
\[ 7, 4, -2, 5, 19, -32 ],
\[ 7, 5, -3, -3, 24, -29 ],
\[ 7, 5, -1, 5, 12, -27 ],
\[ 7, 5, 1, -3, 24, -33 ],
\[ 7, 6, -4, -3, 29, -34 ],
\[ 7, 6, -2, 5, 17, -32 ],
\[ 7, 7, -5, 5, 10, -23 ],
\[ 7, 7, -3, -3, 22, -29 ],
\[ 7, 8, -4, -3, 27, -34 ],
\[ 7, 10, -6, 5, 13, -28 ],
\[ 7, 10, -4, -3, 25, -34 ],
\[ 7, 14, -8, -3, 21, -30 ],
\[ 8, -11, 14, -6, 28, -32 ],
\[ 8, -11, 16, 2, 16, -30 ],
\[ 8, -10, 13, -6, 33, -37 ],
\[ 8, -9, 10, -6, 26, -28 ],
\[ 8, -9, 12, 2, 14, -26 ],
\[ 8, -8, 9, -6, 31, -33 ],
\[ 8, -8, 11, 2, 19, -31 ],
\[ 8, -7, 6, -14, 48, -40 ],
\[ 8, -7, 6, -6, 24, -24 ],
\[ 8, -7, 6, 2, 24, -32 ],
\[ 8, -7, 8, -6, 36, -38 ],
\[ 8, -7, 8, 2, 12, -22 ],
\[ 8, -7, 8, 10, 12, -30 ],
\[ 8, -7, 12, 2, 12, -26 ],
\[ 8, -6, 5, -14, 53, -45 ],
\[ 8, -6, 5, -6, 29, -29 ],
\[ 8, -6, 5, 2, 29, -37 ],
\[ 8, -6, 7, 2, 17, -27 ],
\[ 8, -6, 9, -6, 29, -33 ],
\[ 8, -6, 11, 2, 17, -31 ],
\[ 8, -5, 2, -14, 46, -36 ],
\[ 8, -5, 2, -6, 22, -20 ],
\[ 8, -5, 2, 2, 22, -28 ],
\[ 8, -5, 4, -6, 34, -34 ],
\[ 8, -5, 4, 2, 10, -18 ],
\[ 8, -5, 4, 10, 10, -26 ],
\[ 8, -5, 6, 2, 22, -32 ],
\[ 8, -5, 8, 2, 10, -22 ],
\[ 8, -4, 1, -14, 51, -41 ],
\[ 8, -4, 1, -6, 27, -25 ],
\[ 8, -4, 1, 2, 27, -33 ],
\[ 8, -4, 3, -6, 39, -39 ],
\[ 8, -4, 3, 2, 15, -23 ],
\[ 8, -4, 3, 10, 15, -31 ],
\[ 8, -4, 5, -6, 27, -29 ],
\[ 8, -4, 7, 2, 15, -27 ],
\[ 8, -3, 0, -14, 56, -46 ],
\[ 8, -3, 0, -6, 32, -30 ],
\[ 8, -3, 0, 2, 8, -14 ],
\[ 8, -3, 0, 2, 32, -38 ],
\[ 8, -3, 0, 10, 8, -22 ],
\[ 8, -3, 0, 18, 8, -30 ],
\[ 8, -3, 2, 2, 20, -28 ],
\[ 8, -3, 4, -6, 32, -34 ],
\[ 8, -3, 4, 2, 8, -18 ],
\[ 8, -3, 4, 10, 8, -26 ],
\[ 8, -3, 6, 2, 20, -32 ],
\[ 8, -2, 1, -14, 49, -41 ],
\[ 8, -2, 1, -6, 25, -25 ],
\[ 8, -2, 1, 2, 25, -33 ],
\[ 8, -2, 3, -6, 37, -39 ],
\[ 8, -2, 3, 2, 13, -23 ],
\[ 8, -2, 3, 10, 13, -31 ],
\[ 8, -2, 7, 2, 13, -27 ],
\[ 8, -1, 0, -6, 30, -30 ],
\[ 8, -1, 0, 2, 6, -14 ],
\[ 8, -1, 0, 10, 6, -22 ],
\[ 8, -1, 2, 2, 18, -28 ],
\[ 8, -1, 4, -6, 30, -34 ],
\[ 8, 0, -1, -6, 35, -35 ],
\[ 8, 0, -1, 2, 11, -19 ],
\[ 8, 0, -1, 10, 11, -27 ],
\[ 8, 0, 1, 2, 23, -33 ],
\[ 8, 0, 3, 2, 11, -23 ],
\[ 8, 1, -2, -6, 40, -40 ],
\[ 8, 1, -2, 2, 16, -24 ],
\[ 8, 1, -2, 10, 16, -32 ],
\[ 8, 1, 0, -6, 28, -30 ],
\[ 8, 1, 2, 2, 16, -28 ],
\[ 8, 2, -1, -6, 33, -35 ],
\[ 8, 2, -1, 2, 9, -19 ],
\[ 8, 2, -1, 10, 9, -27 ],
\[ 8, 2, 1, 2, 21, -33 ],
\[ 8, 3, -2, 2, 14, -24 ],
\[ 8, 3, 2, 2, 14, -28 ],
\[ 8, 4, -3, 2, 19, -29 ],
\[ 8, 4, -1, -6, 31, -35 ],
\[ 8, 5, -4, 2, 24, -34 ],
\[ 8, 5, -2, 2, 12, -24 ],
\[ 8, 6, -3, 2, 17, -29 ],
\[ 8, 8, -3, 2, 15, -29 ],
\[ 8, 9, -6, -6, 32, -36 ],
\[ 8, 13, -8, 2, 16, -30 ],
\[ 9, -13, 19, -1, 18, -31 ],
\[ 9, -11, 15, -1, 16, -27 ],
\[ 9, -10, 14, -1, 21, -32 ],
\[ 9, -9, 9, -1, 26, -33 ],
\[ 9, -9, 11, -9, 38, -39 ],
\[ 9, -9, 11, -1, 14, -23 ],
\[ 9, -9, 11, 7, 14, -31 ],
\[ 9, -8, 10, -1, 19, -28 ],
\[ 9, -7, 5, -1, 24, -29 ],
\[ 9, -7, 7, -9, 36, -35 ],
\[ 9, -7, 7, -1, 12, -19 ],
\[ 9, -7, 7, 7, 12, -27 ],
\[ 9, -7, 9, -1, 24, -33 ],
\[ 9, -6, 4, -1, 29, -34 ],
\[ 9, -6, 6, -9, 41, -40 ],
\[ 9, -6, 6, -1, 17, -24 ],
\[ 9, -6, 6, 7, 17, -32 ],
\[ 9, -6, 10, -1, 17, -28 ],
\[ 9, -5, 1, -9, 46, -41 ],
\[ 9, -5, 1, -1, 22, -25 ],
\[ 9, -5, 1, 7, 22, -33 ],
\[ 9, -5, 3, -17, 58, -47 ],
\[ 9, -5, 3, -9, 34, -31 ],
\[ 9, -5, 3, -1, 10, -15 ],
\[ 9, -5, 3, -1, 34, -39 ],
\[ 9, -5, 3, 7, 10, -23 ],
\[ 9, -5, 3, 15, 10, -31 ],
\[ 9, -5, 5, -1, 22, -29 ],
\[ 9, -5, 7, 7, 10, -27 ],
\[ 9, -5, 9, -1, 22, -33 ],
\[ 9, -4, 0, -1, 27, -30 ],
\[ 9, -4, 2, -9, 39, -36 ],
\[ 9, -4, 2, -1, 15, -20 ],
\[ 9, -4, 2, 7, 15, -28 ],
\[ 9, -4, 4, -1, 27, -34 ],
\[ 9, -4, 6, -1, 15, -24 ],
\[ 9, -3, 1, -9, 44, -41 ],
\[ 9, -3, 1, -1, 20, -25 ],
\[ 9, -3, 1, 7, 20, -33 ],
\[ 9, -3, 3, 7, 8, -23 ],
\[ 9, -3, 5, -1, 20, -29 ],
\[ 9, -2, 0, -1, 25, -30 ],
\[ 9, -2, 2, -9, 37, -36 ],
\[ 9, -2, 2, -1, 13, -20 ],
\[ 9, -2, 2, 7, 13, -28 ],
\[ 9, -2, 4, -1, 25, -34 ],
\[ 9, -1, -1, -1, 30, -35 ],
\[ 9, -1, -1, 7, 6, -19 ],
\[ 9, -1, -1, 15, 6, -27 ],
\[ 9, -1, 1, -9, 42, -41 ],
\[ 9, -1, 1, -1, 18, -25 ],
\[ 9, -1, 1, 7, 18, -33 ],
\[ 9, -1, 5, -1, 18, -29 ],
\[ 9, 0, -2, -9, 35, -32 ],
\[ 9, 0, -2, -1, 11, -16 ],
\[ 9, 0, -2, 7, 11, -24 ],
\[ 9, 0, 0, -1, 23, -30 ],
\[ 9, 0, 2, 7, 11, -28 ],
\[ 9, 1, -1, -1, 28, -35 ],
\[ 9, 1, 1, -1, 16, -25 ],
\[ 9, 2, -2, 7, 9, -24 ],
\[ 9, 2, 0, -1, 21, -30 ],
\[ 9, 3, -3, -9, 38, -37 ],
\[ 9, 3, -3, -1, 14, -21 ],
\[ 9, 3, -3, 7, 14, -29 ],
\[ 9, 3, -1, -1, 26, -35 ],
\[ 9, 4, -4, -1, 19, -26 ],
\[ 9, 4, 0, -1, 19, -30 ],
\[ 9, 5, -3, 7, 12, -29 ],
\[ 9, 6, -4, -1, 17, -26 ],
\[ 9, 6, 0, -1, 17, -30 ],
\[ 9, 7, -5, -1, 22, -31 ],
\[ 9, 8, -4, -1, 15, -26 ],
\[ 9, 9, -5, -1, 20, -31 ],
\[ 9, 11, -5, -1, 18, -31 ],
\[ 10, -11, 12, -4, 28, -34 ],
\[ 10, -9, 8, -4, 26, -30 ],
\[ 10, -9, 10, 4, 14, -28 ],
\[ 10, -9, 12, -4, 26, -34 ],
\[ 10, -8, 7, -4, 31, -35 ],
\[ 10, -7, 4, -12, 48, -42 ],
\[ 10, -7, 4, -4, 24, -26 ],
\[ 10, -7, 4, 4, 24, -34 ],
\[ 10, -7, 6, 4, 12, -24 ],
\[ 10, -7, 8, -4, 24, -30 ],
\[ 10, -7, 10, 4, 12, -28 ],
\[ 10, -6, 3, -4, 29, -31 ],
\[ 10, -6, 5, 4, 17, -29 ],
\[ 10, -6, 7, -4, 29, -35 ],
\[ 10, -5, 2, -4, 34, -36 ],
\[ 10, -5, 2, 4, 10, -20 ],
\[ 10, -5, 2, 12, 10, -28 ],
\[ 10, -5, 4, -12, 46, -42 ],
\[ 10, -5, 4, -4, 22, -26 ],
\[ 10, -5, 4, 4, 22, -34 ],
\[ 10, -5, 6, 4, 10, -24 ],
\[ 10, -4, 1, 4, 15, -25 ],
\[ 10, -4, 3, -4, 27, -31 ],
\[ 10, -4, 5, 4, 15, -29 ],
\[ 10, -3, 0, -12, 44, -38 ],
\[ 10, -3, 0, -4, 20, -22 ],
\[ 10, -3, 0, 4, 20, -30 ],
\[ 10, -3, 2, -4, 32, -36 ],
\[ 10, -3, 2, 4, 8, -20 ],
\[ 10, -3, 2, 12, 8, -28 ],
\[ 10, -2, -1, -12, 49, -43 ],
\[ 10, -2, -1, -4, 25, -27 ],
\[ 10, -2, -1, 4, 25, -35 ],
\[ 10, -2, 1, 4, 13, -25 ],
\[ 10, -2, 3, -4, 25, -31 ],
\[ 10, -2, 5, 4, 13, -29 ],
\[ 10, -1, 0, 4, 18, -30 ],
\[ 10, -1, 2, -4, 30, -36 ],
\[ 10, 0, -1, -4, 23, -27 ],
\[ 10, 0, 1, 4, 11, -25 ],
\[ 10, 1, -2, -4, 28, -32 ],
\[ 10, 1, 0, 4, 16, -30 ],
\[ 10, 2, -3, -4, 33, -37 ],
\[ 10, 2, -3, 4, 9, -21 ],
\[ 10, 2, -3, 12, 9, -29 ],
\[ 10, 3, -2, -4, 26, -32 ],
\[ 10, 3, 0, 4, 14, -30 ],
\[ 10, 5, -4, 4, 12, -26 ],
\[ 10, 5, -2, -4, 24, -32 ],
\[ 10, 6, -5, 4, 17, -31 ],
\[ 10, 10, -7, -4, 25, -33 ],
\[ 11, -11, 13, 1, 16, -29 ],
\[ 11, -10, 10, -7, 33, -36 ],
\[ 11, -9, 7, 1, 26, -35 ],
\[ 11, -9, 9, 1, 14, -25 ],
\[ 11, -9, 13, 1, 14, -29 ],
\[ 11, -8, 6, -7, 31, -32 ],
\[ 11, -8, 8, 1, 19, -30 ],
\[ 11, -7, 3, 1, 24, -31 ],
\[ 11, -7, 5, -7, 36, -37 ],
\[ 11, -7, 5, 1, 12, -21 ],
\[ 11, -7, 5, 9, 12, -29 ],
\[ 11, -7, 9, 1, 12, -25 ],
\[ 11, -6, 2, -15, 53, -44 ],
\[ 11, -6, 2, -7, 29, -28 ],
\[ 11, -6, 2, 1, 29, -36 ],
\[ 11, -6, 4, 1, 17, -26 ],
\[ 11, -6, 8, 1, 17, -30 ],
\[ 11, -5, 1, -7, 34, -33 ],
\[ 11, -5, 1, 1, 10, -17 ],
\[ 11, -5, 1, 9, 10, -25 ],
\[ 11, -5, 3, 1, 22, -31 ],
\[ 11, -5, 5, -7, 34, -37 ],
\[ 11, -5, 5, 1, 10, -21 ],
\[ 11, -5, 5, 9, 10, -29 ],
\[ 11, -4, 0, -7, 39, -38 ],
\[ 11, -4, 0, 1, 15, -22 ],
\[ 11, -4, 0, 9, 15, -30 ],
\[ 11, -4, 2, 1, 27, -36 ],
\[ 11, -4, 4, 1, 15, -26 ],
\[ 11, -4, 8, 1, 15, -30 ],
\[ 11, -3, -1, 1, 20, -27 ],
\[ 11, -3, 1, -7, 32, -33 ],
\[ 11, -3, 1, 1, 8, -17 ],
\[ 11, -3, 1, 9, 8, -25 ],
\[ 11, -3, 3, 1, 20, -31 ],
\[ 11, -2, 0, -7, 37, -38 ],
\[ 11, -2, 0, 1, 13, -22 ],
\[ 11, -2, 0, 9, 13, -30 ],
\[ 11, -2, 4, 1, 13, -26 ],
\[ 11, -1, -1, 1, 18, -27 ],
\[ 11, -1, 3, 1, 18, -31 ],
\[ 11, 0, -2, 1, 23, -32 ],
\[ 11, 0, 0, -7, 35, -38 ],
\[ 11, 0, 0, 1, 11, -22 ],
\[ 11, 0, 0, 9, 11, -30 ],
\[ 11, 1, -1, 1, 16, -27 ],
\[ 11, 2, -2, 1, 21, -32 ],
\[ 11, 3, -1, 1, 14, -27 ],
\[ 11, 4, -4, -7, 31, -34 ],
\[ 11, 4, -2, 1, 19, -32 ],
\[ 11, 5, -5, 1, 12, -23 ],
\[ 11, 8, -6, 1, 15, -28 ],
\[ 12, -10, 11, -2, 21, -31 ],
\[ 12, -9, 6, -2, 26, -32 ],
\[ 12, -9, 8, 6, 14, -30 ],
\[ 12, -8, 5, -2, 31, -37 ],
\[ 12, -8, 7, -2, 19, -27 ],
\[ 12, -7, 2, -2, 24, -28 ],
\[ 12, -7, 4, 6, 12, -26 ],
\[ 12, -7, 6, -2, 24, -32 ],
\[ 12, -6, 1, -2, 29, -33 ],
\[ 12, -6, 3, -10, 41, -39 ],
\[ 12, -6, 3, -2, 17, -23 ],
\[ 12, -6, 3, 6, 17, -31 ],
\[ 12, -5, 0, -2, 34, -38 ],
\[ 12, -5, 0, 6, 10, -22 ],
\[ 12, -5, 0, 14, 10, -30 ],
\[ 12, -5, 2, -2, 22, -28 ],
\[ 12, -5, 4, 6, 10, -26 ],
\[ 12, -5, 6, -2, 22, -32 ],
\[ 12, -4, 1, -2, 27, -33 ],
\[ 12, -4, 3, 6, 15, -31 ],
\[ 12, -3, 0, 6, 8, -22 ],
\[ 12, -3, 2, -2, 20, -28 ],
\[ 12, -2, -1, 6, 13, -27 ],
\[ 12, -2, 1, -2, 25, -33 ],
\[ 12, -1, -2, -10, 42, -40 ],
\[ 12, -1, -2, -2, 18, -24 ],
\[ 12, -1, -2, 6, 18, -32 ],
\[ 12, -1, 2, -2, 18, -28 ],
\[ 12, 0, -1, 6, 11, -27 ],
\[ 12, 0, 1, -2, 23, -33 ],
\[ 12, 1, -2, -2, 16, -24 ],
\[ 12, 2, -3, -2, 21, -29 ],
\[ 12, 3, -4, -2, 26, -34 ],
\[ 12, 4, -3, -2, 19, -29 ],
\[ 13, -11, 9, -5, 28, -33 ],
\[ 13, -11, 11, 3, 16, -31 ],
\[ 13, -9, 5, -5, 26, -29 ],
\[ 13, -9, 7, 3, 14, -27 ],
\[ 13, -8, 4, -5, 31, -34 ],
\[ 13, -8, 6, 3, 19, -32 ],
\[ 13, -7, 1, -13, 48, -41 ],
\[ 13, -7, 1, -5, 24, -25 ],
\[ 13, -7, 1, 3, 24, -33 ],
\[ 13, -7, 3, -5, 36, -39 ],
\[ 13, -7, 3, 3, 12, -23 ],
\[ 13, -7, 3, 11, 12, -31 ],
\[ 13, -7, 7, 3, 12, -27 ],
\[ 13, -6, 0, -5, 29, -30 ],
\[ 13, -6, 2, 3, 17, -28 ],
\[ 13, -6, 4, -5, 29, -34 ],
\[ 13, -5, 1, 3, 22, -33 ],
\[ 13, -5, 3, 3, 10, -23 ],
\[ 13, -4, 0, -5, 27, -30 ],
\[ 13, -4, 2, 3, 15, -28 ],
\[ 13, -4, 4, -5, 27, -34 ],
\[ 13, -3, -1, -5, 32, -35 ],
\[ 13, -3, -1, 3, 8, -19 ],
\[ 13, -3, -1, 11, 8, -27 ],
\[ 13, -3, 1, 3, 20, -33 ],
\[ 13, -2, -2, 3, 13, -24 ],
\[ 13, -2, 0, -5, 25, -30 ],
\[ 13, -2, 2, 3, 13, -28 ],
\[ 13, -1, -1, -5, 30, -35 ],
\[ 13, 0, -2, 3, 11, -24 ],
\[ 13, 1, -3, 3, 16, -29 ],
\[ 13, 1, -1, -5, 28, -35 ],
\[ 13, 3, -3, 3, 14, -29 ],
\[ 14, -11, 10, 0, 16, -28 ],
\[ 14, -9, 4, 0, 26, -34 ],
\[ 14, -9, 6, 0, 14, -24 ],
\[ 14, -9, 10, 0, 14, -28 ],
\[ 14, -8, 5, 0, 19, -29 ],
\[ 14, -7, 2, -8, 36, -36 ],
\[ 14, -7, 2, 0, 12, -20 ],
\[ 14, -7, 2, 8, 12, -28 ],
\[ 14, -7, 4, 0, 24, -34 ],
\[ 14, -7, 6, 0, 12, -24 ],
\[ 14, -6, 1, 0, 17, -25 ],
\[ 14, -6, 5, 0, 17, -29 ],
\[ 14, -5, 0, 0, 22, -30 ],
\[ 14, -5, 2, -8, 34, -36 ],
\[ 14, -5, 2, 0, 10, -20 ],
\[ 14, -5, 2, 8, 10, -28 ],
\[ 14, -4, -1, 0, 27, -35 ],
\[ 14, -4, 1, 0, 15, -25 ],
\[ 14, -4, 5, 0, 15, -29 ],
\[ 14, -3, 0, 0, 20, -30 ],
\[ 14, -2, 1, 0, 13, -25 ],
\[ 14, -1, 0, 0, 18, -30 ],
\[ 14, 0, -3, -8, 35, -37 ],
\[ 14, 0, -3, 0, 11, -21 ],
\[ 14, 0, -3, 8, 11, -29 ],
\[ 14, 1, 0, 0, 16, -30 ],
\[ 14, 3, -4, 0, 14, -26 ],
\[ 14, 4, -5, 0, 19, -31 ],
\[ 15, -11, 7, -3, 28, -35 ],
\[ 15, -10, 8, -3, 21, -30 ],
\[ 15, -9, 3, -3, 26, -31 ],
\[ 15, -9, 5, 5, 14, -29 ],
\[ 15, -8, 2, -3, 31, -36 ],
\[ 15, -8, 4, -3, 19, -26 ],
\[ 15, -7, 1, 5, 12, -25 ],
\[ 15, -7, 3, -3, 24, -31 ],
\[ 15, -7, 5, 5, 12, -29 ],
\[ 15, -6, 0, -11, 41, -38 ],
\[ 15, -6, 0, -3, 17, -22 ],
\[ 15, -6, 0, 5, 17, -30 ],
\[ 15, -6, 2, -3, 29, -36 ],
\[ 15, -5, -1, -3, 22, -27 ],
\[ 15, -5, 1, 5, 10, -25 ],
\[ 15, -5, 3, -3, 22, -31 ],
\[ 15, -4, 0, 5, 15, -30 ],
\[ 15, -3, -1, -3, 20, -27 ],
\[ 15, -2, -2, -3, 25, -32 ],
\[ 15, -2, 0, 5, 13, -30 ],
\[ 15, 0, -2, -3, 23, -32 ],
\[ 16, -11, 6, -6, 28, -32 ],
\[ 16, -11, 8, 2, 16, -30 ],
\[ 16, -10, 5, -6, 33, -37 ],
\[ 16, -9, 2, -6, 26, -28 ],
\[ 16, -9, 4, 2, 14, -26 ],
\[ 16, -8, 1, -6, 31, -33 ],
\[ 16, -8, 3, 2, 19, -31 ],
\[ 16, -7, 0, -6, 36, -38 ],
\[ 16, -7, 0, 2, 12, -22 ],
\[ 16, -7, 0, 10, 12, -30 ],
\[ 16, -7, 4, 2, 12, -26 ],
\[ 16, -6, 1, -6, 29, -33 ],
\[ 16, -6, 3, 2, 17, -31 ],
\[ 16, -5, 0, 2, 10, -22 ],
\[ 16, -4, -1, 2, 15, -27 ],
\[ 16, -3, -2, 2, 20, -32 ],
\[ 16, -2, -1, 2, 13, -27 ],
\[ 17, -13, 11, -1, 18, -31 ],
\[ 17, -11, 7, -1, 16, -27 ],
\[ 17, -10, 6, -1, 21, -32 ],
\[ 17, -9, 1, -1, 26, -33 ],
\[ 17, -9, 3, -9, 38, -39 ],
\[ 17, -9, 3, -1, 14, -23 ],
\[ 17, -9, 3, 7, 14, -31 ],
\[ 17, -8, 2, -1, 19, -28 ],
\[ 17, -7, 1, -1, 24, -33 ],
\[ 17, -6, 2, -1, 17, -28 ],
\[ 17, -5, -1, 7, 10, -27 ],
\[ 17, -5, 1, -1, 22, -33 ],
\[ 17, -4, -2, -1, 15, -24 ],
\[ 17, -1, -3, -1, 18, -29 ],
\[ 18, -11, 4, -4, 28, -34 ],
\[ 18, -9, 2, 4, 14, -28 ],
\[ 18, -9, 4, -4, 26, -34 ],
\[ 18, -7, 0, -4, 24, -30 ],
\[ 18, -7, 2, 4, 12, -28 ],
\[ 18, -6, -1, -4, 29, -35 ],
\[ 18, -2, -3, 4, 13, -29 ],
\[ 19, -11, 5, 1, 16, -29 ],
\[ 19, -10, 2, -7, 33, -36 ],
\[ 19, -9, 1, 1, 14, -25 ],
\[ 19, -9, 5, 1, 14, -29 ],
\[ 19, -8, 0, 1, 19, -30 ],
\[ 19, -7, 1, 1, 12, -25 ],
\[ 19, -6, 0, 1, 17, -30 ],
\[ 19, -4, 0, 1, 15, -30 ],
\[ 20, -10, 3, -2, 21, -31 ],
\[ 20, -9, 0, 6, 14, -30 ],
\[ 20, -5, -2, -2, 22, -32 ],
\[ 21, -11, 1, -5, 28, -33 ],
\[ 21, -11, 3, 3, 16, -31 ],
\[ 21, -7, -1, 3, 12, -27 ],
\[ 22, -11, 2, 0, 16, -28 ],
\[ 22, -9, 2, 0, 14, -28 ],
\[ 22, -4, -3, 0, 15, -29 ],
\[ 23, -10, 0, -3, 21, -30 ],
\[ 24, -11, 0, 2, 16, -30 ],
\[ 25, -13, 3, -1, 18, -31 ]
]
