use application "polytope";
use vars '$ieqs', '$eqs', '$p';
$ieqs = [
[ 0, 812, 406, 203, 116, 58, 29, 28, 14, 7, 4, 2, 1, 0, 0, 0, 0, 0 ],
[ 0, 203, 406, 203, 29, 58, 29, 7, 14, 7, 1, 2, 1, 0, 0, 0, 0, 0 ],
[ 0, 203, 406, 812, 29, 58, 116, 7, 14, 28, 1, 2, 4, 0, 0, 0, 0, 0 ],
[ 0, 116, 58, 29, 812, 406, 203, 4, 2, 1, 28, 14, 7, 0, 0, 0, 0, 0 ],
[ 0, 29, 58, 29, 203, 406, 203, 1, 2, 1, 7, 14, 7, 0, 0, 0, 0, 0 ],
[ 0, 29, 58, 116, 203, 406, 812, 1, 2, 4, 7, 14, 28, 0, 0, 0, 0, 0 ],
[ 0, 28, 14, 7, 4, 2, 1, 812, 406, 203, 116, 58, 29, 0, 0, 0, 0, 0 ],
[ 0, 7, 14, 7, 1, 2, 1, 203, 406, 203, 29, 58, 29, 0, 0, 0, 0, 0 ],
[ 0, 7, 14, 28, 1, 2, 4, 203, 406, 812, 29, 58, 116, 0, 0, 0, 0, 0 ],
[ 0, 4, 2, 1, 28, 14, 7, 116, 58, 29, 812, 406, 203, 0, 0, 0, 0, 0 ],
[ 0, 1, 2, 1, 7, 14, 7, 29, 58, 29, 203, 406, 203, 0, 0, 0, 0, 0 ],
[ 4800, 1, 2, 4, 7, 14, 28, 29, 58, 116, 203, 406, 812, 0, 0, 0, 0, 0 ]
];
$eqs = [
[ -1, 1, 1, 1, 1, 1, 1, 1, 1, 1, 1, 1, 1, 0, 0, 0, 0, 0 ],
[ -1, 0, 1, 2, 0, 1, 2, 0, 1, 2, 0, 1, 2, -2, 0, 0, 0, 0 ],
[ 0, 0, 0, 0, 1, 1, 1, 0, 0, 0, 1, 1, 1, 0, -2, 0, 0, 0 ],
[ 0, 0, 0, 0, 0, 0, 0, 1, 1, 1, 1, 1, 1, 0, 0, -2, 0, 0 ],
[ 0, 1, 2, 4, 7, 14, 28, 29, 58, 116, 203, 406, 812, 0, 0, 0, -24, 0 ],
[ 0, 812, 406, 203, 116, 58, 29, 28, 14, 7, 4, 2, 1, 0, 0, 0, 0, -24 ]
];
$p = new Polytope(INEQUALITIES=>$ieqs, EQUATIONS=>$eqs);
prefer_now "libnormaliz";
print $p->LATTICE_POINTS_GENERATORS->[0];
