use application "polytope";
use vars '$ieqs', '$eqs', '$p';
$ieqs = [
[ 0, 920, 460, 230, 184, 115, 92, 46, 40, 23, 20, 10, 8, 5, 4, 2, 1, 0, 0, 0, 0, 0 ],
[ 0, 230, 460, 230, 46, 115, 92, 46, 10, 23, 20, 10, 2, 5, 4, 2, 1, 0, 0, 0, 0, 0 ],
[ 0, 115, 230, 460, 23, 230, 46, 92, 5, 46, 10, 20, 1, 10, 2, 4, 2, 0, 0, 0, 0, 0 ],
[ 0, 184, 92, 46, 920, 23, 460, 230, 8, 115, 4, 2, 40, 1, 20, 10, 5, 0, 0, 0, 0, 0 ],
[ 0, 115, 230, 460, 23, 920, 46, 92, 5, 184, 10, 20, 1, 40, 2, 4, 8, 0, 0, 0, 0, 0 ],
[ 0, 46, 92, 46, 230, 23, 460, 230, 2, 115, 4, 2, 10, 1, 20, 10, 5, 0, 0, 0, 0, 0 ],
[ 0, 23, 46, 92, 115, 46, 230, 460, 1, 230, 2, 4, 5, 2, 10, 20, 10, 0, 0, 0, 0, 0 ],
[ 0, 40, 20, 10, 8, 5, 4, 2, 920, 1, 460, 230, 184, 115, 92, 46, 23, 0, 0, 0, 0, 0 ],
[ 0, 23, 46, 92, 115, 184, 230, 460, 1, 920, 2, 4, 5, 8, 10, 20, 40, 0, 0, 0, 0, 0 ],
[ 0, 10, 20, 10, 2, 5, 4, 2, 230, 1, 460, 230, 46, 115, 92, 46, 23, 0, 0, 0, 0, 0 ],
[ 0, 5, 10, 20, 1, 10, 2, 4, 115, 2, 230, 460, 23, 230, 46, 92, 46, 0, 0, 0, 0, 0 ],
[ 0, 8, 4, 2, 40, 1, 20, 10, 184, 5, 92, 46, 920, 23, 460, 230, 115, 0, 0, 0, 0, 0 ],
[ 0, 5, 10, 20, 1, 40, 2, 4, 115, 8, 230, 460, 23, 920, 46, 92, 184, 0, 0, 0, 0, 0 ],
[ 0, 2, 4, 2, 10, 1, 20, 10, 46, 5, 92, 46, 230, 23, 460, 230, 115, 0, 0, 0, 0, 0 ],
[ 0, 1, 2, 4, 5, 2, 10, 20, 23, 10, 46, 92, 115, 46, 230, 460, 230, 0, 0, 0, 0, 0 ],
[ 4584, 1, 2, 4, 5, 8, 10, 20, 23, 40, 46, 92, 115, 184, 230, 460, 920, 0, 0, 0, 0, 0 ]
];
$eqs = [
[ -1, 1, 1, 1, 1, 1, 1, 1, 1, 1, 1, 1, 1, 1, 1, 1, 1, 0, 0, 0, 0, 0 ],
[ -1, 0, 1, 2, 0, 3, 1, 2, 0, 3, 1, 2, 0, 3, 1, 2, 3, -2, 0, 0, 0, 0 ],
[ 0, 0, 0, 0, 1, 0, 1, 1, 0, 1, 0, 0, 1, 0, 1, 1, 1, 0, -2, 0, 0, 0 ],
[ 0, 0, 0, 0, 0, 0, 0, 0, 1, 0, 1, 1, 1, 1, 1, 1, 1, 0, 0, -2, 0, 0 ],
[ 0, 1, 2, 4, 5, 8, 10, 20, 23, 40, 46, 92, 115, 184, 230, 460, 920, 0, 0, 0, -24, 0 ],
[ 0, 920, 460, 230, 184, 115, 92, 46, 40, 23, 20, 10, 8, 5, 4, 2, 1, 0, 0, 0, 0, -24 ]
];
$p = new Polytope(INEQUALITIES=>$ieqs, EQUATIONS=>$eqs);
prefer_now "libnormaliz";
print $p->LATTICE_POINTS_GENERATORS->[0];
