use application "polytope";
use vars '$ieqs', '$eqs', '$p';
$ieqs = [
[ 0, 340, 170, 85, 68, 34, 20, 17, 10, 5, 4, 2, 1, 0, 0, 0, 0, 0 ],
[ 0, 85, 170, 85, 17, 34, 5, 17, 10, 5, 1, 2, 1, 0, 0, 0, 0, 0 ],
[ 0, 85, 170, 340, 17, 34, 5, 68, 10, 20, 1, 2, 4, 0, 0, 0, 0, 0 ],
[ 0, 68, 34, 17, 340, 170, 4, 85, 2, 1, 20, 10, 5, 0, 0, 0, 0, 0 ],
[ 0, 17, 34, 17, 85, 170, 1, 85, 2, 1, 5, 10, 5, 0, 0, 0, 0, 0 ],
[ 0, 20, 10, 5, 4, 2, 340, 1, 170, 85, 68, 34, 17, 0, 0, 0, 0, 0 ],
[ 0, 17, 34, 68, 85, 170, 1, 340, 2, 4, 5, 10, 20, 0, 0, 0, 0, 0 ],
[ 0, 5, 10, 5, 1, 2, 85, 1, 170, 85, 17, 34, 17, 0, 0, 0, 0, 0 ],
[ 0, 5, 10, 20, 1, 2, 85, 4, 170, 340, 17, 34, 68, 0, 0, 0, 0, 0 ],
[ 0, 4, 2, 1, 20, 10, 68, 5, 34, 17, 340, 170, 85, 0, 0, 0, 0, 0 ],
[ 0, 1, 2, 1, 5, 10, 17, 5, 34, 17, 85, 170, 85, 0, 0, 0, 0, 0 ],
[ 1944, 1, 2, 4, 5, 10, 17, 20, 34, 68, 85, 170, 340, 0, 0, 0, 0, 0 ]
];
$eqs = [
[ -1, 1, 1, 1, 1, 1, 1, 1, 1, 1, 1, 1, 1, 0, 0, 0, 0, 0 ],
[ -1, 0, 1, 2, 0, 1, 0, 2, 1, 2, 0, 1, 2, -2, 0, 0, 0, 0 ],
[ 0, 0, 0, 0, 1, 1, 0, 1, 0, 0, 1, 1, 1, 0, -2, 0, 0, 0 ],
[ 0, 0, 0, 0, 0, 0, 1, 0, 1, 1, 1, 1, 1, 0, 0, -2, 0, 0 ],
[ 0, 1, 2, 4, 5, 10, 17, 20, 34, 68, 85, 170, 340, 0, 0, 0, -24, 0 ],
[ 0, 340, 170, 85, 68, 34, 20, 17, 10, 5, 4, 2, 1, 0, 0, 0, 0, -24 ]
];
$p = new Polytope(INEQUALITIES=>$ieqs, EQUATIONS=>$eqs);
prefer_now "libnormaliz";
print $p->LATTICE_POINTS_GENERATORS->[0];
