use application "polytope";
use vars '$ieqs', '$eqs', '$p';
$ieqs = [
[ 0, 1420, 710, 355, 284, 142, 71, 20, 10, 5, 4, 2, 1, 0, 0, 0, 0, 0 ],
[ 0, 355, 710, 355, 71, 142, 71, 5, 10, 5, 1, 2, 1, 0, 0, 0, 0, 0 ],
[ 0, 355, 710, 1420, 71, 142, 284, 5, 10, 20, 1, 2, 4, 0, 0, 0, 0, 0 ],
[ 0, 284, 142, 71, 1420, 710, 355, 4, 2, 1, 20, 10, 5, 0, 0, 0, 0, 0 ],
[ 0, 71, 142, 71, 355, 710, 355, 1, 2, 1, 5, 10, 5, 0, 0, 0, 0, 0 ],
[ 0, 71, 142, 284, 355, 710, 1420, 1, 2, 4, 5, 10, 20, 0, 0, 0, 0, 0 ],
[ 0, 20, 10, 5, 4, 2, 1, 1420, 710, 355, 284, 142, 71, 0, 0, 0, 0, 0 ],
[ 0, 5, 10, 5, 1, 2, 1, 355, 710, 355, 71, 142, 71, 0, 0, 0, 0, 0 ],
[ 0, 5, 10, 20, 1, 2, 4, 355, 710, 1420, 71, 142, 284, 0, 0, 0, 0, 0 ],
[ 0, 4, 2, 1, 20, 10, 5, 284, 142, 71, 1420, 710, 355, 0, 0, 0, 0, 0 ],
[ 0, 1, 2, 1, 5, 10, 5, 71, 142, 71, 355, 710, 355, 0, 0, 0, 0, 0 ],
[ 8448, 1, 2, 4, 5, 10, 20, 71, 142, 284, 355, 710, 1420, 0, 0, 0, 0, 0 ]
];
$eqs = [
[ -1, 1, 1, 1, 1, 1, 1, 1, 1, 1, 1, 1, 1, 0, 0, 0, 0, 0 ],
[ -1, 0, 1, 2, 0, 1, 2, 0, 1, 2, 0, 1, 2, -2, 0, 0, 0, 0 ],
[ 0, 0, 0, 0, 1, 1, 1, 0, 0, 0, 1, 1, 1, 0, -2, 0, 0, 0 ],
[ 0, 0, 0, 0, 0, 0, 0, 1, 1, 1, 1, 1, 1, 0, 0, -2, 0, 0 ],
[ 0, 1, 2, 4, 5, 10, 20, 71, 142, 284, 355, 710, 1420, 0, 0, 0, -24, 0 ],
[ 0, 1420, 710, 355, 284, 142, 71, 20, 10, 5, 4, 2, 1, 0, 0, 0, 0, -24 ]
];
$p = new Polytope(INEQUALITIES=>$ieqs, EQUATIONS=>$eqs);
prefer_now "libnormaliz";
print $p->LATTICE_POINTS_GENERATORS->[0];
