use application "polytope";
use vars '$ieqs', '$eqs', '$p';
$ieqs = [
[ 48, 20, 10, 5, 4, 2, 1, 0, 0, 0, 0 ],
[ 0, 5, 10, 5, 1, 2, 1, 0, 0, 0, 0 ],
[ 0, 5, 10, 20, 1, 2, 4, 0, 0, 0, 0 ],
[ 0, 4, 2, 1, 20, 10, 5, 0, 0, 0, 0 ],
[ 0, 1, 2, 1, 5, 10, 5, 0, 0, 0, 0 ],
[ 0, 1, 2, 4, 5, 10, 20, 0, 0, 0, 0 ]
];
$eqs = [
[ -1, 1, 1, 1, 1, 1, 1, 0, 0, 0, 0 ],
[ -1, 0, 1, 2, 0, 1, 2, -2, 0, 0, 0 ],
[ 0, 0, 0, 0, 1, 1, 1, 0, -2, 0, 0 ],
[ 0, 1, 2, 4, 5, 10, 20, 0, 0, -24, 0 ],
[ 0, 20, 10, 5, 4, 2, 1, 0, 0, 0, -24 ]
];
$p = new Polytope(INEQUALITIES=>$ieqs, EQUATIONS=>$eqs);
print $p->LATTICE_POINTS;
