use application "polytope";
use vars '$ieqs', '$eqs', '$p';
$ieqs = [
[ 0, 312, 156, 104, 78, 52, 39, 26, 24, 13, 12, 8, 6, 4, 3, 2, 1, 0, 0, 0, 0, 0 ],
[ 0, 78, 156, 26, 78, 52, 39, 26, 6, 13, 12, 2, 6, 4, 3, 2, 1, 0, 0, 0, 0, 0 ],
[ 0, 104, 52, 312, 26, 156, 13, 78, 8, 39, 4, 24, 2, 12, 1, 6, 3, 0, 0, 0, 0, 0 ],
[ 0, 39, 78, 13, 156, 26, 78, 52, 3, 26, 6, 1, 12, 2, 6, 4, 2, 0, 0, 0, 0, 0 ],
[ 0, 26, 52, 78, 26, 156, 13, 78, 2, 39, 4, 6, 2, 12, 1, 6, 3, 0, 0, 0, 0, 0 ],
[ 0, 39, 78, 13, 156, 26, 312, 52, 3, 104, 6, 1, 12, 2, 24, 4, 8, 0, 0, 0, 0, 0 ],
[ 0, 13, 26, 39, 52, 78, 26, 156, 1, 78, 2, 3, 4, 6, 2, 12, 6, 0, 0, 0, 0, 0 ],
[ 0, 24, 12, 8, 6, 4, 3, 2, 312, 1, 156, 104, 78, 52, 39, 26, 13, 0, 0, 0, 0, 0 ],
[ 0, 13, 26, 39, 52, 78, 104, 156, 1, 312, 2, 3, 4, 6, 8, 12, 24, 0, 0, 0, 0, 0 ],
[ 0, 6, 12, 2, 6, 4, 3, 2, 78, 1, 156, 26, 78, 52, 39, 26, 13, 0, 0, 0, 0, 0 ],
[ 0, 8, 4, 24, 2, 12, 1, 6, 104, 3, 52, 312, 26, 156, 13, 78, 39, 0, 0, 0, 0, 0 ],
[ 0, 3, 6, 1, 12, 2, 6, 4, 39, 2, 78, 13, 156, 26, 78, 52, 26, 0, 0, 0, 0, 0 ],
[ 0, 2, 4, 6, 2, 12, 1, 6, 26, 3, 52, 78, 26, 156, 13, 78, 39, 0, 0, 0, 0, 0 ],
[ 0, 3, 6, 1, 12, 2, 24, 4, 39, 8, 78, 13, 156, 26, 312, 52, 104, 0, 0, 0, 0, 0 ],
[ 0, 1, 2, 3, 4, 6, 2, 12, 13, 6, 26, 39, 52, 78, 26, 156, 78, 0, 0, 0, 0, 0 ],
[ 2568, 1, 2, 3, 4, 6, 8, 12, 13, 24, 26, 39, 52, 78, 104, 156, 312, 0, 0, 0, 0, 0 ]
];
$eqs = [
[ -1, 1, 1, 1, 1, 1, 1, 1, 1, 1, 1, 1, 1, 1, 1, 1, 1, 0, 0, 0, 0, 0 ],
[ -1, 0, 1, 0, 2, 1, 3, 2, 0, 3, 1, 0, 2, 1, 3, 2, 3, -2, 0, 0, 0, 0 ],
[ 0, 0, 0, 1, 0, 1, 0, 1, 0, 1, 0, 1, 0, 1, 0, 1, 1, 0, -2, 0, 0, 0 ],
[ 0, 0, 0, 0, 0, 0, 0, 0, 1, 0, 1, 1, 1, 1, 1, 1, 1, 0, 0, -2, 0, 0 ],
[ 0, 1, 2, 3, 4, 6, 8, 12, 13, 24, 26, 39, 52, 78, 104, 156, 312, 0, 0, 0, -24, 0 ],
[ 0, 312, 156, 104, 78, 52, 39, 26, 24, 13, 12, 8, 6, 4, 3, 2, 1, 0, 0, 0, 0, -24 ]
];
$p = new Polytope(INEQUALITIES=>$ieqs, EQUATIONS=>$eqs);
prefer_now "libnormaliz";
print $p->LATTICE_POINTS_GENERATORS->[0];
