use application "polytope";
use vars '$ieqs', '$eqs', '$p';
$ieqs = [
[ 0, 456, 228, 152, 114, 76, 57, 38, 24, 19, 12, 8, 6, 4, 3, 2, 1, 0, 0, 0, 0, 0 ],
[ 0, 114, 228, 38, 114, 76, 57, 38, 6, 19, 12, 2, 6, 4, 3, 2, 1, 0, 0, 0, 0, 0 ],
[ 0, 152, 76, 456, 38, 228, 19, 114, 8, 57, 4, 24, 2, 12, 1, 6, 3, 0, 0, 0, 0, 0 ],
[ 0, 57, 114, 19, 228, 38, 114, 76, 3, 38, 6, 1, 12, 2, 6, 4, 2, 0, 0, 0, 0, 0 ],
[ 0, 38, 76, 114, 38, 228, 19, 114, 2, 57, 4, 6, 2, 12, 1, 6, 3, 0, 0, 0, 0, 0 ],
[ 0, 57, 114, 19, 228, 38, 456, 76, 3, 152, 6, 1, 12, 2, 24, 4, 8, 0, 0, 0, 0, 0 ],
[ 0, 19, 38, 57, 76, 114, 38, 228, 1, 114, 2, 3, 4, 6, 2, 12, 6, 0, 0, 0, 0, 0 ],
[ 0, 24, 12, 8, 6, 4, 3, 2, 456, 1, 228, 152, 114, 76, 57, 38, 19, 0, 0, 0, 0, 0 ],
[ 0, 19, 38, 57, 76, 114, 152, 228, 1, 456, 2, 3, 4, 6, 8, 12, 24, 0, 0, 0, 0, 0 ],
[ 0, 6, 12, 2, 6, 4, 3, 2, 114, 1, 228, 38, 114, 76, 57, 38, 19, 0, 0, 0, 0, 0 ],
[ 0, 8, 4, 24, 2, 12, 1, 6, 152, 3, 76, 456, 38, 228, 19, 114, 57, 0, 0, 0, 0, 0 ],
[ 0, 3, 6, 1, 12, 2, 6, 4, 57, 2, 114, 19, 228, 38, 114, 76, 38, 0, 0, 0, 0, 0 ],
[ 0, 2, 4, 6, 2, 12, 1, 6, 38, 3, 76, 114, 38, 228, 19, 114, 57, 0, 0, 0, 0, 0 ],
[ 0, 3, 6, 1, 12, 2, 24, 4, 57, 8, 114, 19, 228, 38, 456, 76, 152, 0, 0, 0, 0, 0 ],
[ 0, 1, 2, 3, 4, 6, 2, 12, 19, 6, 38, 57, 76, 114, 38, 228, 114, 0, 0, 0, 0, 0 ],
[ 3864, 1, 2, 3, 4, 6, 8, 12, 19, 24, 38, 57, 76, 114, 152, 228, 456, 0, 0, 0, 0, 0 ]
];
$eqs = [
[ -1, 1, 1, 1, 1, 1, 1, 1, 1, 1, 1, 1, 1, 1, 1, 1, 1, 0, 0, 0, 0, 0 ],
[ -1, 0, 1, 0, 2, 1, 3, 2, 0, 3, 1, 0, 2, 1, 3, 2, 3, -2, 0, 0, 0, 0 ],
[ 0, 0, 0, 1, 0, 1, 0, 1, 0, 1, 0, 1, 0, 1, 0, 1, 1, 0, -2, 0, 0, 0 ],
[ 0, 0, 0, 0, 0, 0, 0, 0, 1, 0, 1, 1, 1, 1, 1, 1, 1, 0, 0, -2, 0, 0 ],
[ 0, 1, 2, 3, 4, 6, 8, 12, 19, 24, 38, 57, 76, 114, 152, 228, 456, 0, 0, 0, -24, 0 ],
[ 0, 456, 228, 152, 114, 76, 57, 38, 24, 19, 12, 8, 6, 4, 3, 2, 1, 0, 0, 0, 0, -24 ]
];
$p = new Polytope(INEQUALITIES=>$ieqs, EQUATIONS=>$eqs);
prefer_now "libnormaliz";
print $p->LATTICE_POINTS_GENERATORS->[0];
