use application "polytope";
use vars '$ieqs', '$eqs', '$p';
$ieqs = [
[ 0, 68, 34, 17, 4, 2, 1, 0, 0, 0, 0 ],
[ 0, 17, 34, 17, 1, 2, 1, 0, 0, 0, 0 ],
[ 0, 17, 34, 68, 1, 2, 4, 0, 0, 0, 0 ],
[ 0, 4, 2, 1, 68, 34, 17, 0, 0, 0, 0 ],
[ 0, 1, 2, 1, 17, 34, 17, 0, 0, 0, 0 ],
[ 264, 1, 2, 4, 17, 34, 68, 0, 0, 0, 0 ]
];
$eqs = [
[ -1, 1, 1, 1, 1, 1, 1, 0, 0, 0, 0 ],
[ -1, 0, 1, 2, 0, 1, 2, -2, 0, 0, 0 ],
[ 0, 0, 0, 0, 1, 1, 1, 0, -2, 0, 0 ],
[ 0, 1, 2, 4, 17, 34, 68, 0, 0, -24, 0 ],
[ 0, 68, 34, 17, 4, 2, 1, 0, 0, 0, -24 ]
];
$p = new Polytope(INEQUALITIES=>$ieqs, EQUATIONS=>$eqs);
print $p->LATTICE_POINTS;
