use application "polytope";
use vars '$ieqs', '$eqs', '$p';
$ieqs = [
[ 0, 760, 380, 190, 152, 95, 76, 40, 38, 20, 19, 10, 8, 5, 4, 2, 1, 0, 0, 0, 0, 0 ],
[ 0, 190, 380, 190, 38, 95, 76, 10, 38, 20, 19, 10, 2, 5, 4, 2, 1, 0, 0, 0, 0, 0 ],
[ 0, 95, 190, 380, 19, 190, 38, 5, 76, 10, 38, 20, 1, 10, 2, 4, 2, 0, 0, 0, 0, 0 ],
[ 0, 152, 76, 38, 760, 19, 380, 8, 190, 4, 95, 2, 40, 1, 20, 10, 5, 0, 0, 0, 0, 0 ],
[ 0, 95, 190, 380, 19, 760, 38, 5, 76, 10, 152, 20, 1, 40, 2, 4, 8, 0, 0, 0, 0, 0 ],
[ 0, 38, 76, 38, 190, 19, 380, 2, 190, 4, 95, 2, 10, 1, 20, 10, 5, 0, 0, 0, 0, 0 ],
[ 0, 40, 20, 10, 8, 5, 4, 760, 2, 380, 1, 190, 152, 95, 76, 38, 19, 0, 0, 0, 0, 0 ],
[ 0, 19, 38, 76, 95, 38, 190, 1, 380, 2, 190, 4, 5, 2, 10, 20, 10, 0, 0, 0, 0, 0 ],
[ 0, 10, 20, 10, 2, 5, 4, 190, 2, 380, 1, 190, 38, 95, 76, 38, 19, 0, 0, 0, 0, 0 ],
[ 0, 19, 38, 76, 95, 152, 190, 1, 380, 2, 760, 4, 5, 8, 10, 20, 40, 0, 0, 0, 0, 0 ],
[ 0, 5, 10, 20, 1, 10, 2, 95, 4, 190, 2, 380, 19, 190, 38, 76, 38, 0, 0, 0, 0, 0 ],
[ 0, 8, 4, 2, 40, 1, 20, 152, 10, 76, 5, 38, 760, 19, 380, 190, 95, 0, 0, 0, 0, 0 ],
[ 0, 5, 10, 20, 1, 40, 2, 95, 4, 190, 8, 380, 19, 760, 38, 76, 152, 0, 0, 0, 0, 0 ],
[ 0, 2, 4, 2, 10, 1, 20, 38, 10, 76, 5, 38, 190, 19, 380, 190, 95, 0, 0, 0, 0, 0 ],
[ 0, 1, 2, 4, 5, 2, 10, 19, 20, 38, 10, 76, 95, 38, 190, 380, 190, 0, 0, 0, 0, 0 ],
[ 3768, 1, 2, 4, 5, 8, 10, 19, 20, 38, 40, 76, 95, 152, 190, 380, 760, 0, 0, 0, 0, 0 ]
];
$eqs = [
[ -1, 1, 1, 1, 1, 1, 1, 1, 1, 1, 1, 1, 1, 1, 1, 1, 1, 0, 0, 0, 0, 0 ],
[ -1, 0, 1, 2, 0, 3, 1, 0, 2, 1, 3, 2, 0, 3, 1, 2, 3, -2, 0, 0, 0, 0 ],
[ 0, 0, 0, 0, 1, 0, 1, 0, 1, 0, 1, 0, 1, 0, 1, 1, 1, 0, -2, 0, 0, 0 ],
[ 0, 0, 0, 0, 0, 0, 0, 1, 0, 1, 0, 1, 1, 1, 1, 1, 1, 0, 0, -2, 0, 0 ],
[ 0, 1, 2, 4, 5, 8, 10, 19, 20, 38, 40, 76, 95, 152, 190, 380, 760, 0, 0, 0, -24, 0 ],
[ 0, 760, 380, 190, 152, 95, 76, 40, 38, 20, 19, 10, 8, 5, 4, 2, 1, 0, 0, 0, 0, -24 ]
];
$p = new Polytope(INEQUALITIES=>$ieqs, EQUATIONS=>$eqs);
prefer_now "libnormaliz";
print $p->LATTICE_POINTS_GENERATORS->[0];
