use application "polytope";
use vars '$ieqs', '$eqs', '$p';
$ieqs = [
[ 0, 836, 418, 209, 76, 44, 38, 22, 19, 11, 4, 2, 1, 0, 0, 0, 0, 0 ],
[ 0, 209, 418, 209, 19, 11, 38, 22, 19, 11, 1, 2, 1, 0, 0, 0, 0, 0 ],
[ 0, 209, 418, 836, 19, 11, 38, 22, 76, 44, 1, 2, 4, 0, 0, 0, 0, 0 ],
[ 0, 76, 38, 19, 836, 4, 418, 2, 209, 1, 44, 22, 11, 0, 0, 0, 0, 0 ],
[ 0, 44, 22, 11, 4, 836, 2, 418, 1, 209, 76, 38, 19, 0, 0, 0, 0, 0 ],
[ 0, 19, 38, 19, 209, 1, 418, 2, 209, 1, 11, 22, 11, 0, 0, 0, 0, 0 ],
[ 0, 11, 22, 11, 1, 209, 2, 418, 1, 209, 19, 38, 19, 0, 0, 0, 0, 0 ],
[ 0, 19, 38, 76, 209, 1, 418, 2, 836, 4, 11, 22, 44, 0, 0, 0, 0, 0 ],
[ 0, 11, 22, 44, 1, 209, 2, 418, 4, 836, 19, 38, 76, 0, 0, 0, 0, 0 ],
[ 0, 4, 2, 1, 44, 76, 22, 38, 11, 19, 836, 418, 209, 0, 0, 0, 0, 0 ],
[ 0, 1, 2, 1, 11, 19, 22, 38, 11, 19, 209, 418, 209, 0, 0, 0, 0, 0 ],
[ 8520, 1, 2, 4, 11, 19, 22, 38, 44, 76, 209, 418, 836, 0, 0, 0, 0, 0 ]
];
$eqs = [
[ -1, 1, 1, 1, 1, 1, 1, 1, 1, 1, 1, 1, 1, 0, 0, 0, 0, 0 ],
[ -1, 0, 1, 2, 0, 0, 1, 1, 2, 2, 0, 1, 2, -2, 0, 0, 0, 0 ],
[ 0, 0, 0, 0, 1, 0, 1, 0, 1, 0, 1, 1, 1, 0, -2, 0, 0, 0 ],
[ 0, 0, 0, 0, 0, 1, 0, 1, 0, 1, 1, 1, 1, 0, 0, -2, 0, 0 ],
[ 0, 1, 2, 4, 11, 19, 22, 38, 44, 76, 209, 418, 836, 0, 0, 0, -24, 0 ],
[ 0, 836, 418, 209, 76, 44, 38, 22, 19, 11, 4, 2, 1, 0, 0, 0, 0, -24 ]
];
$p = new Polytope(INEQUALITIES=>$ieqs, EQUATIONS=>$eqs);
prefer_now "libnormaliz";
print $p->LATTICE_POINTS_GENERATORS->[0];
