use application "polytope";
use vars '$ieqs', '$eqs', '$p';
$ieqs = [
[ 0, 732, 366, 244, 183, 122, 61, 12, 6, 4, 3, 2, 1, 0, 0, 0, 0, 0 ],
[ 0, 183, 366, 61, 183, 122, 61, 3, 6, 1, 3, 2, 1, 0, 0, 0, 0, 0 ],
[ 0, 244, 122, 732, 61, 366, 183, 4, 2, 12, 1, 6, 3, 0, 0, 0, 0, 0 ],
[ 0, 183, 366, 61, 732, 122, 244, 3, 6, 1, 12, 2, 4, 0, 0, 0, 0, 0 ],
[ 0, 61, 122, 183, 61, 366, 183, 1, 2, 3, 1, 6, 3, 0, 0, 0, 0, 0 ],
[ 0, 61, 122, 183, 244, 366, 732, 1, 2, 3, 4, 6, 12, 0, 0, 0, 0, 0 ],
[ 0, 12, 6, 4, 3, 2, 1, 732, 366, 244, 183, 122, 61, 0, 0, 0, 0, 0 ],
[ 0, 3, 6, 1, 3, 2, 1, 183, 366, 61, 183, 122, 61, 0, 0, 0, 0, 0 ],
[ 0, 4, 2, 12, 1, 6, 3, 244, 122, 732, 61, 366, 183, 0, 0, 0, 0, 0 ],
[ 0, 3, 6, 1, 12, 2, 4, 183, 366, 61, 732, 122, 244, 0, 0, 0, 0, 0 ],
[ 0, 1, 2, 3, 1, 6, 3, 61, 122, 183, 61, 366, 183, 0, 0, 0, 0, 0 ],
[ 7176, 1, 2, 3, 4, 6, 12, 61, 122, 183, 244, 366, 732, 0, 0, 0, 0, 0 ]
];
$eqs = [
[ -1, 1, 1, 1, 1, 1, 1, 1, 1, 1, 1, 1, 1, 0, 0, 0, 0, 0 ],
[ -1, 0, 1, 0, 2, 1, 2, 0, 1, 0, 2, 1, 2, -2, 0, 0, 0, 0 ],
[ 0, 0, 0, 1, 0, 1, 1, 0, 0, 1, 0, 1, 1, 0, -2, 0, 0, 0 ],
[ 0, 0, 0, 0, 0, 0, 0, 1, 1, 1, 1, 1, 1, 0, 0, -2, 0, 0 ],
[ 0, 1, 2, 3, 4, 6, 12, 61, 122, 183, 244, 366, 732, 0, 0, 0, -24, 0 ],
[ 0, 732, 366, 244, 183, 122, 61, 12, 6, 4, 3, 2, 1, 0, 0, 0, 0, -24 ]
];
$p = new Polytope(INEQUALITIES=>$ieqs, EQUATIONS=>$eqs);
prefer_now "libnormaliz";
print $p->LATTICE_POINTS_GENERATORS->[0];
