use application "polytope";
use vars '$ieqs', '$eqs', '$p';
$ieqs = [
[ 0, 44, 22, 11, 4, 2, 1, 0, 0, 0, 0 ],
[ 0, 11, 22, 11, 1, 2, 1, 0, 0, 0, 0 ],
[ 0, 11, 22, 44, 1, 2, 4, 0, 0, 0, 0 ],
[ 0, 4, 2, 1, 44, 22, 11, 0, 0, 0, 0 ],
[ 0, 1, 2, 1, 11, 22, 11, 0, 0, 0, 0 ],
[ 288, 1, 2, 4, 11, 22, 44, 0, 0, 0, 0 ]
];
$eqs = [
[ -1, 1, 1, 1, 1, 1, 1, 0, 0, 0, 0 ],
[ -1, 0, 1, 2, 0, 1, 2, -2, 0, 0, 0 ],
[ 0, 0, 0, 0, 1, 1, 1, 0, -2, 0, 0 ],
[ 0, 1, 2, 4, 11, 22, 44, 0, 0, -24, 0 ],
[ 0, 44, 22, 11, 4, 2, 1, 0, 0, 0, -24 ]
];
$p = new Polytope(INEQUALITIES=>$ieqs, EQUATIONS=>$eqs);
print $p->LATTICE_POINTS;
