[ PowerSequence(IntegerRing()) |
\[ -17, 42, -16, -1, 11, -18 ],
\[ -13, 32, -12, -5, 21, -22 ],
\[ -12, 30, -11, 2, 7, -15 ],
\[ -11, 27, -9, 1, 10, -17 ],
\[ -11, 28, -8, 1, 9, -18 ],
\[ -11, 30, -12, 1, 7, -14 ],
\[ -10, 21, -2, 0, 8, -16 ],
\[ -10, 23, -6, 0, 6, -12 ],
\[ -10, 24, -7, 0, 13, -19 ],
\[ -10, 27, -10, 0, 10, -16 ],
\[ -10, 28, -9, 0, 9, -17 ],
\[ -9, 18, 0, -1, 11, -18 ],
\[ -9, 20, -4, -1, 9, -14 ],
\[ -9, 21, -5, -1, 16, -21 ],
\[ -9, 22, -8, -9, 31, -26 ],
\[ -9, 22, -8, -1, 7, -10 ],
\[ -9, 22, -8, 7, 7, -18 ],
\[ -9, 23, -9, -1, 14, -17 ],
\[ -9, 24, -8, -1, 13, -18 ],
\[ -9, 25, -7, -1, 12, -19 ],
\[ -9, 27, -11, -1, 10, -15 ],
\[ -8, 17, -2, -2, 12, -16 ],
\[ -8, 19, -6, -2, 10, -12 ],
\[ -8, 20, -7, -2, 17, -19 ],
\[ -8, 21, -6, -2, 16, -20 ],
\[ -8, 24, -9, -2, 13, -17 ],
\[ -7, 14, 0, -3, 15, -18 ],
\[ -7, 16, -4, -3, 13, -14 ],
\[ -7, 17, -5, -3, 20, -21 ],
\[ -7, 18, -4, -3, 19, -22 ],
\[ -7, 19, -7, 5, 10, -19 ],
\[ -7, 20, -8, -3, 17, -18 ],
\[ -7, 21, -7, -3, 16, -19 ],
\[ -7, 23, -9, 5, 6, -17 ],
\[ -6, 11, 2, -4, 18, -20 ],
\[ -6, 13, -2, -4, 16, -16 ],
\[ -6, 13, 0, 4, 8, -18 ],
\[ -6, 14, -3, -4, 23, -23 ],
\[ -6, 15, -4, 4, 6, -14 ],
\[ -6, 17, -6, -4, 20, -20 ],
\[ -6, 18, -5, -4, 19, -21 ],
\[ -5, 8, 4, -5, 21, -22 ],
\[ -5, 10, 0, -5, 19, -18 ],
\[ -5, 11, -1, -5, 26, -25 ],
\[ -5, 12, -4, -13, 41, -30 ],
\[ -5, 12, -4, -5, 17, -14 ],
\[ -5, 12, -4, 3, 17, -22 ],
\[ -5, 12, -2, 3, 9, -16 ],
\[ -5, 13, -5, -5, 24, -21 ],
\[ -5, 13, -1, 3, 8, -17 ],
\[ -5, 14, -4, -5, 23, -22 ],
\[ -5, 15, -5, 3, 6, -13 ],
\[ -5, 15, -3, -5, 22, -23 ],
\[ -5, 16, -6, 3, 13, -20 ],
\[ -5, 17, -7, -5, 20, -19 ],
\[ -5, 20, -8, 3, 9, -18 ],
\[ -4, 6, 5, 2, 7, -15 ],
\[ -4, 7, 2, -6, 22, -20 ],
\[ -4, 8, 1, 2, 5, -11 ],
\[ -4, 9, -2, -6, 20, -16 ],
\[ -4, 9, 0, 2, 12, -18 ],
\[ -4, 10, -3, -6, 27, -23 ],
\[ -4, 10, -3, 2, 3, -7 ],
\[ -4, 10, -3, 10, 3, -15 ],
\[ -4, 10, 1, 2, 11, -19 ],
\[ -4, 11, -4, 2, 10, -14 ],
\[ -4, 11, -2, -6, 26, -24 ],
\[ -4, 12, -3, 2, 9, -15 ],
\[ -4, 13, -2, 2, 8, -16 ],
\[ -4, 14, -5, -6, 23, -21 ],
\[ -4, 15, -6, 2, 6, -12 ],
\[ -3, 3, 7, 1, 10, -17 ],
\[ -3, 4, 4, -7, 25, -22 ],
\[ -3, 4, 8, 1, 9, -18 ],
\[ -3, 5, 3, 1, 8, -13 ],
\[ -3, 6, 0, -7, 23, -18 ],
\[ -3, 6, 2, 1, 15, -20 ],
\[ -3, 6, 4, 1, 7, -14 ],
\[ -3, 7, -1, -7, 30, -25 ],
\[ -3, 7, -1, 1, 6, -9 ],
\[ -3, 7, -1, 9, 6, -17 ],
\[ -3, 8, -2, 1, 13, -16 ],
\[ -3, 8, 0, -7, 29, -26 ],
\[ -3, 8, 0, 1, 5, -10 ],
\[ -3, 8, 0, 9, 5, -18 ],
\[ -3, 9, -3, 1, 20, -23 ],
\[ -3, 9, -1, 1, 12, -17 ],
\[ -3, 10, -4, -7, 27, -22 ],
\[ -3, 10, -4, 1, 3, -6 ],
\[ -3, 10, -4, 9, 3, -14 ],
\[ -3, 10, 0, 1, 11, -18 ],
\[ -3, 11, -3, -7, 26, -23 ],
\[ -3, 12, -4, 1, 9, -14 ],
\[ -3, 13, -5, 1, 16, -21 ],
\[ -3, 13, -3, 1, 8, -15 ],
\[ -3, 17, -7, 1, 12, -19 ],
\[ -3, 21, -9, 1, 8, -17 ],
\[ -2, -3, 14, 0, 8, -16 ],
\[ -2, -1, 10, 0, 6, -12 ],
\[ -2, 0, 9, 0, 13, -19 ],
\[ -2, 1, 6, -8, 28, -24 ],
\[ -2, 1, 6, 0, 4, -8 ],
\[ -2, 1, 6, 8, 4, -16 ],
\[ -2, 2, 5, 0, 11, -15 ],
\[ -2, 3, 2, -8, 26, -20 ],
\[ -2, 3, 2, 0, 2, -4 ],
\[ -2, 3, 2, 8, 2, -12 ],
\[ -2, 3, 4, 0, 18, -22 ],
\[ -2, 3, 6, 0, 10, -16 ],
\[ -2, 4, 1, -8, 33, -27 ],
\[ -2, 4, 1, 0, 9, -11 ],
\[ -2, 4, 1, 8, 9, -19 ],
\[ -2, 4, 7, 0, 9, -17 ],
\[ -2, 5, -2, 0, 0, 0 ],
\[ -2, 5, 0, 0, 16, -18 ],
\[ -2, 5, 2, 0, 8, -12 ],
\[ -2, 6, 1, 0, 15, -19 ],
\[ -2, 6, 3, 0, 7, -13 ],
\[ -2, 7, -2, -8, 30, -24 ],
\[ -2, 7, -2, 0, 6, -8 ],
\[ -2, 7, -2, 8, 6, -16 ],
\[ -2, 7, 2, 0, 14, -20 ],
\[ -2, 8, -3, 0, 13, -15 ],
\[ -2, 8, -1, -8, 29, -25 ],
\[ -2, 8, -1, 0, 5, -9 ],
\[ -2, 8, -1, 8, 5, -17 ],
\[ -2, 9, -2, 0, 12, -16 ],
\[ -2, 10, -1, 0, 11, -17 ],
\[ -2, 11, 0, 0, 10, -18 ],
\[ -2, 12, -5, 0, 9, -13 ],
\[ -2, 13, -4, 0, 8, -14 ],
\[ -1, -6, 16, -1, 11, -18 ],
\[ -1, -4, 12, -1, 9, -14 ],
\[ -1, -3, 11, -1, 16, -21 ],
\[ -1, -2, 8, -9, 31, -26 ],
\[ -1, -2, 8, -1, 7, -10 ],
\[ -1, -2, 8, 7, 7, -18 ],
\[ -1, -1, 7, -1, 14, -17 ],
\[ -1, 0, 4, -9, 29, -22 ],
\[ -1, 0, 4, -1, 5, -6 ],
\[ -1, 0, 4, 7, 5, -14 ],
\[ -1, 0, 8, -1, 13, -18 ],
\[ -1, 1, 3, -9, 36, -29 ],
\[ -1, 1, 3, -1, 12, -13 ],
\[ -1, 1, 3, 7, 12, -21 ],
\[ -1, 1, 5, 7, 4, -15 ],
\[ -1, 1, 9, -1, 12, -19 ],
\[ -1, 2, 0, -17, 51, -34 ],
\[ -1, 2, 0, -9, 27, -18 ],
\[ -1, 2, 0, -1, 3, -2 ],
\[ -1, 2, 0, -1, 27, -26 ],
\[ -1, 2, 0, 7, 3, -10 ],
\[ -1, 2, 0, 15, 3, -18 ],
\[ -1, 2, 2, -1, 19, -20 ],
\[ -1, 2, 4, -1, 11, -14 ],
\[ -1, 3, -1, -9, 34, -25 ],
\[ -1, 3, -1, -1, 10, -9 ],
\[ -1, 3, -1, 7, 10, -17 ],
\[ -1, 3, 1, 7, 2, -11 ],
\[ -1, 3, 3, -1, 18, -21 ],
\[ -1, 3, 5, -1, 10, -15 ],
\[ -1, 4, 0, -9, 33, -26 ],
\[ -1, 4, 0, -1, 9, -10 ],
\[ -1, 4, 0, 7, 9, -18 ],
\[ -1, 5, -1, -1, 16, -17 ],
\[ -1, 5, 1, -9, 32, -27 ],
\[ -1, 5, 1, -1, 8, -11 ],
\[ -1, 5, 1, 7, 8, -19 ],
\[ -1, 6, -2, -1, 23, -24 ],
\[ -1, 6, 0, -1, 15, -18 ],
\[ -1, 7, -3, -9, 30, -23 ],
\[ -1, 7, -3, -1, 6, -7 ],
\[ -1, 7, -3, 7, 6, -15 ],
\[ -1, 7, 1, -1, 14, -19 ],
\[ -1, 8, -2, 7, 5, -16 ],
\[ -1, 9, -3, -1, 12, -15 ],
\[ -1, 10, -4, -1, 19, -22 ],
\[ -1, 10, -2, -1, 11, -16 ],
\[ -1, 14, -6, -1, 15, -20 ],
\[ -1, 18, -8, -1, 11, -18 ],
\[ 0, -7, 14, -2, 12, -16 ],
\[ 0, -5, 10, -2, 10, -12 ],
\[ 0, -4, 9, -2, 17, -19 ],
\[ 0, -3, 6, -10, 32, -24 ],
\[ 0, -3, 6, -2, 8, -8 ],
\[ 0, -3, 6, 6, 8, -16 ],
\[ 0, -3, 10, -2, 16, -20 ],
\[ 0, -2, 5, -2, 15, -15 ],
\[ 0, -2, 7, 6, 7, -17 ],
\[ 0, -1, 2, -10, 30, -20 ],
\[ 0, -1, 2, -2, 6, -4 ],
\[ 0, -1, 2, 6, 6, -12 ],
\[ 0, -1, 4, -2, 22, -22 ],
\[ 0, -1, 6, -2, 14, -16 ],
\[ 0, 0, 1, -10, 37, -27 ],
\[ 0, 0, 1, -2, 13, -11 ],
\[ 0, 0, 1, 6, 13, -19 ],
\[ 0, 0, 3, 6, 5, -13 ],
\[ 0, 0, 5, -2, 21, -23 ],
\[ 0, 0, 7, -2, 13, -17 ],
\[ 0, 1, 0, -2, 20, -18 ],
\[ 0, 1, 2, -10, 36, -28 ],
\[ 0, 1, 2, -2, 12, -12 ],
\[ 0, 1, 2, 6, 12, -20 ],
\[ 0, 1, 4, 6, 4, -14 ],
\[ 0, 2, 1, -2, 19, -19 ],
\[ 0, 2, 3, -2, 11, -13 ],
\[ 0, 3, 0, 6, 2, -10 ],
\[ 0, 3, 2, -2, 18, -20 ],
\[ 0, 4, -1, -10, 33, -25 ],
\[ 0, 4, -1, -2, 9, -9 ],
\[ 0, 4, -1, 6, 9, -17 ],
\[ 0, 4, 3, -2, 17, -21 ],
\[ 0, 5, -2, -2, 16, -16 ],
\[ 0, 5, 0, 6, 8, -18 ],
\[ 0, 6, -1, -2, 15, -17 ],
\[ 0, 7, 0, -2, 14, -18 ],
\[ 0, 8, -3, 6, 5, -15 ],
\[ 0, 9, -4, -2, 12, -14 ],
\[ 1, -6, 12, -3, 19, -22 ],
\[ 1, -5, 9, 5, 10, -19 ],
\[ 1, -4, 8, -3, 17, -18 ],
\[ 1, -3, 5, 5, 8, -15 ],
\[ 1, -3, 9, -3, 16, -19 ],
\[ 1, -2, 4, -11, 39, -30 ],
\[ 1, -2, 4, -3, 15, -14 ],
\[ 1, -2, 4, 5, 15, -22 ],
\[ 1, -2, 6, 5, 7, -16 ],
\[ 1, -1, 1, -3, 30, -27 ],
\[ 1, -1, 1, 5, 6, -11 ],
\[ 1, -1, 1, 13, 6, -19 ],
\[ 1, -1, 3, -3, 22, -21 ],
\[ 1, -1, 5, -3, 14, -15 ],
\[ 1, -1, 7, 5, 6, -17 ],
\[ 1, 0, 0, -11, 37, -26 ],
\[ 1, 0, 0, -3, 13, -10 ],
\[ 1, 0, 0, 5, 13, -18 ],
\[ 1, 0, 2, 5, 5, -12 ],
\[ 1, 0, 4, -3, 21, -22 ],
\[ 1, 1, 1, -11, 36, -27 ],
\[ 1, 1, 1, -3, 12, -11 ],
\[ 1, 1, 1, 5, 12, -19 ],
\[ 1, 1, 3, 5, 4, -13 ],
\[ 1, 2, 0, -3, 19, -18 ],
\[ 1, 2, 2, 5, 11, -20 ],
\[ 1, 3, -1, -3, 26, -25 ],
\[ 1, 3, -1, 5, 2, -9 ],
\[ 1, 3, -1, 13, 2, -17 ],
\[ 1, 3, 1, -3, 18, -19 ],
\[ 1, 4, -2, 5, 9, -16 ],
\[ 1, 4, 2, -3, 17, -20 ],
\[ 1, 5, -1, 5, 8, -17 ],
\[ 1, 6, -2, -3, 15, -16 ],
\[ 1, 6, 0, 5, 7, -18 ],
\[ 1, 7, -3, -3, 22, -23 ],
\[ 1, 8, -4, 5, 5, -14 ],
\[ 1, 11, -5, -3, 18, -21 ],
\[ 2, -6, 11, -4, 19, -21 ],
\[ 2, -5, 8, 4, 10, -18 ],
\[ 2, -4, 7, -4, 17, -17 ],
\[ 2, -3, 4, 4, 8, -14 ],
\[ 2, -3, 6, -4, 24, -24 ],
\[ 2, -2, 3, -12, 39, -29 ],
\[ 2, -2, 3, -4, 15, -13 ],
\[ 2, -2, 3, 4, 15, -21 ],
\[ 2, -2, 5, 4, 7, -15 ],
\[ 2, -1, 2, -4, 22, -20 ],
\[ 2, -1, 6, 4, 6, -16 ],
\[ 2, 0, 1, 4, 5, -11 ],
\[ 2, 0, 3, -4, 21, -21 ],
\[ 2, 1, 0, 4, 12, -18 ],
\[ 2, 1, 2, 4, 4, -12 ],
\[ 2, 1, 4, -4, 20, -22 ],
\[ 2, 2, -1, -4, 19, -17 ],
\[ 2, 2, 1, 4, 11, -19 ],
\[ 2, 3, 0, -4, 18, -18 ],
\[ 2, 5, -2, 4, 8, -16 ],
\[ 2, 6, -1, 4, 7, -17 ],
\[ 3, -5, 7, 3, 10, -17 ],
\[ 3, -4, 8, 3, 9, -18 ],
\[ 3, -3, 3, 3, 8, -13 ],
\[ 3, -3, 5, -5, 24, -23 ],
\[ 3, -2, 2, 3, 15, -20 ],
\[ 3, -2, 4, 3, 7, -14 ],
\[ 3, -1, 1, -5, 22, -19 ],
\[ 3, -1, 3, 3, 14, -21 ],
\[ 3, -1, 5, 3, 6, -15 ],
\[ 3, 0, 0, -5, 29, -26 ],
\[ 3, 0, 0, 3, 5, -10 ],
\[ 3, 0, 0, 11, 5, -18 ],
\[ 3, 0, 2, -5, 21, -20 ],
\[ 3, 1, -1, 3, 12, -17 ],
\[ 3, 1, 1, 3, 4, -11 ],
\[ 3, 2, 0, 3, 11, -18 ],
\[ 3, 3, 1, 3, 10, -19 ],
\[ 3, 4, -2, -5, 25, -24 ],
\[ 3, 5, -3, 3, 8, -15 ],
\[ 3, 6, -2, 3, 7, -16 ],
\[ 3, 8, -4, -5, 21, -22 ],
\[ 4, -5, 6, 2, 10, -16 ],
\[ 4, -4, 7, 2, 9, -17 ],
\[ 4, -3, 2, 2, 8, -12 ],
\[ 4, -3, 4, -6, 24, -22 ],
\[ 4, -2, 1, 2, 15, -19 ],
\[ 4, -2, 3, 2, 7, -13 ],
\[ 4, -1, 0, -6, 22, -18 ],
\[ 4, -1, 2, 2, 14, -20 ],
\[ 4, -1, 4, 2, 6, -14 ],
\[ 4, 1, 0, 2, 4, -10 ],
\[ 4, 2, -1, 2, 11, -17 ],
\[ 4, 3, 0, 2, 10, -18 ],
\[ 4, 6, -3, 2, 7, -15 ],
\[ 5, -7, 9, 1, 12, -19 ],
\[ 5, -5, 5, 1, 10, -15 ],
\[ 5, -4, 4, 1, 17, -22 ],
\[ 5, -4, 6, 1, 9, -16 ],
\[ 5, -3, 1, -7, 32, -27 ],
\[ 5, -3, 1, 1, 8, -11 ],
\[ 5, -3, 1, 9, 8, -19 ],
\[ 5, -3, 7, 1, 8, -17 ],
\[ 5, -2, 0, 1, 15, -18 ],
\[ 5, -2, 2, 1, 7, -12 ],
\[ 5, -1, 1, 1, 14, -19 ],
\[ 5, -1, 3, 1, 6, -13 ],
\[ 5, 0, 2, 1, 13, -20 ],
\[ 5, 1, -1, -7, 28, -25 ],
\[ 5, 1, -1, 1, 4, -9 ],
\[ 5, 1, -1, 9, 4, -17 ],
\[ 5, 2, -2, 1, 11, -16 ],
\[ 5, 3, -1, 1, 10, -17 ],
\[ 5, 4, 0, 1, 9, -18 ],
\[ 5, 6, -4, 1, 7, -14 ],
\[ 6, -7, 8, 0, 12, -18 ],
\[ 6, -5, 4, 0, 10, -14 ],
\[ 6, -4, 3, 0, 17, -21 ],
\[ 6, -4, 5, 0, 9, -15 ],
\[ 6, -3, 6, 0, 8, -16 ],
\[ 6, -2, 1, 0, 7, -11 ],
\[ 6, -1, 0, 0, 14, -18 ],
\[ 6, -1, 2, 0, 6, -12 ],
\[ 6, 0, 1, 0, 13, -19 ],
\[ 6, 3, -2, 0, 10, -16 ],
\[ 6, 4, -1, 0, 9, -17 ],
\[ 7, -7, 7, -1, 12, -17 ],
\[ 7, -6, 8, -1, 11, -18 ],
\[ 7, -5, 3, -1, 10, -13 ],
\[ 7, -4, 2, -1, 17, -20 ],
\[ 7, -4, 4, -1, 9, -14 ],
\[ 7, -3, 3, -1, 16, -21 ],
\[ 7, -2, 0, -9, 31, -26 ],
\[ 7, -2, 0, -1, 7, -10 ],
\[ 7, -2, 0, 7, 7, -18 ],
\[ 7, -1, -1, -1, 14, -17 ],
\[ 7, 0, 0, -1, 13, -18 ],
\[ 7, 1, 1, -1, 12, -19 ],
\[ 7, 3, -3, -1, 10, -15 ],
\[ 8, -7, 6, -2, 12, -16 ],
\[ 8, -5, 2, -2, 10, -12 ],
\[ 8, -4, 1, -2, 17, -19 ],
\[ 8, -3, 2, -2, 16, -20 ],
\[ 8, 0, -1, -2, 13, -17 ],
\[ 9, -6, 4, -3, 19, -22 ],
\[ 9, -5, 1, 5, 10, -19 ],
\[ 9, -4, 0, -3, 17, -18 ],
\[ 9, -3, 1, -3, 16, -19 ],
\[ 9, -1, -1, 5, 6, -17 ],
\[ 10, -6, 3, -4, 19, -21 ],
\[ 11, -4, 0, 3, 9, -18 ],
\[ 13, -7, 1, 1, 12, -19 ],
\[ 13, -3, -1, 1, 8, -17 ],
\[ 15, -6, 0, -1, 11, -18 ]
]
