use application "polytope";
use vars '$ieqs', '$eqs', '$p';
$ieqs = [
[ 0, 940, 470, 235, 188, 94, 47, 20, 10, 5, 4, 2, 1, 0, 0, 0, 0, 0 ],
[ 0, 235, 470, 235, 47, 94, 47, 5, 10, 5, 1, 2, 1, 0, 0, 0, 0, 0 ],
[ 0, 235, 470, 940, 47, 94, 188, 5, 10, 20, 1, 2, 4, 0, 0, 0, 0, 0 ],
[ 0, 188, 94, 47, 940, 470, 235, 4, 2, 1, 20, 10, 5, 0, 0, 0, 0, 0 ],
[ 0, 47, 94, 47, 235, 470, 235, 1, 2, 1, 5, 10, 5, 0, 0, 0, 0, 0 ],
[ 0, 47, 94, 188, 235, 470, 940, 1, 2, 4, 5, 10, 20, 0, 0, 0, 0, 0 ],
[ 0, 20, 10, 5, 4, 2, 1, 940, 470, 235, 188, 94, 47, 0, 0, 0, 0, 0 ],
[ 0, 5, 10, 5, 1, 2, 1, 235, 470, 235, 47, 94, 47, 0, 0, 0, 0, 0 ],
[ 0, 5, 10, 20, 1, 2, 4, 235, 470, 940, 47, 94, 188, 0, 0, 0, 0, 0 ],
[ 0, 4, 2, 1, 20, 10, 5, 188, 94, 47, 940, 470, 235, 0, 0, 0, 0, 0 ],
[ 0, 1, 2, 1, 5, 10, 5, 47, 94, 47, 235, 470, 235, 0, 0, 0, 0, 0 ],
[ 5568, 1, 2, 4, 5, 10, 20, 47, 94, 188, 235, 470, 940, 0, 0, 0, 0, 0 ]
];
$eqs = [
[ -1, 1, 1, 1, 1, 1, 1, 1, 1, 1, 1, 1, 1, 0, 0, 0, 0, 0 ],
[ -1, 0, 1, 2, 0, 1, 2, 0, 1, 2, 0, 1, 2, -2, 0, 0, 0, 0 ],
[ 0, 0, 0, 0, 1, 1, 1, 0, 0, 0, 1, 1, 1, 0, -2, 0, 0, 0 ],
[ 0, 0, 0, 0, 0, 0, 0, 1, 1, 1, 1, 1, 1, 0, 0, -2, 0, 0 ],
[ 0, 1, 2, 4, 5, 10, 20, 47, 94, 188, 235, 470, 940, 0, 0, 0, -24, 0 ],
[ 0, 940, 470, 235, 188, 94, 47, 20, 10, 5, 4, 2, 1, 0, 0, 0, 0, -24 ]
];
$p = new Polytope(INEQUALITIES=>$ieqs, EQUATIONS=>$eqs);
prefer_now "libnormaliz";
print $p->LATTICE_POINTS_GENERATORS->[0];
