use application "polytope";
use vars '$ieqs', '$eqs', '$p';
$ieqs = [
[ 0, 404, 202, 101, 4, 2, 1, 0, 0, 0, 0 ],
[ 0, 101, 202, 101, 1, 2, 1, 0, 0, 0, 0 ],
[ 0, 101, 202, 404, 1, 2, 4, 0, 0, 0, 0 ],
[ 0, 4, 2, 1, 404, 202, 101, 0, 0, 0, 0 ],
[ 0, 1, 2, 1, 101, 202, 101, 0, 0, 0, 0 ],
[ 6576, 1, 2, 4, 101, 202, 404, 0, 0, 0, 0 ]
];
$eqs = [
[ -1, 1, 1, 1, 1, 1, 1, 0, 0, 0, 0 ],
[ -1, 0, 1, 2, 0, 1, 2, -2, 0, 0, 0 ],
[ 0, 0, 0, 0, 1, 1, 1, 0, -2, 0, 0 ],
[ 0, 1, 2, 4, 101, 202, 404, 0, 0, -24, 0 ],
[ 0, 404, 202, 101, 4, 2, 1, 0, 0, 0, -24 ]
];
$p = new Polytope(INEQUALITIES=>$ieqs, EQUATIONS=>$eqs);
print $p->LATTICE_POINTS;
