use application "polytope";
use vars '$ieqs', '$eqs', '$p';
$ieqs = [
[ 0, 616, 308, 154, 88, 77, 56, 44, 28, 22, 14, 11, 8, 7, 4, 2, 1, 0, 0, 0, 0, 0 ],
[ 0, 154, 308, 154, 22, 77, 14, 44, 28, 22, 14, 11, 2, 7, 4, 2, 1, 0, 0, 0, 0, 0 ],
[ 0, 77, 154, 308, 11, 154, 7, 22, 14, 44, 28, 22, 1, 14, 2, 4, 2, 0, 0, 0, 0, 0 ],
[ 0, 88, 44, 22, 616, 11, 8, 308, 4, 154, 2, 77, 56, 1, 28, 14, 7, 0, 0, 0, 0, 0 ],
[ 0, 77, 154, 308, 11, 616, 7, 22, 14, 44, 28, 88, 1, 56, 2, 4, 8, 0, 0, 0, 0, 0 ],
[ 0, 56, 28, 14, 8, 7, 616, 4, 308, 2, 154, 1, 88, 77, 44, 22, 11, 0, 0, 0, 0, 0 ],
[ 0, 22, 44, 22, 154, 11, 2, 308, 4, 154, 2, 77, 14, 1, 28, 14, 7, 0, 0, 0, 0, 0 ],
[ 0, 14, 28, 14, 2, 7, 154, 4, 308, 2, 154, 1, 22, 77, 44, 22, 11, 0, 0, 0, 0, 0 ],
[ 0, 11, 22, 44, 77, 22, 1, 154, 2, 308, 4, 154, 7, 2, 14, 28, 14, 0, 0, 0, 0, 0 ],
[ 0, 7, 14, 28, 1, 14, 77, 2, 154, 4, 308, 2, 11, 154, 22, 44, 22, 0, 0, 0, 0, 0 ],
[ 0, 11, 22, 44, 77, 88, 1, 154, 2, 308, 4, 616, 7, 8, 14, 28, 56, 0, 0, 0, 0, 0 ],
[ 0, 8, 4, 2, 56, 1, 88, 28, 44, 14, 22, 7, 616, 11, 308, 154, 77, 0, 0, 0, 0, 0 ],
[ 0, 7, 14, 28, 1, 56, 77, 2, 154, 4, 308, 8, 11, 616, 22, 44, 88, 0, 0, 0, 0, 0 ],
[ 0, 2, 4, 2, 14, 1, 22, 28, 44, 14, 22, 7, 154, 11, 308, 154, 77, 0, 0, 0, 0, 0 ],
[ 0, 1, 2, 4, 7, 2, 11, 14, 22, 28, 44, 14, 77, 22, 154, 308, 154, 0, 0, 0, 0, 0 ],
[ 5592, 1, 2, 4, 7, 8, 11, 14, 22, 28, 44, 56, 77, 88, 154, 308, 616, 0, 0, 0, 0, 0 ]
];
$eqs = [
[ -1, 1, 1, 1, 1, 1, 1, 1, 1, 1, 1, 1, 1, 1, 1, 1, 1, 0, 0, 0, 0, 0 ],
[ -1, 0, 1, 2, 0, 3, 0, 1, 1, 2, 2, 3, 0, 3, 1, 2, 3, -2, 0, 0, 0, 0 ],
[ 0, 0, 0, 0, 1, 0, 0, 1, 0, 1, 0, 1, 1, 0, 1, 1, 1, 0, -2, 0, 0, 0 ],
[ 0, 0, 0, 0, 0, 0, 1, 0, 1, 0, 1, 0, 1, 1, 1, 1, 1, 0, 0, -2, 0, 0 ],
[ 0, 1, 2, 4, 7, 8, 11, 14, 22, 28, 44, 56, 77, 88, 154, 308, 616, 0, 0, 0, -24, 0 ],
[ 0, 616, 308, 154, 88, 77, 56, 44, 28, 22, 14, 11, 8, 7, 4, 2, 1, 0, 0, 0, 0, -24 ]
];
$p = new Polytope(INEQUALITIES=>$ieqs, EQUATIONS=>$eqs);
prefer_now "libnormaliz";
print $p->LATTICE_POINTS_GENERATORS->[0];
