use application "polytope";
use vars '$ieqs', '$eqs', '$p';
$ieqs = [
[ 0, 636, 318, 212, 159, 106, 53, 12, 6, 4, 3, 2, 1, 0, 0, 0, 0, 0 ],
[ 0, 159, 318, 53, 159, 106, 53, 3, 6, 1, 3, 2, 1, 0, 0, 0, 0, 0 ],
[ 0, 212, 106, 636, 53, 318, 159, 4, 2, 12, 1, 6, 3, 0, 0, 0, 0, 0 ],
[ 0, 159, 318, 53, 636, 106, 212, 3, 6, 1, 12, 2, 4, 0, 0, 0, 0, 0 ],
[ 0, 53, 106, 159, 53, 318, 159, 1, 2, 3, 1, 6, 3, 0, 0, 0, 0, 0 ],
[ 0, 53, 106, 159, 212, 318, 636, 1, 2, 3, 4, 6, 12, 0, 0, 0, 0, 0 ],
[ 0, 12, 6, 4, 3, 2, 1, 636, 318, 212, 159, 106, 53, 0, 0, 0, 0, 0 ],
[ 0, 3, 6, 1, 3, 2, 1, 159, 318, 53, 159, 106, 53, 0, 0, 0, 0, 0 ],
[ 0, 4, 2, 12, 1, 6, 3, 212, 106, 636, 53, 318, 159, 0, 0, 0, 0, 0 ],
[ 0, 3, 6, 1, 12, 2, 4, 159, 318, 53, 636, 106, 212, 0, 0, 0, 0, 0 ],
[ 0, 1, 2, 3, 1, 6, 3, 53, 106, 159, 53, 318, 159, 0, 0, 0, 0, 0 ],
[ 3720, 1, 2, 3, 4, 6, 12, 53, 106, 159, 212, 318, 636, 0, 0, 0, 0, 0 ]
];
$eqs = [
[ -1, 1, 1, 1, 1, 1, 1, 1, 1, 1, 1, 1, 1, 0, 0, 0, 0, 0 ],
[ -1, 0, 1, 0, 2, 1, 2, 0, 1, 0, 2, 1, 2, -2, 0, 0, 0, 0 ],
[ 0, 0, 0, 1, 0, 1, 1, 0, 0, 1, 0, 1, 1, 0, -2, 0, 0, 0 ],
[ 0, 0, 0, 0, 0, 0, 0, 1, 1, 1, 1, 1, 1, 0, 0, -2, 0, 0 ],
[ 0, 1, 2, 3, 4, 6, 12, 53, 106, 159, 212, 318, 636, 0, 0, 0, -24, 0 ],
[ 0, 636, 318, 212, 159, 106, 53, 12, 6, 4, 3, 2, 1, 0, 0, 0, 0, -24 ]
];
$p = new Polytope(INEQUALITIES=>$ieqs, EQUATIONS=>$eqs);
prefer_now "libnormaliz";
print $p->LATTICE_POINTS_GENERATORS->[0];
