use application "polytope";
use vars '$ieqs', '$eqs', '$p';
$ieqs = [
[ 0, 680, 340, 170, 136, 85, 68, 40, 34, 20, 17, 10, 8, 5, 4, 2, 1, 0, 0, 0, 0, 0 ],
[ 0, 170, 340, 170, 34, 85, 68, 10, 34, 20, 17, 10, 2, 5, 4, 2, 1, 0, 0, 0, 0, 0 ],
[ 0, 85, 170, 340, 17, 170, 34, 5, 68, 10, 34, 20, 1, 10, 2, 4, 2, 0, 0, 0, 0, 0 ],
[ 0, 136, 68, 34, 680, 17, 340, 8, 170, 4, 85, 2, 40, 1, 20, 10, 5, 0, 0, 0, 0, 0 ],
[ 0, 85, 170, 340, 17, 680, 34, 5, 68, 10, 136, 20, 1, 40, 2, 4, 8, 0, 0, 0, 0, 0 ],
[ 0, 34, 68, 34, 170, 17, 340, 2, 170, 4, 85, 2, 10, 1, 20, 10, 5, 0, 0, 0, 0, 0 ],
[ 0, 40, 20, 10, 8, 5, 4, 680, 2, 340, 1, 170, 136, 85, 68, 34, 17, 0, 0, 0, 0, 0 ],
[ 0, 17, 34, 68, 85, 34, 170, 1, 340, 2, 170, 4, 5, 2, 10, 20, 10, 0, 0, 0, 0, 0 ],
[ 0, 10, 20, 10, 2, 5, 4, 170, 2, 340, 1, 170, 34, 85, 68, 34, 17, 0, 0, 0, 0, 0 ],
[ 0, 17, 34, 68, 85, 136, 170, 1, 340, 2, 680, 4, 5, 8, 10, 20, 40, 0, 0, 0, 0, 0 ],
[ 0, 5, 10, 20, 1, 10, 2, 85, 4, 170, 2, 340, 17, 170, 34, 68, 34, 0, 0, 0, 0, 0 ],
[ 0, 8, 4, 2, 40, 1, 20, 136, 10, 68, 5, 34, 680, 17, 340, 170, 85, 0, 0, 0, 0, 0 ],
[ 0, 5, 10, 20, 1, 40, 2, 85, 4, 170, 8, 340, 17, 680, 34, 68, 136, 0, 0, 0, 0, 0 ],
[ 0, 2, 4, 2, 10, 1, 20, 34, 10, 68, 5, 34, 170, 17, 340, 170, 85, 0, 0, 0, 0, 0 ],
[ 0, 1, 2, 4, 5, 2, 10, 17, 20, 34, 10, 68, 85, 34, 170, 340, 170, 0, 0, 0, 0, 0 ],
[ 6120, 1, 2, 4, 5, 8, 10, 17, 20, 34, 40, 68, 85, 136, 170, 340, 680, 0, 0, 0, 0, 0 ]
];
$eqs = [
[ -1, 1, 1, 1, 1, 1, 1, 1, 1, 1, 1, 1, 1, 1, 1, 1, 1, 0, 0, 0, 0, 0 ],
[ -1, 0, 1, 2, 0, 3, 1, 0, 2, 1, 3, 2, 0, 3, 1, 2, 3, -2, 0, 0, 0, 0 ],
[ 0, 0, 0, 0, 1, 0, 1, 0, 1, 0, 1, 0, 1, 0, 1, 1, 1, 0, -2, 0, 0, 0 ],
[ 0, 0, 0, 0, 0, 0, 0, 1, 0, 1, 0, 1, 1, 1, 1, 1, 1, 0, 0, -2, 0, 0 ],
[ 0, 1, 2, 4, 5, 8, 10, 17, 20, 34, 40, 68, 85, 136, 170, 340, 680, 0, 0, 0, -24, 0 ],
[ 0, 680, 340, 170, 136, 85, 68, 40, 34, 20, 17, 10, 8, 5, 4, 2, 1, 0, 0, 0, 0, -24 ]
];
$p = new Polytope(INEQUALITIES=>$ieqs, EQUATIONS=>$eqs);
prefer_now "libnormaliz";
print $p->LATTICE_POINTS_GENERATORS->[0];
