use application "polytope";
use vars '$ieqs', '$eqs', '$p';
$ieqs = [
[ 0, 212, 106, 53, 4, 2, 1, 0, 0, 0, 0 ],
[ 0, 53, 106, 53, 1, 2, 1, 0, 0, 0, 0 ],
[ 0, 53, 106, 212, 1, 2, 4, 0, 0, 0, 0 ],
[ 0, 4, 2, 1, 212, 106, 53, 0, 0, 0, 0 ],
[ 0, 1, 2, 1, 53, 106, 53, 0, 0, 0, 0 ],
[ 2160, 1, 2, 4, 53, 106, 212, 0, 0, 0, 0 ]
];
$eqs = [
[ -1, 1, 1, 1, 1, 1, 1, 0, 0, 0, 0 ],
[ -1, 0, 1, 2, 0, 1, 2, -2, 0, 0, 0 ],
[ 0, 0, 0, 0, 1, 1, 1, 0, -2, 0, 0 ],
[ 0, 1, 2, 4, 53, 106, 212, 0, 0, -24, 0 ],
[ 0, 212, 106, 53, 4, 2, 1, 0, 0, 0, -24 ]
];
$p = new Polytope(INEQUALITIES=>$ieqs, EQUATIONS=>$eqs);
prefer_now "libnormaliz";
print $p->LATTICE_POINTS_GENERATORS->[0];
