use application "polytope";
use vars '$ieqs', '$eqs', '$p';
$ieqs = [
[ 0, 1340, 670, 335, 268, 134, 67, 20, 10, 5, 4, 2, 1, 0, 0, 0, 0, 0 ],
[ 0, 335, 670, 335, 67, 134, 67, 5, 10, 5, 1, 2, 1, 0, 0, 0, 0, 0 ],
[ 0, 335, 670, 1340, 67, 134, 268, 5, 10, 20, 1, 2, 4, 0, 0, 0, 0, 0 ],
[ 0, 268, 134, 67, 1340, 670, 335, 4, 2, 1, 20, 10, 5, 0, 0, 0, 0, 0 ],
[ 0, 67, 134, 67, 335, 670, 335, 1, 2, 1, 5, 10, 5, 0, 0, 0, 0, 0 ],
[ 0, 67, 134, 268, 335, 670, 1340, 1, 2, 4, 5, 10, 20, 0, 0, 0, 0, 0 ],
[ 0, 20, 10, 5, 4, 2, 1, 1340, 670, 335, 268, 134, 67, 0, 0, 0, 0, 0 ],
[ 0, 5, 10, 5, 1, 2, 1, 335, 670, 335, 67, 134, 67, 0, 0, 0, 0, 0 ],
[ 0, 5, 10, 20, 1, 2, 4, 335, 670, 1340, 67, 134, 268, 0, 0, 0, 0, 0 ],
[ 0, 4, 2, 1, 20, 10, 5, 268, 134, 67, 1340, 670, 335, 0, 0, 0, 0, 0 ],
[ 0, 1, 2, 1, 5, 10, 5, 67, 134, 67, 335, 670, 335, 0, 0, 0, 0, 0 ],
[ 13560, 1, 2, 4, 5, 10, 20, 67, 134, 268, 335, 670, 1340, 0, 0, 0, 0, 0 ]
];
$eqs = [
[ -1, 1, 1, 1, 1, 1, 1, 1, 1, 1, 1, 1, 1, 0, 0, 0, 0, 0 ],
[ -1, 0, 1, 2, 0, 1, 2, 0, 1, 2, 0, 1, 2, -2, 0, 0, 0, 0 ],
[ 0, 0, 0, 0, 1, 1, 1, 0, 0, 0, 1, 1, 1, 0, -2, 0, 0, 0 ],
[ 0, 0, 0, 0, 0, 0, 0, 1, 1, 1, 1, 1, 1, 0, 0, -2, 0, 0 ],
[ 0, 1, 2, 4, 5, 10, 20, 67, 134, 268, 335, 670, 1340, 0, 0, 0, -24, 0 ],
[ 0, 1340, 670, 335, 268, 134, 67, 20, 10, 5, 4, 2, 1, 0, 0, 0, 0, -24 ]
];
$p = new Polytope(INEQUALITIES=>$ieqs, EQUATIONS=>$eqs);
prefer_now "libnormaliz";
print $p->LATTICE_POINTS_GENERATORS->[0];
