use application "polytope";
use vars '$ieqs', '$eqs', '$p';
$ieqs = [
[ 0, 1036, 518, 259, 148, 74, 37, 28, 14, 7, 4, 2, 1, 0, 0, 0, 0, 0 ],
[ 0, 259, 518, 259, 37, 74, 37, 7, 14, 7, 1, 2, 1, 0, 0, 0, 0, 0 ],
[ 0, 259, 518, 1036, 37, 74, 148, 7, 14, 28, 1, 2, 4, 0, 0, 0, 0, 0 ],
[ 0, 148, 74, 37, 1036, 518, 259, 4, 2, 1, 28, 14, 7, 0, 0, 0, 0, 0 ],
[ 0, 37, 74, 37, 259, 518, 259, 1, 2, 1, 7, 14, 7, 0, 0, 0, 0, 0 ],
[ 0, 37, 74, 148, 259, 518, 1036, 1, 2, 4, 7, 14, 28, 0, 0, 0, 0, 0 ],
[ 0, 28, 14, 7, 4, 2, 1, 1036, 518, 259, 148, 74, 37, 0, 0, 0, 0, 0 ],
[ 0, 7, 14, 7, 1, 2, 1, 259, 518, 259, 37, 74, 37, 0, 0, 0, 0, 0 ],
[ 0, 7, 14, 28, 1, 2, 4, 259, 518, 1036, 37, 74, 148, 0, 0, 0, 0, 0 ],
[ 0, 4, 2, 1, 28, 14, 7, 148, 74, 37, 1036, 518, 259, 0, 0, 0, 0, 0 ],
[ 0, 1, 2, 1, 7, 14, 7, 37, 74, 37, 259, 518, 259, 0, 0, 0, 0, 0 ],
[ 6144, 1, 2, 4, 7, 14, 28, 37, 74, 148, 259, 518, 1036, 0, 0, 0, 0, 0 ]
];
$eqs = [
[ -1, 1, 1, 1, 1, 1, 1, 1, 1, 1, 1, 1, 1, 0, 0, 0, 0, 0 ],
[ -1, 0, 1, 2, 0, 1, 2, 0, 1, 2, 0, 1, 2, -2, 0, 0, 0, 0 ],
[ 0, 0, 0, 0, 1, 1, 1, 0, 0, 0, 1, 1, 1, 0, -2, 0, 0, 0 ],
[ 0, 0, 0, 0, 0, 0, 0, 1, 1, 1, 1, 1, 1, 0, 0, -2, 0, 0 ],
[ 0, 1, 2, 4, 7, 14, 28, 37, 74, 148, 259, 518, 1036, 0, 0, 0, -24, 0 ],
[ 0, 1036, 518, 259, 148, 74, 37, 28, 14, 7, 4, 2, 1, 0, 0, 0, 0, -24 ]
];
$p = new Polytope(INEQUALITIES=>$ieqs, EQUATIONS=>$eqs);
prefer_now "libnormaliz";
print $p->LATTICE_POINTS_GENERATORS->[0];
