use application "polytope";
use vars '$ieqs', '$eqs', '$p';
$ieqs = [
[ 0, 1220, 610, 305, 244, 122, 61, 20, 10, 5, 4, 2, 1, 0, 0, 0, 0, 0 ],
[ 0, 305, 610, 305, 61, 122, 61, 5, 10, 5, 1, 2, 1, 0, 0, 0, 0, 0 ],
[ 0, 305, 610, 1220, 61, 122, 244, 5, 10, 20, 1, 2, 4, 0, 0, 0, 0, 0 ],
[ 0, 244, 122, 61, 1220, 610, 305, 4, 2, 1, 20, 10, 5, 0, 0, 0, 0, 0 ],
[ 0, 61, 122, 61, 305, 610, 305, 1, 2, 1, 5, 10, 5, 0, 0, 0, 0, 0 ],
[ 0, 61, 122, 244, 305, 610, 1220, 1, 2, 4, 5, 10, 20, 0, 0, 0, 0, 0 ],
[ 0, 20, 10, 5, 4, 2, 1, 1220, 610, 305, 244, 122, 61, 0, 0, 0, 0, 0 ],
[ 0, 5, 10, 5, 1, 2, 1, 305, 610, 305, 61, 122, 61, 0, 0, 0, 0, 0 ],
[ 0, 5, 10, 20, 1, 2, 4, 305, 610, 1220, 61, 122, 244, 0, 0, 0, 0, 0 ],
[ 0, 4, 2, 1, 20, 10, 5, 244, 122, 61, 1220, 610, 305, 0, 0, 0, 0, 0 ],
[ 0, 1, 2, 1, 5, 10, 5, 61, 122, 61, 305, 610, 305, 0, 0, 0, 0, 0 ],
[ 7224, 1, 2, 4, 5, 10, 20, 61, 122, 244, 305, 610, 1220, 0, 0, 0, 0, 0 ]
];
$eqs = [
[ -1, 1, 1, 1, 1, 1, 1, 1, 1, 1, 1, 1, 1, 0, 0, 0, 0, 0 ],
[ -1, 0, 1, 2, 0, 1, 2, 0, 1, 2, 0, 1, 2, -2, 0, 0, 0, 0 ],
[ 0, 0, 0, 0, 1, 1, 1, 0, 0, 0, 1, 1, 1, 0, -2, 0, 0, 0 ],
[ 0, 0, 0, 0, 0, 0, 0, 1, 1, 1, 1, 1, 1, 0, 0, -2, 0, 0 ],
[ 0, 1, 2, 4, 5, 10, 20, 61, 122, 244, 305, 610, 1220, 0, 0, 0, -24, 0 ],
[ 0, 1220, 610, 305, 244, 122, 61, 20, 10, 5, 4, 2, 1, 0, 0, 0, 0, -24 ]
];
$p = new Polytope(INEQUALITIES=>$ieqs, EQUATIONS=>$eqs);
prefer_now "libnormaliz";
print $p->LATTICE_POINTS_GENERATORS->[0];
