use application "polytope";
use vars '$ieqs', '$eqs', '$p';
$ieqs = [
[ 0, 1148, 574, 287, 164, 82, 41, 28, 14, 7, 4, 2, 1, 0, 0, 0, 0, 0 ],
[ 0, 287, 574, 287, 41, 82, 41, 7, 14, 7, 1, 2, 1, 0, 0, 0, 0, 0 ],
[ 0, 287, 574, 1148, 41, 82, 164, 7, 14, 28, 1, 2, 4, 0, 0, 0, 0, 0 ],
[ 0, 164, 82, 41, 1148, 574, 287, 4, 2, 1, 28, 14, 7, 0, 0, 0, 0, 0 ],
[ 0, 41, 82, 41, 287, 574, 287, 1, 2, 1, 7, 14, 7, 0, 0, 0, 0, 0 ],
[ 0, 41, 82, 164, 287, 574, 1148, 1, 2, 4, 7, 14, 28, 0, 0, 0, 0, 0 ],
[ 0, 28, 14, 7, 4, 2, 1, 1148, 574, 287, 164, 82, 41, 0, 0, 0, 0, 0 ],
[ 0, 7, 14, 7, 1, 2, 1, 287, 574, 287, 41, 82, 41, 0, 0, 0, 0, 0 ],
[ 0, 7, 14, 28, 1, 2, 4, 287, 574, 1148, 41, 82, 164, 0, 0, 0, 0, 0 ],
[ 0, 4, 2, 1, 28, 14, 7, 164, 82, 41, 1148, 574, 287, 0, 0, 0, 0, 0 ],
[ 0, 1, 2, 1, 7, 14, 7, 41, 82, 41, 287, 574, 287, 0, 0, 0, 0, 0 ],
[ 11688, 1, 2, 4, 7, 14, 28, 41, 82, 164, 287, 574, 1148, 0, 0, 0, 0, 0 ]
];
$eqs = [
[ -1, 1, 1, 1, 1, 1, 1, 1, 1, 1, 1, 1, 1, 0, 0, 0, 0, 0 ],
[ -1, 0, 1, 2, 0, 1, 2, 0, 1, 2, 0, 1, 2, -2, 0, 0, 0, 0 ],
[ 0, 0, 0, 0, 1, 1, 1, 0, 0, 0, 1, 1, 1, 0, -2, 0, 0, 0 ],
[ 0, 0, 0, 0, 0, 0, 0, 1, 1, 1, 1, 1, 1, 0, 0, -2, 0, 0 ],
[ 0, 1, 2, 4, 7, 14, 28, 41, 82, 164, 287, 574, 1148, 0, 0, 0, -24, 0 ],
[ 0, 1148, 574, 287, 164, 82, 41, 28, 14, 7, 4, 2, 1, 0, 0, 0, 0, -24 ]
];
$p = new Polytope(INEQUALITIES=>$ieqs, EQUATIONS=>$eqs);
prefer_now "libnormaliz";
print $p->LATTICE_POINTS_GENERATORS->[0];
