use application "polytope";
use vars '$ieqs', '$eqs', '$p';
$ieqs = [
[ 0, 876, 438, 292, 219, 146, 73, 12, 6, 4, 3, 2, 1, 0, 0, 0, 0, 0 ],
[ 0, 219, 438, 73, 219, 146, 73, 3, 6, 1, 3, 2, 1, 0, 0, 0, 0, 0 ],
[ 0, 292, 146, 876, 73, 438, 219, 4, 2, 12, 1, 6, 3, 0, 0, 0, 0, 0 ],
[ 0, 219, 438, 73, 876, 146, 292, 3, 6, 1, 12, 2, 4, 0, 0, 0, 0, 0 ],
[ 0, 73, 146, 219, 73, 438, 219, 1, 2, 3, 1, 6, 3, 0, 0, 0, 0, 0 ],
[ 0, 73, 146, 219, 292, 438, 876, 1, 2, 3, 4, 6, 12, 0, 0, 0, 0, 0 ],
[ 0, 12, 6, 4, 3, 2, 1, 876, 438, 292, 219, 146, 73, 0, 0, 0, 0, 0 ],
[ 0, 3, 6, 1, 3, 2, 1, 219, 438, 73, 219, 146, 73, 0, 0, 0, 0, 0 ],
[ 0, 4, 2, 12, 1, 6, 3, 292, 146, 876, 73, 438, 219, 0, 0, 0, 0, 0 ],
[ 0, 3, 6, 1, 12, 2, 4, 219, 438, 73, 876, 146, 292, 0, 0, 0, 0, 0 ],
[ 0, 1, 2, 3, 1, 6, 3, 73, 146, 219, 73, 438, 219, 0, 0, 0, 0, 0 ],
[ 8616, 1, 2, 3, 4, 6, 12, 73, 146, 219, 292, 438, 876, 0, 0, 0, 0, 0 ]
];
$eqs = [
[ -1, 1, 1, 1, 1, 1, 1, 1, 1, 1, 1, 1, 1, 0, 0, 0, 0, 0 ],
[ -1, 0, 1, 0, 2, 1, 2, 0, 1, 0, 2, 1, 2, -2, 0, 0, 0, 0 ],
[ 0, 0, 0, 1, 0, 1, 1, 0, 0, 1, 0, 1, 1, 0, -2, 0, 0, 0 ],
[ 0, 0, 0, 0, 0, 0, 0, 1, 1, 1, 1, 1, 1, 0, 0, -2, 0, 0 ],
[ 0, 1, 2, 3, 4, 6, 12, 73, 146, 219, 292, 438, 876, 0, 0, 0, -24, 0 ],
[ 0, 876, 438, 292, 219, 146, 73, 12, 6, 4, 3, 2, 1, 0, 0, 0, 0, -24 ]
];
$p = new Polytope(INEQUALITIES=>$ieqs, EQUATIONS=>$eqs);
prefer_now "libnormaliz";
print $p->LATTICE_POINTS_GENERATORS->[0];
