use application "polytope";
use vars '$ieqs', '$eqs', '$p';
$ieqs = [
[ 0, 316, 158, 79, 4, 2, 1, 0, 0, 0, 0 ],
[ 0, 79, 158, 79, 1, 2, 1, 0, 0, 0, 0 ],
[ 0, 79, 158, 316, 1, 2, 4, 0, 0, 0, 0 ],
[ 0, 4, 2, 1, 316, 158, 79, 0, 0, 0, 0 ],
[ 0, 1, 2, 1, 79, 158, 79, 0, 0, 0, 0 ],
[ 2328, 1, 2, 4, 79, 158, 316, 0, 0, 0, 0 ]
];
$eqs = [
[ -1, 1, 1, 1, 1, 1, 1, 0, 0, 0, 0 ],
[ -1, 0, 1, 2, 0, 1, 2, -2, 0, 0, 0 ],
[ 0, 0, 0, 0, 1, 1, 1, 0, -2, 0, 0 ],
[ 0, 1, 2, 4, 79, 158, 316, 0, 0, -24, 0 ],
[ 0, 316, 158, 79, 4, 2, 1, 0, 0, 0, -24 ]
];
$p = new Polytope(INEQUALITIES=>$ieqs, EQUATIONS=>$eqs);
print $p->LATTICE_POINTS;
