use application "polytope";
use vars '$ieqs', '$eqs', '$p';
$ieqs = [
[ 0, 820, 410, 205, 164, 82, 41, 20, 10, 5, 4, 2, 1, 0, 0, 0, 0, 0 ],
[ 0, 205, 410, 205, 41, 82, 41, 5, 10, 5, 1, 2, 1, 0, 0, 0, 0, 0 ],
[ 0, 205, 410, 820, 41, 82, 164, 5, 10, 20, 1, 2, 4, 0, 0, 0, 0, 0 ],
[ 0, 164, 82, 41, 820, 410, 205, 4, 2, 1, 20, 10, 5, 0, 0, 0, 0, 0 ],
[ 0, 41, 82, 41, 205, 410, 205, 1, 2, 1, 5, 10, 5, 0, 0, 0, 0, 0 ],
[ 0, 41, 82, 164, 205, 410, 820, 1, 2, 4, 5, 10, 20, 0, 0, 0, 0, 0 ],
[ 0, 20, 10, 5, 4, 2, 1, 820, 410, 205, 164, 82, 41, 0, 0, 0, 0, 0 ],
[ 0, 5, 10, 5, 1, 2, 1, 205, 410, 205, 41, 82, 41, 0, 0, 0, 0, 0 ],
[ 0, 5, 10, 20, 1, 2, 4, 205, 410, 820, 41, 82, 164, 0, 0, 0, 0, 0 ],
[ 0, 4, 2, 1, 20, 10, 5, 164, 82, 41, 820, 410, 205, 0, 0, 0, 0, 0 ],
[ 0, 1, 2, 1, 5, 10, 5, 41, 82, 41, 205, 410, 205, 0, 0, 0, 0, 0 ],
[ 4824, 1, 2, 4, 5, 10, 20, 41, 82, 164, 205, 410, 820, 0, 0, 0, 0, 0 ]
];
$eqs = [
[ -1, 1, 1, 1, 1, 1, 1, 1, 1, 1, 1, 1, 1, 0, 0, 0, 0, 0 ],
[ -1, 0, 1, 2, 0, 1, 2, 0, 1, 2, 0, 1, 2, -2, 0, 0, 0, 0 ],
[ 0, 0, 0, 0, 1, 1, 1, 0, 0, 0, 1, 1, 1, 0, -2, 0, 0, 0 ],
[ 0, 0, 0, 0, 0, 0, 0, 1, 1, 1, 1, 1, 1, 0, 0, -2, 0, 0 ],
[ 0, 1, 2, 4, 5, 10, 20, 41, 82, 164, 205, 410, 820, 0, 0, 0, -24, 0 ],
[ 0, 820, 410, 205, 164, 82, 41, 20, 10, 5, 4, 2, 1, 0, 0, 0, 0, -24 ]
];
$p = new Polytope(INEQUALITIES=>$ieqs, EQUATIONS=>$eqs);
prefer_now "libnormaliz";
print $p->LATTICE_POINTS_GENERATORS->[0];
