use application "polytope";
use vars '$ieqs', '$eqs', '$p';
$ieqs = [
[ 3744, 948, 474, 316, 237, 158, 79, 12, 6, 4, 3, 2, 1, 0, 0, 0, 0, 0 ],
[ 0, 237, 474, 79, 237, 158, 79, 3, 6, 1, 3, 2, 1, 0, 0, 0, 0, 0 ],
[ 0, 316, 158, 948, 79, 474, 237, 4, 2, 12, 1, 6, 3, 0, 0, 0, 0, 0 ],
[ 0, 237, 474, 79, 948, 158, 316, 3, 6, 1, 12, 2, 4, 0, 0, 0, 0, 0 ],
[ 0, 79, 158, 237, 79, 474, 237, 1, 2, 3, 1, 6, 3, 0, 0, 0, 0, 0 ],
[ 0, 79, 158, 237, 316, 474, 948, 1, 2, 3, 4, 6, 12, 0, 0, 0, 0, 0 ],
[ 0, 12, 6, 4, 3, 2, 1, 948, 474, 316, 237, 158, 79, 0, 0, 0, 0, 0 ],
[ 0, 3, 6, 1, 3, 2, 1, 237, 474, 79, 237, 158, 79, 0, 0, 0, 0, 0 ],
[ 0, 4, 2, 12, 1, 6, 3, 316, 158, 948, 79, 474, 237, 0, 0, 0, 0, 0 ],
[ 0, 3, 6, 1, 12, 2, 4, 237, 474, 79, 948, 158, 316, 0, 0, 0, 0, 0 ],
[ 0, 1, 2, 3, 1, 6, 3, 79, 158, 237, 79, 474, 237, 0, 0, 0, 0, 0 ],
[ 5784, 1, 2, 3, 4, 6, 12, 79, 158, 237, 316, 474, 948, 0, 0, 0, 0, 0 ]
];
$eqs = [
[ -1, 1, 1, 1, 1, 1, 1, 1, 1, 1, 1, 1, 1, 0, 0, 0, 0, 0 ],
[ -1, 0, 1, 0, 2, 1, 2, 0, 1, 0, 2, 1, 2, -2, 0, 0, 0, 0 ],
[ 0, 0, 0, 1, 0, 1, 1, 0, 0, 1, 0, 1, 1, 0, -2, 0, 0, 0 ],
[ 0, 0, 0, 0, 0, 0, 0, 1, 1, 1, 1, 1, 1, 0, 0, -2, 0, 0 ],
[ 0, 1, 2, 3, 4, 6, 12, 79, 158, 237, 316, 474, 948, 0, 0, 0, -24, 0 ],
[ 0, 948, 474, 316, 237, 158, 79, 12, 6, 4, 3, 2, 1, 0, 0, 0, 0, -24 ]
];
$p = new Polytope(INEQUALITIES=>$ieqs, EQUATIONS=>$eqs);
prefer_now "libnormaliz";
print $p->LATTICE_POINTS_GENERATORS->[0];
