use application "polytope";
use vars '$ieqs', '$eqs', '$p';
$ieqs = [
[ 0, 1012, 506, 253, 92, 46, 44, 23, 22, 11, 4, 2, 1, 0, 0, 0, 0, 0 ],
[ 0, 253, 506, 253, 23, 46, 11, 23, 22, 11, 1, 2, 1, 0, 0, 0, 0, 0 ],
[ 0, 253, 506, 1012, 23, 46, 11, 92, 22, 44, 1, 2, 4, 0, 0, 0, 0, 0 ],
[ 0, 92, 46, 23, 1012, 506, 4, 253, 2, 1, 44, 22, 11, 0, 0, 0, 0, 0 ],
[ 0, 23, 46, 23, 253, 506, 1, 253, 2, 1, 11, 22, 11, 0, 0, 0, 0, 0 ],
[ 0, 44, 22, 11, 4, 2, 1012, 1, 506, 253, 92, 46, 23, 0, 0, 0, 0, 0 ],
[ 0, 23, 46, 92, 253, 506, 1, 1012, 2, 4, 11, 22, 44, 0, 0, 0, 0, 0 ],
[ 0, 11, 22, 11, 1, 2, 253, 1, 506, 253, 23, 46, 23, 0, 0, 0, 0, 0 ],
[ 0, 11, 22, 44, 1, 2, 253, 4, 506, 1012, 23, 46, 92, 0, 0, 0, 0, 0 ],
[ 0, 4, 2, 1, 44, 22, 92, 11, 46, 23, 1012, 506, 253, 0, 0, 0, 0, 0 ],
[ 0, 1, 2, 1, 11, 22, 23, 11, 46, 23, 253, 506, 253, 0, 0, 0, 0, 0 ],
[ 10344, 1, 2, 4, 11, 22, 23, 44, 46, 92, 253, 506, 1012, 0, 0, 0, 0, 0 ]
];
$eqs = [
[ -1, 1, 1, 1, 1, 1, 1, 1, 1, 1, 1, 1, 1, 0, 0, 0, 0, 0 ],
[ -1, 0, 1, 2, 0, 1, 0, 2, 1, 2, 0, 1, 2, -2, 0, 0, 0, 0 ],
[ 0, 0, 0, 0, 1, 1, 0, 1, 0, 0, 1, 1, 1, 0, -2, 0, 0, 0 ],
[ 0, 0, 0, 0, 0, 0, 1, 0, 1, 1, 1, 1, 1, 0, 0, -2, 0, 0 ],
[ 0, 1, 2, 4, 11, 22, 23, 44, 46, 92, 253, 506, 1012, 0, 0, 0, -24, 0 ],
[ 0, 1012, 506, 253, 92, 46, 44, 23, 22, 11, 4, 2, 1, 0, 0, 0, 0, -24 ]
];
$p = new Polytope(INEQUALITIES=>$ieqs, EQUATIONS=>$eqs);
prefer_now "libnormaliz";
print $p->LATTICE_POINTS_GENERATORS->[0];
