use application "polytope";
use vars '$ieqs', '$eqs', '$p';
$ieqs = [
[ 0, 264, 132, 88, 66, 44, 33, 24, 22, 12, 11, 8, 6, 4, 3, 2, 1, 0, 0, 0, 0, 0 ],
[ 0, 66, 132, 22, 66, 44, 33, 6, 22, 12, 11, 2, 6, 4, 3, 2, 1, 0, 0, 0, 0, 0 ],
[ 0, 88, 44, 264, 22, 132, 11, 8, 66, 4, 33, 24, 2, 12, 1, 6, 3, 0, 0, 0, 0, 0 ],
[ 0, 33, 66, 11, 132, 22, 66, 3, 44, 6, 22, 1, 12, 2, 6, 4, 2, 0, 0, 0, 0, 0 ],
[ 0, 22, 44, 66, 22, 132, 11, 2, 66, 4, 33, 6, 2, 12, 1, 6, 3, 0, 0, 0, 0, 0 ],
[ 0, 33, 66, 11, 132, 22, 264, 3, 44, 6, 88, 1, 12, 2, 24, 4, 8, 0, 0, 0, 0, 0 ],
[ 0, 24, 12, 8, 6, 4, 3, 264, 2, 132, 1, 88, 66, 44, 33, 22, 11, 0, 0, 0, 0, 0 ],
[ 0, 11, 22, 33, 44, 66, 22, 1, 132, 2, 66, 3, 4, 6, 2, 12, 6, 0, 0, 0, 0, 0 ],
[ 0, 6, 12, 2, 6, 4, 3, 66, 2, 132, 1, 22, 66, 44, 33, 22, 11, 0, 0, 0, 0, 0 ],
[ 0, 11, 22, 33, 44, 66, 88, 1, 132, 2, 264, 3, 4, 6, 8, 12, 24, 0, 0, 0, 0, 0 ],
[ 0, 8, 4, 24, 2, 12, 1, 88, 6, 44, 3, 264, 22, 132, 11, 66, 33, 0, 0, 0, 0, 0 ],
[ 0, 3, 6, 1, 12, 2, 6, 33, 4, 66, 2, 11, 132, 22, 66, 44, 22, 0, 0, 0, 0, 0 ],
[ 0, 2, 4, 6, 2, 12, 1, 22, 6, 44, 3, 66, 22, 132, 11, 66, 33, 0, 0, 0, 0, 0 ],
[ 0, 3, 6, 1, 12, 2, 24, 33, 4, 66, 8, 11, 132, 22, 264, 44, 88, 0, 0, 0, 0, 0 ],
[ 0, 1, 2, 3, 4, 6, 2, 11, 12, 22, 6, 33, 44, 66, 22, 132, 66, 0, 0, 0, 0, 0 ],
[ 1176, 1, 2, 3, 4, 6, 8, 11, 12, 22, 24, 33, 44, 66, 88, 132, 264, 0, 0, 0, 0, 0 ]
];
$eqs = [
[ -1, 1, 1, 1, 1, 1, 1, 1, 1, 1, 1, 1, 1, 1, 1, 1, 1, 0, 0, 0, 0, 0 ],
[ -1, 0, 1, 0, 2, 1, 3, 0, 2, 1, 3, 0, 2, 1, 3, 2, 3, -2, 0, 0, 0, 0 ],
[ 0, 0, 0, 1, 0, 1, 0, 0, 1, 0, 1, 1, 0, 1, 0, 1, 1, 0, -2, 0, 0, 0 ],
[ 0, 0, 0, 0, 0, 0, 0, 1, 0, 1, 0, 1, 1, 1, 1, 1, 1, 0, 0, -2, 0, 0 ],
[ 0, 1, 2, 3, 4, 6, 8, 11, 12, 22, 24, 33, 44, 66, 88, 132, 264, 0, 0, 0, -24, 0 ],
[ 0, 264, 132, 88, 66, 44, 33, 24, 22, 12, 11, 8, 6, 4, 3, 2, 1, 0, 0, 0, 0, -24 ]
];
$p = new Polytope(INEQUALITIES=>$ieqs, EQUATIONS=>$eqs);
print $p->LATTICE_POINTS;
