use application "polytope";
use vars '$ieqs', '$eqs', '$p';
$ieqs = [
[ 0, 420, 210, 140, 105, 84, 70, 60, 42, 35, 30, 28, 21, 20, 15, 14, 12, 10, 7, 6, 5, 4, 3, 2, 1, 0, 0, 0, 0, 0, 0 ],
[ 0, 105, 210, 35, 105, 21, 70, 15, 42, 35, 30, 7, 21, 5, 15, 14, 3, 10, 7, 6, 5, 1, 3, 2, 1, 0, 0, 0, 0, 0, 0 ],
[ 0, 140, 70, 420, 35, 28, 210, 20, 14, 105, 10, 84, 7, 60, 5, 42, 4, 30, 21, 2, 15, 12, 1, 6, 3, 0, 0, 0, 0, 0, 0 ],
[ 0, 105, 210, 35, 420, 21, 70, 15, 42, 140, 30, 7, 84, 5, 60, 14, 3, 10, 28, 6, 20, 1, 12, 2, 4, 0, 0, 0, 0, 0, 0 ],
[ 0, 84, 42, 28, 21, 420, 14, 12, 210, 7, 6, 140, 105, 4, 3, 70, 60, 2, 35, 30, 1, 20, 15, 10, 5, 0, 0, 0, 0, 0, 0 ],
[ 0, 35, 70, 105, 35, 7, 210, 5, 14, 105, 10, 21, 7, 15, 5, 42, 1, 30, 21, 2, 15, 3, 1, 6, 3, 0, 0, 0, 0, 0, 0 ],
[ 0, 60, 30, 20, 15, 12, 10, 420, 6, 5, 210, 4, 3, 140, 105, 2, 84, 70, 1, 42, 35, 28, 21, 14, 7, 0, 0, 0, 0, 0, 0 ],
[ 0, 21, 42, 7, 21, 105, 14, 3, 210, 7, 6, 35, 105, 1, 3, 70, 15, 2, 35, 30, 1, 5, 15, 10, 5, 0, 0, 0, 0, 0, 0 ],
[ 0, 35, 70, 105, 140, 7, 210, 5, 14, 420, 10, 21, 28, 15, 20, 42, 1, 30, 84, 2, 60, 3, 4, 6, 12, 0, 0, 0, 0, 0, 0 ],
[ 0, 15, 30, 5, 15, 3, 10, 105, 6, 5, 210, 1, 3, 35, 105, 2, 21, 70, 1, 42, 35, 7, 21, 14, 7, 0, 0, 0, 0, 0, 0 ],
[ 0, 28, 14, 84, 7, 140, 42, 4, 70, 21, 2, 420, 35, 12, 1, 210, 20, 6, 105, 10, 3, 60, 5, 30, 15, 0, 0, 0, 0, 0, 0 ],
[ 0, 21, 42, 7, 84, 105, 14, 3, 210, 28, 6, 35, 420, 1, 12, 70, 15, 2, 140, 30, 4, 5, 60, 10, 20, 0, 0, 0, 0, 0, 0 ],
[ 0, 20, 10, 60, 5, 4, 30, 140, 2, 15, 70, 12, 1, 420, 35, 6, 28, 210, 3, 14, 105, 84, 7, 42, 21, 0, 0, 0, 0, 0, 0 ],
[ 0, 15, 30, 5, 60, 3, 10, 105, 6, 20, 210, 1, 12, 35, 420, 2, 21, 70, 4, 42, 140, 7, 84, 14, 28, 0, 0, 0, 0, 0, 0 ],
[ 0, 7, 14, 21, 7, 35, 42, 1, 70, 21, 2, 105, 35, 3, 1, 210, 5, 6, 105, 10, 3, 15, 5, 30, 15, 0, 0, 0, 0, 0, 0 ],
[ 0, 12, 6, 4, 3, 60, 2, 84, 30, 1, 42, 20, 15, 28, 21, 10, 420, 14, 5, 210, 7, 140, 105, 70, 35, 0, 0, 0, 0, 0, 0 ],
[ 0, 5, 10, 15, 5, 1, 30, 35, 2, 15, 70, 3, 1, 105, 35, 6, 7, 210, 3, 14, 105, 21, 7, 42, 21, 0, 0, 0, 0, 0, 0 ],
[ 0, 7, 14, 21, 28, 35, 42, 1, 70, 84, 2, 105, 140, 3, 4, 210, 5, 6, 420, 10, 12, 15, 20, 30, 60, 0, 0, 0, 0, 0, 0 ],
[ 0, 3, 6, 1, 3, 15, 2, 21, 30, 1, 42, 5, 15, 7, 21, 10, 105, 14, 5, 210, 7, 35, 105, 70, 35, 0, 0, 0, 0, 0, 0 ],
[ 0, 5, 10, 15, 20, 1, 30, 35, 2, 60, 70, 3, 4, 105, 140, 6, 7, 210, 12, 14, 420, 21, 28, 42, 84, 0, 0, 0, 0, 0, 0 ],
[ 0, 4, 2, 12, 1, 20, 6, 28, 10, 3, 14, 60, 5, 84, 7, 30, 140, 42, 15, 70, 21, 420, 35, 210, 105, 0, 0, 0, 0, 0, 0 ],
[ 0, 3, 6, 1, 12, 15, 2, 21, 30, 4, 42, 5, 60, 7, 84, 10, 105, 14, 20, 210, 28, 35, 420, 70, 140, 0, 0, 0, 0, 0, 0 ],
[ 0, 1, 2, 3, 1, 5, 6, 7, 10, 3, 14, 15, 5, 21, 7, 30, 35, 42, 15, 70, 21, 105, 35, 210, 105, 0, 0, 0, 0, 0, 0 ],
[ 5976, 1, 2, 3, 4, 5, 6, 7, 10, 12, 14, 15, 20, 21, 28, 30, 35, 42, 60, 70, 84, 105, 140, 210, 420, 0, 0, 0, 0, 0, 0 ]
];
$eqs = [
[ -1, 1, 1, 1, 1, 1, 1, 1, 1, 1, 1, 1, 1, 1, 1, 1, 1, 1, 1, 1, 1, 1, 1, 1, 1, 0, 0, 0, 0, 0, 0 ],
[ -1, 0, 1, 0, 2, 0, 1, 0, 1, 2, 1, 0, 2, 0, 2, 1, 0, 1, 2, 1, 2, 0, 2, 1, 2, -2, 0, 0, 0, 0, 0 ],
[ 0, 0, 0, 1, 0, 0, 1, 0, 0, 1, 0, 1, 0, 1, 0, 1, 0, 1, 1, 0, 1, 1, 0, 1, 1, 0, -2, 0, 0, 0, 0 ],
[ 0, 0, 0, 0, 0, 1, 0, 0, 1, 0, 0, 1, 1, 0, 0, 1, 1, 0, 1, 1, 0, 1, 1, 1, 1, 0, 0, -2, 0, 0, 0 ],
[ 0, 0, 0, 0, 0, 0, 0, 1, 0, 0, 1, 0, 0, 1, 1, 0, 1, 1, 0, 1, 1, 1, 1, 1, 1, 0, 0, 0, -2, 0, 0 ],
[ 0, 1, 2, 3, 4, 5, 6, 7, 10, 12, 14, 15, 20, 21, 28, 30, 35, 42, 60, 70, 84, 105, 140, 210, 420, 0, 0, 0, 0, -24, 0 ],
[ 0, 420, 210, 140, 105, 84, 70, 60, 42, 35, 30, 28, 21, 20, 15, 14, 12, 10, 7, 6, 5, 4, 3, 2, 1, 0, 0, 0, 0, 0, -24 ]
];
$p = new Polytope(INEQUALITIES=>$ieqs, EQUATIONS=>$eqs);
print $p->LATTICE_POINTS;
