use application "polytope";
use vars '$ieqs', '$eqs', '$p';
$ieqs = [
[ 0, 244, 122, 61, 4, 2, 1, 0, 0, 0, 0 ],
[ 0, 61, 122, 61, 1, 2, 1, 0, 0, 0, 0 ],
[ 0, 61, 122, 244, 1, 2, 4, 0, 0, 0, 0 ],
[ 0, 4, 2, 1, 244, 122, 61, 0, 0, 0, 0 ],
[ 0, 1, 2, 1, 61, 122, 61, 0, 0, 0, 0 ],
[ 2496, 1, 2, 4, 61, 122, 244, 0, 0, 0, 0 ]
];
$eqs = [
[ -1, 1, 1, 1, 1, 1, 1, 0, 0, 0, 0 ],
[ -1, 0, 1, 2, 0, 1, 2, -2, 0, 0, 0 ],
[ 0, 0, 0, 0, 1, 1, 1, 0, -2, 0, 0 ],
[ 0, 1, 2, 4, 61, 122, 244, 0, 0, -24, 0 ],
[ 0, 244, 122, 61, 4, 2, 1, 0, 0, 0, -24 ]
];
$p = new Polytope(INEQUALITIES=>$ieqs, EQUATIONS=>$eqs);
print $p->LATTICE_POINTS;
