use application "polytope";
use vars '$ieqs', '$eqs', '$p';
$ieqs = [
[ 0, 280, 140, 70, 56, 40, 35, 28, 20, 14, 10, 8, 7, 5, 4, 2, 1, 0, 0, 0, 0, 0 ],
[ 0, 70, 140, 70, 14, 10, 35, 28, 20, 14, 10, 2, 7, 5, 4, 2, 1, 0, 0, 0, 0, 0 ],
[ 0, 35, 70, 140, 7, 5, 70, 14, 10, 28, 20, 1, 14, 10, 2, 4, 2, 0, 0, 0, 0, 0 ],
[ 0, 56, 28, 14, 280, 8, 7, 140, 4, 70, 2, 40, 35, 1, 20, 10, 5, 0, 0, 0, 0, 0 ],
[ 0, 40, 20, 10, 8, 280, 5, 4, 140, 2, 70, 56, 1, 35, 28, 14, 7, 0, 0, 0, 0, 0 ],
[ 0, 35, 70, 140, 7, 5, 280, 14, 10, 28, 20, 1, 56, 40, 2, 4, 8, 0, 0, 0, 0, 0 ],
[ 0, 14, 28, 14, 70, 2, 7, 140, 4, 70, 2, 10, 35, 1, 20, 10, 5, 0, 0, 0, 0, 0 ],
[ 0, 10, 20, 10, 2, 70, 5, 4, 140, 2, 70, 14, 1, 35, 28, 14, 7, 0, 0, 0, 0, 0 ],
[ 0, 7, 14, 28, 35, 1, 14, 70, 2, 140, 4, 5, 70, 2, 10, 20, 10, 0, 0, 0, 0, 0 ],
[ 0, 5, 10, 20, 1, 35, 10, 2, 70, 4, 140, 7, 2, 70, 14, 28, 14, 0, 0, 0, 0, 0 ],
[ 0, 8, 4, 2, 40, 56, 1, 20, 28, 10, 14, 280, 5, 7, 140, 70, 35, 0, 0, 0, 0, 0 ],
[ 0, 7, 14, 28, 35, 1, 56, 70, 2, 140, 4, 5, 280, 8, 10, 20, 40, 0, 0, 0, 0, 0 ],
[ 0, 5, 10, 20, 1, 35, 40, 2, 70, 4, 140, 7, 8, 280, 14, 28, 56, 0, 0, 0, 0, 0 ],
[ 0, 2, 4, 2, 10, 14, 1, 20, 28, 10, 14, 70, 5, 7, 140, 70, 35, 0, 0, 0, 0, 0 ],
[ 0, 1, 2, 4, 5, 7, 2, 10, 14, 20, 28, 35, 10, 14, 70, 140, 70, 0, 0, 0, 0, 0 ],
[ 1320, 1, 2, 4, 5, 7, 8, 10, 14, 20, 28, 35, 40, 56, 70, 140, 280, 0, 0, 0, 0, 0 ]
];
$eqs = [
[ -1, 1, 1, 1, 1, 1, 1, 1, 1, 1, 1, 1, 1, 1, 1, 1, 1, 0, 0, 0, 0, 0 ],
[ -1, 0, 1, 2, 0, 0, 3, 1, 1, 2, 2, 0, 3, 3, 1, 2, 3, -2, 0, 0, 0, 0 ],
[ 0, 0, 0, 0, 1, 0, 0, 1, 0, 1, 0, 1, 1, 0, 1, 1, 1, 0, -2, 0, 0, 0 ],
[ 0, 0, 0, 0, 0, 1, 0, 0, 1, 0, 1, 1, 0, 1, 1, 1, 1, 0, 0, -2, 0, 0 ],
[ 0, 1, 2, 4, 5, 7, 8, 10, 14, 20, 28, 35, 40, 56, 70, 140, 280, 0, 0, 0, -24, 0 ],
[ 0, 280, 140, 70, 56, 40, 35, 28, 20, 14, 10, 8, 7, 5, 4, 2, 1, 0, 0, 0, 0, -24 ]
];
$p = new Polytope(INEQUALITIES=>$ieqs, EQUATIONS=>$eqs);
print $p->LATTICE_POINTS;
