use application "polytope";
use vars '$ieqs', '$eqs', '$p';
$ieqs = [
[ 0, 332, 166, 83, 4, 2, 1, 0, 0, 0, 0 ],
[ 0, 83, 166, 83, 1, 2, 1, 0, 0, 0, 0 ],
[ 0, 83, 166, 332, 1, 2, 4, 0, 0, 0, 0 ],
[ 0, 4, 2, 1, 332, 166, 83, 0, 0, 0, 0 ],
[ 0, 1, 2, 1, 83, 166, 83, 0, 0, 0, 0 ],
[ 2448, 1, 2, 4, 83, 166, 332, 0, 0, 0, 0 ]
];
$eqs = [
[ -1, 1, 1, 1, 1, 1, 1, 0, 0, 0, 0 ],
[ -1, 0, 1, 2, 0, 1, 2, -2, 0, 0, 0 ],
[ 0, 0, 0, 0, 1, 1, 1, 0, -2, 0, 0 ],
[ 0, 1, 2, 4, 83, 166, 332, 0, 0, -24, 0 ],
[ 0, 332, 166, 83, 4, 2, 1, 0, 0, 0, -24 ]
];
$p = new Polytope(INEQUALITIES=>$ieqs, EQUATIONS=>$eqs);
print $p->LATTICE_POINTS;
