use application "polytope";
use vars '$ieqs', '$eqs', '$p';
$ieqs = [
[ 0, 892, 446, 223, 4, 2, 1, 0, 0, 0, 0 ],
[ 0, 223, 446, 223, 1, 2, 1, 0, 0, 0, 0 ],
[ 0, 223, 446, 892, 1, 2, 4, 0, 0, 0, 0 ],
[ 0, 4, 2, 1, 892, 446, 223, 0, 0, 0, 0 ],
[ 0, 1, 2, 1, 223, 446, 223, 0, 0, 0, 0 ],
[ 22632, 1, 2, 4, 223, 446, 892, 0, 0, 0, 0 ]
];
$eqs = [
[ -1, 1, 1, 1, 1, 1, 1, 0, 0, 0, 0 ],
[ -1, 0, 1, 2, 0, 1, 2, -2, 0, 0, 0 ],
[ 0, 0, 0, 0, 1, 1, 1, 0, -2, 0, 0 ],
[ 0, 1, 2, 4, 223, 446, 892, 0, 0, -24, 0 ],
[ 0, 892, 446, 223, 4, 2, 1, 0, 0, 0, -24 ]
];
$p = new Polytope(INEQUALITIES=>$ieqs, EQUATIONS=>$eqs);
prefer_now "libnormaliz";
print $p->LATTICE_POINTS_GENERATORS->[0];
