use application "polytope";
use vars '$ieqs', '$eqs', '$p';
$ieqs = [
[ 0, 1144, 572, 286, 143, 104, 88, 52, 44, 26, 22, 13, 11, 8, 4, 2, 1, 0, 0, 0, 0, 0 ],
[ 0, 286, 572, 286, 143, 26, 22, 52, 44, 26, 22, 13, 11, 2, 4, 2, 1, 0, 0, 0, 0, 0 ],
[ 0, 143, 286, 572, 286, 13, 11, 26, 22, 52, 44, 26, 22, 1, 2, 4, 2, 0, 0, 0, 0, 0 ],
[ 0, 143, 286, 572, 1144, 13, 11, 26, 22, 52, 44, 104, 88, 1, 2, 4, 8, 0, 0, 0, 0, 0 ],
[ 0, 104, 52, 26, 13, 1144, 8, 572, 4, 286, 2, 143, 1, 88, 44, 22, 11, 0, 0, 0, 0, 0 ],
[ 0, 88, 44, 22, 11, 8, 1144, 4, 572, 2, 286, 1, 143, 104, 52, 26, 13, 0, 0, 0, 0, 0 ],
[ 0, 26, 52, 26, 13, 286, 2, 572, 4, 286, 2, 143, 1, 22, 44, 22, 11, 0, 0, 0, 0, 0 ],
[ 0, 22, 44, 22, 11, 2, 286, 4, 572, 2, 286, 1, 143, 26, 52, 26, 13, 0, 0, 0, 0, 0 ],
[ 0, 13, 26, 52, 26, 143, 1, 286, 2, 572, 4, 286, 2, 11, 22, 44, 22, 0, 0, 0, 0, 0 ],
[ 0, 11, 22, 44, 22, 1, 143, 2, 286, 4, 572, 2, 286, 13, 26, 52, 26, 0, 0, 0, 0, 0 ],
[ 0, 13, 26, 52, 104, 143, 1, 286, 2, 572, 4, 1144, 8, 11, 22, 44, 88, 0, 0, 0, 0, 0 ],
[ 0, 11, 22, 44, 88, 1, 143, 2, 286, 4, 572, 8, 1144, 13, 26, 52, 104, 0, 0, 0, 0, 0 ],
[ 0, 8, 4, 2, 1, 88, 104, 44, 52, 22, 26, 11, 13, 1144, 572, 286, 143, 0, 0, 0, 0, 0 ],
[ 0, 2, 4, 2, 1, 22, 26, 44, 52, 22, 26, 11, 13, 286, 572, 286, 143, 0, 0, 0, 0, 0 ],
[ 0, 1, 2, 4, 2, 11, 13, 22, 26, 44, 52, 22, 26, 143, 286, 572, 286, 0, 0, 0, 0, 0 ],
[ 10632, 1, 2, 4, 8, 11, 13, 22, 26, 44, 52, 88, 104, 143, 286, 572, 1144, 0, 0, 0, 0, 0 ]
];
$eqs = [
[ -1, 1, 1, 1, 1, 1, 1, 1, 1, 1, 1, 1, 1, 1, 1, 1, 1, 0, 0, 0, 0, 0 ],
[ -1, 0, 1, 2, 3, 0, 0, 1, 1, 2, 2, 3, 3, 0, 1, 2, 3, -2, 0, 0, 0, 0 ],
[ 0, 0, 0, 0, 0, 1, 0, 1, 0, 1, 0, 1, 0, 1, 1, 1, 1, 0, -2, 0, 0, 0 ],
[ 0, 0, 0, 0, 0, 0, 1, 0, 1, 0, 1, 0, 1, 1, 1, 1, 1, 0, 0, -2, 0, 0 ],
[ 0, 1, 2, 4, 8, 11, 13, 22, 26, 44, 52, 88, 104, 143, 286, 572, 1144, 0, 0, 0, -24, 0 ],
[ 0, 1144, 572, 286, 143, 104, 88, 52, 44, 26, 22, 13, 11, 8, 4, 2, 1, 0, 0, 0, 0, -24 ]
];
$p = new Polytope(INEQUALITIES=>$ieqs, EQUATIONS=>$eqs);
prefer_now "libnormaliz";
print $p->LATTICE_POINTS_GENERATORS->[0];
