use application "polytope";
use vars '$ieqs', '$eqs', '$p';
$ieqs = [
[ 2424, 572, 286, 143, 52, 44, 26, 22, 13, 11, 4, 2, 1, 0, 0, 0, 0, 0 ],
[ 0, 143, 286, 143, 13, 11, 26, 22, 13, 11, 1, 2, 1, 0, 0, 0, 0, 0 ],
[ 0, 143, 286, 572, 13, 11, 26, 22, 52, 44, 1, 2, 4, 0, 0, 0, 0, 0 ],
[ 0, 52, 26, 13, 572, 4, 286, 2, 143, 1, 44, 22, 11, 0, 0, 0, 0, 0 ],
[ 0, 44, 22, 11, 4, 572, 2, 286, 1, 143, 52, 26, 13, 0, 0, 0, 0, 0 ],
[ 0, 13, 26, 13, 143, 1, 286, 2, 143, 1, 11, 22, 11, 0, 0, 0, 0, 0 ],
[ 0, 11, 22, 11, 1, 143, 2, 286, 1, 143, 13, 26, 13, 0, 0, 0, 0, 0 ],
[ 0, 13, 26, 52, 143, 1, 286, 2, 572, 4, 11, 22, 44, 0, 0, 0, 0, 0 ],
[ 0, 11, 22, 44, 1, 143, 2, 286, 4, 572, 13, 26, 52, 0, 0, 0, 0, 0 ],
[ 0, 4, 2, 1, 44, 52, 22, 26, 11, 13, 572, 286, 143, 0, 0, 0, 0, 0 ],
[ 0, 1, 2, 1, 11, 13, 22, 26, 11, 13, 143, 286, 143, 0, 0, 0, 0, 0 ],
[ 1056, 1, 2, 4, 11, 13, 22, 26, 44, 52, 143, 286, 572, 0, 0, 0, 0, 0 ]
];
$eqs = [
[ -1, 1, 1, 1, 1, 1, 1, 1, 1, 1, 1, 1, 1, 0, 0, 0, 0, 0 ],
[ -1, 0, 1, 2, 0, 0, 1, 1, 2, 2, 0, 1, 2, -2, 0, 0, 0, 0 ],
[ 0, 0, 0, 0, 1, 0, 1, 0, 1, 0, 1, 1, 1, 0, -2, 0, 0, 0 ],
[ 0, 0, 0, 0, 0, 1, 0, 1, 0, 1, 1, 1, 1, 0, 0, -2, 0, 0 ],
[ 0, 1, 2, 4, 11, 13, 22, 26, 44, 52, 143, 286, 572, 0, 0, 0, -24, 0 ],
[ 0, 572, 286, 143, 52, 44, 26, 22, 13, 11, 4, 2, 1, 0, 0, 0, 0, -24 ]
];
$p = new Polytope(INEQUALITIES=>$ieqs, EQUATIONS=>$eqs);
prefer_now "libnormaliz";
print $p->LATTICE_POINTS_GENERATORS->[0];
