[ PowerSequence(IntegerRing()) |
[ -5, 13, 1, -5, 1, -4, 0, -3, 3, 0, 0, 1, 0, -1, 0, 1, -2, 3, -5, 5, 0, 10, 12, -24 ],
[ -5, 13, 1, -5, 1, -3, 0, -3, 1, 0, 0, 1, 0, -1, 1, 1, -1, 1, -3, 3, 0, 6, 7, -14 ],
[ -4, 8, 2, -3, 3, -3, 1, -3, 2, 0, -1, 1, 0, -1, -1, -1, -3, 4, -3, 6, 0, 9, 12, -24 ],
[ -4, 8, 2, -3, 3, -2, 1, -3, 0, 0, -1, 1, 0, -1, 0, -1, -2, 2, -1, 4, 0, 5, 7, -14 ],
[ -4, 9, 0, -3, 2, 0, 0, -2, 1, 0, 0, 0, 0, -1, -2, 3, -3, 4, -6, 6, -1, 9, 13, -24 ],
[ -4, 9, 0, -3, 2, 1, 0, -2, -1, 0, 0, 0, 0, -1, -1, 3, -2, 2, -4, 4, -1, 5, 8, -14 ],
[ -4, 9, 1, -2, 2, -3, 1, -3, 2, -2, -2, 0, -1, 0, 2, 0, 0, 3, -2, 4, 1, 8, 10, -23 ],
[ -4, 9, 1, -2, 2, -2, 1, -3, 0, -2, -2, 0, -1, 0, 3, 0, 1, 1, 0, 2, 1, 4, 5, -13 ],
[ -4, 10, 0, -4, 0, -1, 0, 1, 2, 0, 0, -1, 1, -1, -2, -1, -3, 4, -2, 5, 0, 9, 12, -24 ],
[ -4, 10, 0, -4, 0, 0, 0, 1, 0, 0, 0, -1, 1, -1, -1, -1, -2, 2, 0, 3, 0, 5, 7, -14 ],
[ -3, 7, 1, -1, 1, -3, -1, -1, 2, 3, 0, 0, 0, -2, -2, 0, -3, 4, -5, 5, 0, 9, 15, -25 ],
[ -3, 7, 1, -1, 1, -2, -1, -1, 0, 3, 0, 0, 0, -2, -1, 0, -2, 2, -3, 3, 0, 5, 10, -15 ],
[ -2, 3, 3, -1, 2, -3, 1, -1, 2, 0, -1, 0, -2, -1, 0, -1, 2, 3, -4, 3, 2, 9, 10, -23 ],
[ -2, 3, 3, -1, 2, -2, 1, -1, 0, 0, -1, 0, -2, -1, 1, -1, 3, 1, -2, 1, 2, 5, 5, -13 ],
[ -2, 4, 1, -1, -1, -2, 1, 3, 2, -1, 2, -2, -2, 0, -4, -1, 2, 5, -3, 3, 2, 8, 10, -23 ],
[ -2, 4, 1, -1, -1, -1, 1, 3, 0, -1, 2, -2, -2, 0, -3, -1, 3, 3, -1, 1, 2, 4, 5, -13 ],
[ -2, 4, 1, -1, 0, -2, 1, 1, 2, -1, 0, -2, -2, 0, -3, 0, 2, 7, -4, 3, 0, 9, 12, -24 ],
[ -2, 4, 1, -1, 0, -2, 2, 0, 2, -2, -1, 0, -1, 1, 1, 1, -1, 3, -4, 4, 0, 8, 11, -23 ],
[ -2, 4, 1, -1, 0, -1, 1, 1, 0, -1, 0, -2, -2, 0, -2, 0, 3, 5, -2, 1, 0, 5, 7, -14 ],
[ -2, 4, 1, -1, 0, -1, 2, 0, 0, -2, -1, 0, -1, 1, 2, 1, 0, 1, -2, 2, 0, 4, 6, -13 ],
[ -2, 4, 1, -1, 1, -3, -1, 0, 3, 2, -1, -1, 1, -1, 0, 1, -2, 4, -6, 4, -2, 9, 16, -25 ],
[ -2, 4, 1, -1, 1, -2, -1, 0, 1, 2, -1, -1, 1, -1, 1, 1, -1, 2, -4, 2, -2, 5, 11, -15 ],
[ -2, 4, 1, -1, 1, -2, 0, -2, 2, 1, -2, 0, 0, -1, 4, -1, -2, 2, -2, 5, 1, 8, 10, -23 ],
[ -2, 4, 1, -1, 1, -2, 0, -1, 2, 1, 0, 1, 0, -1, -2, 0, -2, 4, -5, 5, 0, 10, 12, -24 ],
[ -2, 4, 1, -1, 1, -1, 0, -2, 0, 1, -2, 0, 0, -1, 5, -1, -1, 0, 0, 3, 1, 4, 5, -13 ],
[ -2, 4, 1, -1, 1, -1, 0, -1, 0, 1, 0, 1, 0, -1, -1, 0, -1, 2, -3, 3, 0, 6, 7, -14 ],
[ -1, 0, 0, 3, 0, 0, 1, 2, 0, 1, 0, -2, 0, -2, -3, 0, -3, 6, -4, 6, 0, 9, 12, -24 ],
[ -1, 0, 0, 3, 0, 1, 1, 2, -2, 1, 0, -2, 0, -2, -2, 0, -2, 4, -2, 4, 0, 5, 7, -14 ],
[ -1, 0, 1, 1, 2, 0, 0, -1, 1, 1, 0, 0, -1, -1, -2, -1, 0, 4, -3, 4, 2, 8, 10, -23 ],
[ -1, 0, 1, 1, 2, 0, 1, 0, 1, 0, -1, -1, -1, -1, -2, 0, -1, 5, -5, 5, -1, 9, 15, -25 ],
[ -1, 0, 1, 1, 2, 1, 0, -1, -1, 1, 0, 0, -1, -1, -1, -1, 1, 2, -1, 2, 2, 4, 5, -13 ],
[ -1, 0, 1, 1, 2, 1, 1, 0, -1, 0, -1, -1, -1, -1, -1, 0, 0, 3, -3, 3, -1, 5, 10, -15 ],
[ -1, 1, 2, 0, -1, -2, 0, 2, 2, 0, 0, 0, 1, 0, -1, 1, -3, 3, -6, 5, -2, 9, 16, -25 ],
[ -1, 1, 2, 0, -1, -2, 2, 4, 2, -1, 0, -1, -1, 0, -3, -1, -2, 4, -3, 5, 0, 8, 13, -24 ],
[ -1, 1, 2, 0, -1, -1, -1, 3, 1, 3, 0, -2, 1, -2, -3, 0, -4, 6, -4, 6, 0, 9, 12, -24 ],
[ -1, 1, 2, 0, -1, -1, 0, 2, 0, 0, 0, 0, 1, 0, 0, 1, -2, 1, -4, 3, -2, 5, 11, -15 ],
[ -1, 1, 2, 0, -1, -1, 0, 2, 1, 1, 1, -1, 1, -1, -3, 1, -3, 5, -5, 5, -1, 9, 13, -24 ],
[ -1, 1, 2, 0, -1, -1, 2, 4, 0, -1, 0, -1, -1, 0, -2, -1, -1, 2, -1, 3, 0, 4, 8, -14 ],
[ -1, 1, 2, 0, -1, 0, -1, 3, -1, 3, 0, -2, 1, -2, -2, 0, -3, 4, -2, 4, 0, 5, 7, -14 ],
[ -1, 1, 2, 0, -1, 0, 0, 2, -1, 1, 1, -1, 1, -1, -2, 1, -2, 3, -3, 3, -1, 5, 8, -14 ],
[ -1, 1, 2, 0, 0, -2, -2, 0, 2, 6, 1, -1, 0, -3, -2, 0, -3, 5, -5, 5, 0, 10, 12, -24 ],
[ -1, 1, 2, 0, 0, -2, -1, 0, 2, 5, -1, 0, 0, -3, 2, -1, -4, 2, -3, 6, 2, 8, 10, -23 ],
[ -1, 1, 2, 0, 0, -2, -1, 1, 2, 4, 0, -1, 0, -3, -1, 0, -4, 4, -4, 7, 0, 9, 12, -24 ],
[ -1, 1, 2, 0, 0, -2, 0, -1, 2, -1, -1, 2, 0, 0, 1, 0, 1, 2, -3, 3, 0, 8, 11, -23 ],
[ -1, 1, 2, 0, 0, -2, 0, -1, 2, 0, -1, 2, 0, -1, 1, 0, -1, 2, -5, 5, 0, 10, 12, -24 ],
[ -1, 1, 2, 0, 0, -2, 0, 0, 2, 1, 0, 1, 0, -1, -2, 1, -1, 4, -6, 4, -2, 9, 16, -25 ],
[ -1, 1, 2, 0, 0, -2, 0, 0, 2, 2, 1, 0, 0, -2, -1, 1, -3, 3, -5, 6, -1, 9, 13, -24 ],
[ -1, 1, 2, 0, 0, -1, -2, 0, 0, 6, 1, -1, 0, -3, -1, 0, -2, 3, -3, 3, 0, 6, 7, -14 ],
[ -1, 1, 2, 0, 0, -1, -1, 0, 0, 5, -1, 0, 0, -3, 3, -1, -3, 0, -1, 4, 2, 4, 5, -13 ],
[ -1, 1, 2, 0, 0, -1, -1, 1, 0, 4, 0, -1, 0, -3, 0, 0, -3, 2, -2, 5, 0, 5, 7, -14 ],
[ -1, 1, 2, 0, 0, -1, 0, -1, 0, -1, -1, 2, 0, 0, 2, 0, 2, 0, -1, 1, 0, 4, 6, -13 ],
[ -1, 1, 2, 0, 0, -1, 0, -1, 0, 0, -1, 2, 0, -1, 2, 0, 0, 0, -3, 3, 0, 6, 7, -14 ],
[ -1, 1, 2, 0, 0, -1, 0, 0, 0, 1, 0, 1, 0, -1, -1, 1, 0, 2, -4, 2, -2, 5, 11, -15 ],
[ -1, 1, 2, 0, 0, -1, 0, 0, 0, 2, 1, 0, 0, -2, 0, 1, -2, 1, -3, 4, -1, 5, 8, -14 ],
[ -1, 2, 1, -1, 0, -2, -2, 1, 3, 5, -2, -1, 1, -2, 2, 1, -4, 3, -6, 5, 0, 9, 13, -24 ],
[ -1, 2, 1, -1, 0, -2, -1, -1, 3, 2, -1, 2, 2, -2, 1, 0, -4, 2, -5, 6, 0, 10, 12, -24 ],
[ -1, 2, 1, -1, 0, -2, -1, -1, 3, 3, -1, 2, 2, -2, 1, 0, -4, 2, -5, 5, 0, 9, 13, -24 ],
[ -1, 2, 1, -1, 0, -2, 0, 0, 3, 0, -1, 0, -1, 0, 2, 0, 1, 2, -3, 3, 0, 8, 11, -23 ],
[ -1, 2, 1, -1, 0, -2, 0, 2, 3, 0, 1, -1, 1, 0, -3, 0, -2, 4, -5, 4, 0, 9, 13, -24 ],
[ -1, 2, 1, -1, 0, -2, 1, 1, 2, -2, 0, -1, -1, 2, -2, 1, 0, 4, -6, 4, -1, 11, 14, -25 ],
[ -1, 2, 1, -1, 0, -1, -2, 1, 1, 5, -2, -1, 1, -2, 3, 1, -3, 1, -4, 3, 0, 5, 8, -14 ],
[ -1, 2, 1, -1, 0, -1, -1, -1, 1, 2, -1, 2, 2, -2, 2, 0, -3, 0, -3, 4, 0, 6, 7, -14 ],
[ -1, 2, 1, -1, 0, -1, -1, -1, 1, 3, -1, 2, 2, -2, 2, 0, -3, 0, -3, 3, 0, 5, 8, -14 ],
[ -1, 2, 1, -1, 0, -1, 0, 0, 1, 0, -1, 0, -1, 0, 3, 0, 2, 0, -1, 1, 0, 4, 6, -13 ],
[ -1, 2, 1, -1, 0, -1, 0, 2, 1, 0, 1, -1, 1, 0, -2, 0, -1, 2, -3, 2, 0, 5, 8, -14 ],
[ -1, 2, 1, -1, 0, -1, 1, 1, 0, -2, 0, -1, -1, 2, -1, 1, 1, 2, -4, 2, -1, 7, 9, -15 ],
[ -1, 2, 1, -1, 1, -3, -1, -1, 4, 3, -1, 0, 0, -2, -1, -1, -3, 5, -2, 6, 0, 8, 12, -24 ],
[ -1, 2, 1, -1, 1, -2, -1, -1, 2, 3, -1, 0, 0, -2, 0, -1, -2, 3, 0, 4, 0, 4, 7, -14 ],
[ -1, 2, 1, -1, 1, -2, -1, -1, 3, 2, -2, 1, 1, -1, 2, -1, -3, 2, -3, 5, 2, 8, 10, -23 ],
[ -1, 2, 1, -1, 1, -1, -1, -1, 1, 2, -2, 1, 1, -1, 3, -1, -2, 0, -1, 3, 2, 4, 5, -13 ],
[ -1, 2, 2, -1, 0, -2, 0, -1, 2, -1, -1, 2, 0, 0, 0, 0, 0, 3, -2, 4, 0, 7, 11, -23 ],
[ -1, 2, 2, -1, 0, -1, 0, -1, 0, -1, -1, 2, 0, 0, 1, 0, 1, 1, 0, 2, 0, 3, 6, -13 ],
[ -1, 3, 1, -1, 2, -2, -1, -2, 2, 3, -1, 1, 0, -2, 0, 0, -1, 3, -3, 4, 0, 8, 11, -23 ],
[ -1, 3, 1, -1, 2, -1, -1, -2, 0, 3, -1, 1, 0, -2, 1, 0, 0, 1, -1, 2, 0, 4, 6, -13 ],
[ -1, 3, 1, -1, 3, -2, 1, -1, 2, -1, -1, -1, 0, 1, -2, -1, -2, 5, -3, 4, 0, 8, 13, -24 ],
[ -1, 3, 1, -1, 3, -1, 1, -1, 0, -1, -1, -1, 0, 1, -1, -1, -1, 3, -1, 2, 0, 4, 8, -14 ],
[ -1, 3, 2, -1, 0, -3, 1, 0, 3, 0, 0, 0, -1, -1, -2, -1, -2, 4, -3, 5, 2, 8, 12, -24 ],
[ -1, 3, 2, -1, 0, -2, 1, 0, 1, 0, 0, 0, -1, -1, -1, -1, -1, 2, -1, 3, 2, 4, 7, -14 ],
[ -1, 3, 2, 0, 0, -2, 0, 0, 1, 0, 0, -1, 0, -1, -3, 1, -2, 6, -6, 5, -2, 10, 17, -26 ],
[ -1, 3, 2, 0, 0, -1, 0, 0, -1, 0, 0, -1, 0, -1, -2, 1, -1, 4, -4, 3, -2, 6, 12, -16 ],
[ 0, -1, -2, 2, 0, 4, 0, 0, -1, 2, 1, -1, 1, -2, -2, 0, -3, 5, -5, 5, 0, 10, 12, -24 ],
[ 0, -1, -2, 2, 0, 4, 2, 1, -1, -1, 2, -2, -1, -1, -5, -1, 0, 7, -3, 4, 0, 9, 12, -24 ],
[ 0, -1, -2, 2, 0, 5, 0, 0, -3, 2, 1, -1, 1, -2, -1, 0, -2, 3, -3, 3, 0, 6, 7, -14 ],
[ 0, -1, -2, 2, 0, 5, 2, 1, -3, -1, 2, -2, -1, -1, -4, -1, 1, 5, -1, 2, 0, 5, 7, -14 ],
[ 0, -1, -2, 2, 2, 4, 0, 0, -1, 0, 0, -2, 1, -1, -4, -1, -1, 7, -3, 4, 0, 9, 12, -24 ],
[ 0, -1, -2, 2, 2, 5, 0, 0, -3, 0, 0, -2, 1, -1, -3, -1, 0, 5, -1, 2, 0, 5, 7, -14 ],
[ 0, -1, -1, 1, -1, 1, 0, 5, 1, 3, 2, -3, 0, -3, -4, 0, -4, 5, -5, 8, 0, 9, 12, -24 ],
[ 0, -1, -1, 1, -1, 2, -1, 5, 1, 2, 1, -3, 1, -1, -5, 1, -2, 6, -6, 4, -2, 9, 16, -25 ],
[ 0, -1, -1, 1, -1, 2, 0, 5, -1, 3, 2, -3, 0, -3, -3, 0, -3, 3, -3, 6, 0, 5, 7, -14 ],
[ 0, -1, -1, 1, -1, 3, -1, 5, -1, 2, 1, -3, 1, -1, -4, 1, -1, 4, -4, 2, -2, 5, 11, -15 ],
[ 0, -1, -1, 1, -1, 3, 0, 3, 0, 1, 2, -2, 0, -2, -4, 0, -4, 5, -5, 8, 0, 9, 14, -25 ],
[ 0, -1, -1, 1, -1, 3, 1, 3, 0, 1, 2, -2, 0, -1, -4, 1, -3, 5, -6, 5, -2, 9, 16, -25 ],
[ 0, -1, -1, 1, -1, 4, 0, 3, -2, 1, 2, -2, 0, -2, -3, 0, -3, 3, -3, 6, 0, 5, 9, -15 ],
[ 0, -1, -1, 1, -1, 4, 1, 3, -2, 1, 2, -2, 0, -1, -3, 1, -2, 3, -4, 3, -2, 5, 11, -15 ],
[ 0, -1, -1, 1, 0, 1, 0, 3, 2, 0, 1, -2, 0, -1, -3, 1, -1, 4, -5, 5, -1, 9, 13, -24 ],
[ 0, -1, -1, 1, 0, 2, 0, 3, 0, 0, 1, -2, 0, -1, -2, 1, 0, 2, -3, 3, -1, 5, 8, -14 ],
[ 0, -1, -1, 2, 0, 2, -3, 0, 0, 8, -1, 0, 1, -4, 0, 0, -5, 4, -5, 6, 0, 10, 12, -24 ],
[ 0, -1, -1, 2, 0, 2, 0, 0, 0, 1, -1, 0, 1, -2, 0, 1, -4, 4, -5, 7, 0, 9, 12, -24 ],
[ 0, -1, -1, 2, 0, 3, -3, 0, -2, 8, -1, 0, 1, -4, 1, 0, -4, 2, -3, 4, 0, 6, 7, -14 ],
[ 0, -1, -1, 2, 0, 3, 0, 0, -2, 1, -1, 0, 1, -2, 1, 1, -3, 2, -3, 5, 0, 5, 7, -14 ],
[ 0, -1, 0, 2, -1, -1, 0, 2, 2, 0, 0, 0, -1, 0, -2, 0, 0, 4, -5, 4, 0, 10, 12, -24 ],
[ 0, -1, 0, 2, -1, -1, 1, 2, 2, 0, 1, -1, -2, -1, -1, -1, 1, 3, -3, 4, 2, 8, 10, -23 ],
[ 0, -1, 0, 2, -1, 0, -2, 1, 1, 5, 1, -1, 1, -3, 0, 2, -5, 3, -6, 7, -1, 9, 13, -24 ],
[ 0, -1, 0, 2, -1, 0, 0, 2, 0, 0, 0, 0, -1, 0, -1, 0, 1, 2, -3, 2, 0, 6, 7, -14 ],
[ 0, -1, 0, 2, -1, 0, 1, 2, 0, 0, 1, -1, -2, -1, 0, -1, 2, 1, -1, 2, 2, 4, 5, -13 ],
[ 0, -1, 0, 2, -1, 1, -2, 1, -1, 5, 1, -1, 1, -3, 1, 2, -4, 1, -4, 5, -1, 5, 8, -14 ],
[ 0, -1, 0, 2, 0, -2, 0, 1, 4, 0, 0, -2, 0, 0, -3, 0, -2, 6, -5, 4, -2, 10, 17, -26 ],
[ 0, -1, 0, 2, 0, -1, 0, 1, 2, 0, 0, -2, 0, 0, -2, 0, -1, 4, -3, 2, -2, 6, 12, -16 ],
[ 0, -1, 0, 2, 0, -1, 1, 0, 3, 0, 0, -1, 0, -1, -1, 0, -3, 4, -4, 5, -1, 9, 15, -25 ],
[ 0, -1, 0, 2, 0, 0, 1, 0, 1, 0, 0, -1, 0, -1, 0, 0, -2, 2, -2, 3, -1, 5, 10, -15 ],
[ 0, -1, 0, 2, 0, 0, 1, 1, 1, 0, 1, -2, -1, -1, -4, -1, -1, 7, -2, 5, 0, 8, 12, -24 ],
[ 0, -1, 0, 2, 0, 1, 1, 1, -1, 0, 1, -2, -1, -1, -3, -1, 0, 5, 0, 3, 0, 4, 7, -14 ],
[ 0, 0, -1, 1, 0, 1, -1, 2, 1, 3, 1, -2, 2, -2, -4, 0, -5, 6, -5, 6, -1, 9, 15, -25 ],
[ 0, 0, -1, 1, 0, 2, -1, 2, -1, 3, 1, -2, 2, -2, -3, 0, -4, 4, -3, 4, -1, 5, 10, -15 ],
[ 0, 0, 0, 0, 0, -1, -2, 0, 2, 6, 0, 0, 1, -3, -2, 3, -3, 4, -8, 5, -2, 11, 15, -25 ],
[ 0, 0, 0, 0, 0, -1, -2, 0, 2, 7, 0, 0, -1, -4, -2, 0, -2, 4, -5, 6, 1, 9, 14, -25 ],
[ 0, 0, 0, 0, 0, -1, -2, 0, 2, 7, 0, 0, 0, -3, -2, 1, -4, 4, -5, 6, 1, 9, 12, -24 ],
[ 0, 0, 0, 0, 0, -1, -2, 0, 2, 7, 0, 0, 1, -4, -2, 0, -5, 4, -1, 7, -1, 7, 13, -24 ],
[ 0, 0, 0, 0, 0, -1, -1, 0, 2, -1, 0, 0, 1, 3, -2, 3, -2, 4, -6, 4, -1, 9, 13, -24 ],
[ 0, 0, 0, 0, 0, -1, -1, 0, 2, -1, 0, 0, 2, 1, -2, 1, 0, 4, -2, 3, 0, 7, 11, -23 ],
[ 0, 0, 0, 0, 0, -1, -1, 0, 2, 0, 0, 0, 2, 0, -2, 1, -2, 4, -4, 5, 0, 9, 12, -24 ],
[ 0, 0, 0, 0, 0, -1, -1, 0, 2, 1, 0, 0, 0, 0, -2, -1, 1, 4, -1, 3, 0, 7, 13, -24 ],
[ 0, 0, 0, 0, 0, -1, -1, 0, 2, 1, 0, 0, 1, 0, -2, 1, -3, 4, -4, 6, -3, 8, 18, -26 ],
[ 0, 0, 0, 0, 0, -1, 0, 0, 2, 0, 0, 0, 1, -1, -2, 2, -1, 4, -8, 5, -5, 10, 23, -28 ],
[ 0, 0, 0, 0, 0, 0, -2, 0, 0, 6, 0, 0, 1, -3, -1, 3, -2, 2, -6, 3, -2, 7, 10, -15 ],
[ 0, 0, 0, 0, 0, 0, -2, 0, 0, 7, 0, 0, -1, -4, -1, 0, -1, 2, -3, 4, 1, 5, 9, -15 ],
[ 0, 0, 0, 0, 0, 0, -2, 0, 0, 7, 0, 0, 0, -3, -1, 1, -3, 2, -3, 4, 1, 5, 7, -14 ],
[ 0, 0, 0, 0, 0, 0, -2, 0, 0, 7, 0, 0, 1, -4, -1, 0, -4, 2, 1, 5, -1, 3, 8, -14 ],
[ 0, 0, 0, 0, 0, 0, -1, 0, 0, -1, 0, 0, 1, 3, -1, 3, -1, 2, -4, 2, -1, 5, 8, -14 ],
[ 0, 0, 0, 0, 0, 0, -1, 0, 0, -1, 0, 0, 2, 1, -1, 1, 1, 2, 0, 1, 0, 3, 6, -13 ],
[ 0, 0, 0, 0, 0, 0, -1, 0, 0, 0, 0, 0, 2, 0, -1, 1, -1, 2, -2, 3, 0, 5, 7, -14 ],
[ 0, 0, 0, 0, 0, 0, -1, 0, 0, 1, 0, 0, 0, 0, -1, -1, 2, 2, 1, 1, 0, 3, 8, -14 ],
[ 0, 0, 0, 0, 0, 0, -1, 0, 0, 1, 0, 0, 1, 0, -1, 1, -2, 2, -2, 4, -3, 4, 13, -16 ],
[ 0, 0, 0, 0, 0, 0, 0, 0, 0, 0, 0, 0, 1, -1, -1, 2, 0, 2, -6, 3, -5, 6, 18, -18 ],
[ 0, 0, 1, 1, 0, -2, 1, 0, 2, 0, -1, -1, 0, -1, 1, -2, -2, 4, 0, 5, 1, 7, 10, -23 ],
[ 0, 0, 1, 1, 0, -1, 1, 0, 0, 0, -1, -1, 0, -1, 2, -2, -1, 2, 2, 3, 1, 3, 5, -13 ],
[ 0, 0, 1, 1, 1, -1, 0, 0, 2, 0, -1, -1, 0, 0, -1, -1, -3, 4, -3, 5, 0, 8, 15, -25 ],
[ 0, 0, 1, 1, 1, 0, 0, 0, 0, 0, -1, -1, 0, 0, 0, -1, -2, 2, -1, 3, 0, 4, 10, -15 ],
[ 0, 1, 0, 1, 0, -1, 0, 0, 1, -1, 1, -1, 0, 0, -2, 0, 0, 5, -3, 4, -1, 8, 13, -24 ],
[ 0, 1, 0, 1, 0, -1, 2, 3, 1, -1, 0, -3, -1, -1, -4, -1, 0, 7, -3, 4, 0, 9, 12, -24 ],
[ 0, 1, 0, 1, 0, 0, 0, 0, -1, -1, 1, -1, 0, 0, -1, 0, 1, 3, -1, 2, -1, 4, 8, -14 ],
[ 0, 1, 0, 1, 0, 0, 2, 3, -1, -1, 0, -3, -1, -1, -3, -1, 1, 5, -1, 2, 0, 5, 7, -14 ],
[ 0, 1, 0, 1, 1, -1, 0, -1, 2, 1, -1, 0, 0, -1, 0, 0, -3, 3, -6, 5, 0, 11, 14, -25 ],
[ 0, 1, 0, 1, 1, 0, 0, -1, 0, 1, -1, 0, 0, -1, 1, 0, -2, 1, -4, 3, 0, 7, 9, -15 ],
[ 0, 1, 0, 1, 2, -1, 0, -1, 1, 2, -1, -1, -1, -2, -1, 0, 0, 5, -5, 4, 0, 10, 12, -24 ],
[ 0, 1, 0, 1, 2, 0, 0, -1, -1, 2, -1, -1, -1, -2, 0, 0, 1, 3, -3, 2, 0, 6, 7, -14 ],
[ 0, 1, 0, 2, 0, -1, 0, 0, 1, 0, 1, -1, 0, -1, -2, 0, -2, 4, -5, 5, -1, 11, 14, -25 ],
[ 0, 1, 0, 2, 0, -1, 0, 1, 1, 0, 0, -2, 0, -1, -2, -1, -2, 5, -3, 5, 1, 10, 11, -24 ],
[ 0, 1, 0, 2, 0, 0, 0, 0, -1, 0, 1, -1, 0, -1, -1, 0, -1, 2, -3, 3, -1, 7, 9, -15 ],
[ 0, 1, 0, 2, 0, 0, 0, 1, -1, 0, 0, -2, 0, -1, -1, -1, -1, 3, -1, 3, 1, 6, 6, -14 ],
[ 0, 1, 1, -1, -1, -2, 0, 3, 3, 2, 0, -1, 0, -1, -3, 0, -3, 5, -5, 5, 0, 10, 12, -24 ],
[ 0, 1, 1, -1, -1, -1, -1, 1, 2, 3, 0, 2, 1, -1, -2, 1, -4, 3, -5, 5, -1, 8, 14, -24 ],
[ 0, 1, 1, -1, -1, -1, 0, 3, 1, 2, 0, -1, 0, -1, -2, 0, -2, 3, -3, 3, 0, 6, 7, -14 ],
[ 0, 1, 1, -1, -1, 0, -1, 1, 0, 3, 0, 2, 1, -1, -1, 1, -3, 1, -3, 3, -1, 4, 9, -14 ],
[ 0, 1, 1, -1, 0, -3, 0, -1, 4, 0, 0, 1, -1, 0, 1, 0, 1, 2, -3, 3, 0, 8, 11, -23 ],
[ 0, 1, 1, -1, 0, -3, 0, 0, 4, 2, -1, 0, -1, -1, 1, -1, -1, 3, -3, 4, 2, 8, 10, -23 ],
[ 0, 1, 1, -1, 0, -2, 0, -1, 2, 0, 0, 1, -1, 0, 2, 0, 2, 0, -1, 1, 0, 4, 6, -13 ],
[ 0, 1, 1, -1, 0, -2, 0, 0, 2, 2, -1, 0, -1, -1, 2, -1, 0, 1, -1, 2, 2, 4, 5, -13 ],
[ 0, 2, -1, -1, 2, 0, -2, -2, 2, 5, 0, 0, 1, -2, 0, 0, -4, 3, -3, 5, 0, 8, 11, -23 ],
[ 0, 2, -1, -1, 2, 1, -2, -2, 0, 5, 0, 0, 1, -2, 1, 0, -3, 1, -1, 3, 0, 4, 6, -13 ],
[ 1, -4, -3, 4, 0, 7, -1, 0, -2, 2, 0, 0, 2, -2, -2, 2, -5, 4, -7, 6, -3, 10, 18, -26 ],
[ 1, -4, -3, 4, 0, 8, -1, 0, -4, 2, 0, 0, 2, -2, -1, 2, -4, 2, -5, 4, -3, 6, 13, -16 ],
[ 1, -4, -2, 4, -2, 4, -1, 5, -1, 4, 2, -3, 1, -3, -4, 0, -5, 5, -5, 7, 1, 9, 12, -24 ],
[ 1, -4, -2, 4, -2, 5, -1, 5, -3, 4, 2, -3, 1, -3, -3, 0, -4, 3, -3, 5, 1, 5, 7, -14 ],
[ 1, -4, -1, 4, -2, 2, -3, 5, 0, 7, 0, -2, 2, -4, -2, 2, -5, 4, -7, 6, -1, 10, 13, -24 ],
[ 1, -4, -1, 4, -2, 2, -1, 5, 0, 6, 0, -2, 0, -4, -2, 0, -4, 4, -6, 6, 1, 10, 12, -24 ],
[ 1, -4, -1, 4, -2, 3, -3, 5, -2, 7, 0, -2, 2, -4, -1, 2, -4, 2, -5, 4, -1, 6, 8, -14 ],
[ 1, -4, -1, 4, -2, 3, -1, 5, -2, 6, 0, -2, 0, -4, -1, 0, -3, 2, -4, 4, 1, 6, 7, -14 ],
[ 1, -3, -4, 1, 1, 9, -1, -1, -2, 4, 0, 1, 2, -2, -2, 1, -6, 4, -6, 6, -2, 9, 16, -25 ],
[ 1, -3, -4, 1, 1, 9, 1, -1, -2, 0, 0, 1, 0, -1, -2, -1, -3, 4, -3, 6, 0, 9, 12, -24 ],
[ 1, -3, -4, 1, 1, 10, -1, -1, -4, 4, 0, 1, 2, -2, -1, 1, -5, 2, -4, 4, -2, 5, 11, -15 ],
[ 1, -3, -4, 1, 1, 10, 1, -1, -4, 0, 0, 1, 0, -1, -1, -1, -2, 2, -1, 4, 0, 5, 7, -14 ],
[ 1, -2, -1, 2, -1, 1, -1, 1, 1, 3, 2, 0, 1, -2, -3, 1, -3, 4, -6, 5, -2, 9, 16, -25 ],
[ 1, -2, -1, 2, -1, 2, -1, 1, -1, 3, 2, 0, 1, -2, -2, 1, -2, 2, -4, 3, -2, 5, 11, -15 ],
[ 1, -1, -1, 1, 0, 2, 0, -1, 0, 2, 0, 0, 0, -2, 1, 0, -4, 3, -4, 7, 0, 9, 12, -24 ],
[ 1, -1, -1, 1, 0, 2, 0, 0, 0, 1, 0, 1, 0, -2, -2, 0, -4, 4, -5, 8, 0, 9, 14, -25 ],
[ 1, -1, -1, 1, 0, 3, 0, -1, -2, 2, 0, 0, 0, -2, 2, 0, -3, 1, -2, 5, 0, 5, 7, -14 ],
[ 1, -1, -1, 1, 0, 3, 0, 0, -2, 1, 0, 1, 0, -2, -1, 0, -3, 2, -3, 6, 0, 5, 9, -15 ],
[ 1, -1, -1, 1, 2, 2, 0, -1, 0, 0, -1, -1, 0, -1, -1, -1, -2, 5, -2, 6, 0, 8, 12, -24 ],
[ 1, -1, -1, 1, 2, 3, 0, -1, -2, 0, -1, -1, 0, -1, 0, -1, -1, 3, 0, 4, 0, 4, 7, -14 ],
[ 1, -1, -1, 2, -1, 0, 1, 0, 1, 2, 2, 0, 0, -2, -1, 0, -3, 3, -3, 5, 0, 8, 11, -23 ],
[ 1, -1, -1, 2, -1, 1, 1, 0, -1, 2, 2, 0, 0, -2, 0, 0, -2, 1, -1, 3, 0, 4, 6, -13 ],
[ 1, -1, -1, 2, 0, 1, -1, 1, 0, 1, 0, -2, 3, -1, -3, 0, -4, 7, -4, 5, 0, 9, 12, -24 ],
[ 1, -1, -1, 2, 0, 1, 0, -1, 0, 1, 0, 0, -1, -2, 0, -1, -1, 4, -2, 6, 0, 8, 12, -24 ],
[ 1, -1, -1, 2, 0, 2, -1, 1, -2, 1, 0, -2, 3, -1, -2, 0, -3, 5, -2, 3, 0, 5, 7, -14 ],
[ 1, -1, -1, 2, 0, 2, 0, -1, -2, 1, 0, 0, -1, -2, 1, -1, 0, 2, 0, 4, 0, 4, 7, -14 ],
[ 1, -1, -1, 2, 1, 2, 0, -1, 0, 0, 0, 0, 0, -1, -2, -2, -2, 4, 1, 5, 1, 7, 10, -23 ],
[ 1, -1, -1, 2, 1, 3, 0, -1, -2, 0, 0, 0, 0, -1, -1, -2, -1, 2, 3, 3, 1, 3, 5, -13 ],
[ 1, -1, 0, 0, -3, 0, 0, 7, 2, 1, 2, -3, 1, -1, -5, 1, -3, 5, -6, 5, -2, 9, 16, -25 ],
[ 1, -1, 0, 0, -3, 1, 0, 7, 0, 1, 2, -3, 1, -1, -4, 1, -2, 3, -4, 3, -2, 5, 11, -15 ],
[ 1, -1, 0, 0, -2, -2, 0, 6, 4, 0, 0, -3, 0, 0, -2, -1, -1, 4, -3, 4, 2, 8, 10, -23 ],
[ 1, -1, 0, 0, -2, -2, 1, 6, 4, 0, 0, -3, 0, 0, -2, 0, -2, 4, -6, 4, 0, 11, 12, -24 ],
[ 1, -1, 0, 0, -2, -1, 0, 4, 3, 1, 3, -2, 0, -1, -4, 1, -1, 4, -6, 4, -1, 10, 13, -24 ],
[ 1, -1, 0, 0, -2, -1, 0, 6, 2, 0, 0, -3, 0, 0, -1, -1, 0, 2, -1, 2, 2, 4, 5, -13 ],
[ 1, -1, 0, 0, -2, -1, 1, 6, 2, 0, 0, -3, 0, 0, -1, 0, -1, 2, -4, 2, 0, 7, 7, -14 ],
[ 1, -1, 0, 0, -2, 0, 0, 4, 1, 1, 3, -2, 0, -1, -3, 1, 0, 2, -4, 2, -1, 6, 8, -14 ],
[ 1, 0, 0, 0, 2, 0, 0, 0, 1, 0, -1, -1, -1, -1, -1, 0, 0, 4, -5, 5, -1, 9, 15, -25 ],
[ 1, 0, 0, 0, 2, 1, 0, 0, -1, 0, -1, -1, -1, -1, 0, 0, 1, 2, -3, 3, -1, 5, 10, -15 ],
[ 2, -2, -1, 1, 1, 1, 0, 0, 1, 1, -2, -1, 0, -2, 2, 0, -4, 3, -3, 8, 0, 8, 12, -24 ],
[ 2, -2, -1, 1, 1, 2, 0, 0, -1, 1, -2, -1, 0, -2, 3, 0, -3, 1, -1, 6, 0, 4, 7, -14 ],
[ 3, -2, 0, 1, 0, -1, -1, -1, 2, 1, -2, 0, 2, -1, 3, 0, -4, 2, -3, 5, -2, 8, 16, -25 ],
[ 3, -2, 0, 1, 0, 0, -1, -1, 0, 1, -2, 0, 2, -1, 4, 0, -3, 0, -1, 3, -2, 4, 11, -15 ],
[ 3, -1, -1, 0, -2, -1, -1, 4, 2, 1, 1, -1, 0, -1, -3, 0, 1, 4, -3, 3, 0, 8, 11, -23 ],
[ 3, -1, -1, 0, -2, 0, -1, 4, 0, 1, 1, -1, 0, -1, -2, 0, 2, 2, -1, 1, 0, 4, 6, -13 ],
[ 3, -1, -1, 0, -1, -1, -1, 2, 2, 2, 0, -1, 1, -1, 0, -1, -3, 3, -1, 5, 0, 7, 11, -23 ],
[ 3, -1, -1, 0, -1, 0, -1, 2, 0, 2, 0, -1, 1, -1, 1, -1, -2, 1, 1, 3, 0, 3, 6, -13 ],
[ 3, -1, -1, 0, -1, 1, 1, 2, 1, 0, 0, -1, 0, -1, -2, -1, -3, 4, -3, 5, -1, 9, 15, -25 ],
[ 3, -1, -1, 0, -1, 2, 1, 2, -1, 0, 0, -1, 0, -1, -1, -1, -2, 2, -1, 3, -1, 5, 10, -15 ],
[ 3, -1, -1, 0, 0, -1, -3, -1, 2, 6, -1, 1, 2, -3, 2, 0, -4, 2, -3, 5, 0, 8, 11, -23 ],
[ 3, -1, -1, 0, 0, 0, -3, -1, 0, 6, -1, 1, 2, -3, 3, 0, -3, 0, -1, 3, 0, 4, 6, -13 ],
[ 4, -3, -2, 1, -2, 1, -1, 3, 2, 1, 1, -1, 0, -1, -3, 4, -1, 4, -7, 4, -2, 9, 14, -24 ],
[ 4, -3, -2, 1, -2, 2, -1, 3, 0, 1, 1, -1, 0, -1, -2, 4, 0, 2, -5, 2, -2, 5, 9, -14 ]
]
