use application "polytope";
use vars '$ieqs', '$eqs', '$p';
$ieqs = [
[ 2712, 644, 322, 161, 92, 46, 28, 23, 14, 7, 4, 2, 1, 0, 0, 0, 0, 0 ],
[ 0, 161, 322, 161, 23, 46, 7, 23, 14, 7, 1, 2, 1, 0, 0, 0, 0, 0 ],
[ 0, 161, 322, 644, 23, 46, 7, 92, 14, 28, 1, 2, 4, 0, 0, 0, 0, 0 ],
[ 0, 92, 46, 23, 644, 322, 4, 161, 2, 1, 28, 14, 7, 0, 0, 0, 0, 0 ],
[ 0, 23, 46, 23, 161, 322, 1, 161, 2, 1, 7, 14, 7, 0, 0, 0, 0, 0 ],
[ 0, 28, 14, 7, 4, 2, 644, 1, 322, 161, 92, 46, 23, 0, 0, 0, 0, 0 ],
[ 0, 23, 46, 92, 161, 322, 1, 644, 2, 4, 7, 14, 28, 0, 0, 0, 0, 0 ],
[ 0, 7, 14, 7, 1, 2, 161, 1, 322, 161, 23, 46, 23, 0, 0, 0, 0, 0 ],
[ 0, 7, 14, 28, 1, 2, 161, 4, 322, 644, 23, 46, 92, 0, 0, 0, 0, 0 ],
[ 0, 4, 2, 1, 28, 14, 92, 7, 46, 23, 644, 322, 161, 0, 0, 0, 0, 0 ],
[ 0, 1, 2, 1, 7, 14, 23, 7, 46, 23, 161, 322, 161, 0, 0, 0, 0, 0 ],
[ 3936, 1, 2, 4, 7, 14, 23, 28, 46, 92, 161, 322, 644, 0, 0, 0, 0, 0 ]
];
$eqs = [
[ -1, 1, 1, 1, 1, 1, 1, 1, 1, 1, 1, 1, 1, 0, 0, 0, 0, 0 ],
[ -1, 0, 1, 2, 0, 1, 0, 2, 1, 2, 0, 1, 2, -2, 0, 0, 0, 0 ],
[ 0, 0, 0, 0, 1, 1, 0, 1, 0, 0, 1, 1, 1, 0, -2, 0, 0, 0 ],
[ 0, 0, 0, 0, 0, 0, 1, 0, 1, 1, 1, 1, 1, 0, 0, -2, 0, 0 ],
[ 0, 1, 2, 4, 7, 14, 23, 28, 46, 92, 161, 322, 644, 0, 0, 0, -24, 0 ],
[ 0, 644, 322, 161, 92, 46, 28, 23, 14, 7, 4, 2, 1, 0, 0, 0, 0, -24 ]
];
$p = new Polytope(INEQUALITIES=>$ieqs, EQUATIONS=>$eqs);
prefer_now "libnormaliz";
print $p->LATTICE_POINTS_GENERATORS->[0];
