use application "polytope";
use vars '$ieqs', '$eqs', '$p';
$ieqs = [
[ 0, 852, 426, 284, 213, 142, 71, 12, 6, 4, 3, 2, 1, 0, 0, 0, 0, 0 ],
[ 0, 213, 426, 71, 213, 142, 71, 3, 6, 1, 3, 2, 1, 0, 0, 0, 0, 0 ],
[ 0, 284, 142, 852, 71, 426, 213, 4, 2, 12, 1, 6, 3, 0, 0, 0, 0, 0 ],
[ 0, 213, 426, 71, 852, 142, 284, 3, 6, 1, 12, 2, 4, 0, 0, 0, 0, 0 ],
[ 0, 71, 142, 213, 71, 426, 213, 1, 2, 3, 1, 6, 3, 0, 0, 0, 0, 0 ],
[ 0, 71, 142, 213, 284, 426, 852, 1, 2, 3, 4, 6, 12, 0, 0, 0, 0, 0 ],
[ 0, 12, 6, 4, 3, 2, 1, 852, 426, 284, 213, 142, 71, 0, 0, 0, 0, 0 ],
[ 0, 3, 6, 1, 3, 2, 1, 213, 426, 71, 213, 142, 71, 0, 0, 0, 0, 0 ],
[ 0, 4, 2, 12, 1, 6, 3, 284, 142, 852, 71, 426, 213, 0, 0, 0, 0, 0 ],
[ 0, 3, 6, 1, 12, 2, 4, 213, 426, 71, 852, 142, 284, 0, 0, 0, 0, 0 ],
[ 0, 1, 2, 3, 1, 6, 3, 71, 142, 213, 71, 426, 213, 0, 0, 0, 0, 0 ],
[ 5016, 1, 2, 3, 4, 6, 12, 71, 142, 213, 284, 426, 852, 0, 0, 0, 0, 0 ]
];
$eqs = [
[ -1, 1, 1, 1, 1, 1, 1, 1, 1, 1, 1, 1, 1, 0, 0, 0, 0, 0 ],
[ -1, 0, 1, 0, 2, 1, 2, 0, 1, 0, 2, 1, 2, -2, 0, 0, 0, 0 ],
[ 0, 0, 0, 1, 0, 1, 1, 0, 0, 1, 0, 1, 1, 0, -2, 0, 0, 0 ],
[ 0, 0, 0, 0, 0, 0, 0, 1, 1, 1, 1, 1, 1, 0, 0, -2, 0, 0 ],
[ 0, 1, 2, 3, 4, 6, 12, 71, 142, 213, 284, 426, 852, 0, 0, 0, -24, 0 ],
[ 0, 852, 426, 284, 213, 142, 71, 12, 6, 4, 3, 2, 1, 0, 0, 0, 0, -24 ]
];
$p = new Polytope(INEQUALITIES=>$ieqs, EQUATIONS=>$eqs);
prefer_now "libnormaliz";
print $p->LATTICE_POINTS_GENERATORS->[0];
