U 3673 6 385 3 2310 1,2,3,5,6,10,15,30,77,154,231,385,462,770,1155,2310
U 3677 6 385 3 2310 1,2,5,10,21,33,42,66,77,105,154,165,210,330,385,770
U 3679 6 385 3 2310 1,2,15,21,30,33,35,42,55,66,70,77,110,154,1155,2310
U 3680 6 385 3 2310 1,3,5,7,15,21,22,35,66,105,110,154,330,462,770,2310
U 3682 6 385 3 2310 1,3,7,10,21,22,30,55,66,70,154,165,210,385,462,1155
U 3686 6 385 3 2310 1,6,7,10,15,22,33,42,55,70,105,154,231,330,385,2310
U 3689 6 385 3 2310 1,2,3,6,11,22,33,35,66,70,105,210,385,770,1155,2310
U 3694 6 385 3 2310 1,5,6,11,14,21,30,55,66,70,105,154,231,330,770,1155
U 3735 6 403 4 2418 1,2,13,26,93,186,1209,2418
U 3780 6 413 3 2478 1,2,3,6,7,14,21,42,59,118,177,354,413,826,1239,2478
U 3806 6 445 3 2670 1,2,3,5,6,10,15,30,89,178,267,445,534,890,1335,2670
U 3812 6 455 3 2730 1,6,7,10,13,15,42,70,78,91,105,130,195,546,910,1365
U 3817 6 455 3 2730 1,2,3,5,6,10,15,30,91,182,273,455,546,910,1365,2730
U 3824 6 455 3 2730 1,3,5,7,15,21,26,35,78,105,130,182,390,546,910,2730
U 3831 6 455 3 2730 1,6,10,14,15,21,26,35,39,65,91,210,390,546,910,1365
U 3847 6 475 4 2850 1,2,3,6,19,25,38,50,57,75,114,150,475,950,1425,2850
U 3850 6 485 4 2910 1,2,3,5,6,10,15,30,97,194,291,485,582,970,1455,2910
U 3859 6 535 4 3210 1,2,3,5,6,10,15,30,107,214,321,535,642,1070,1605,3210
U 3865 6 565 4 3390 1,2,3,5,6,10,15,30,113,226,339,565,678,1130,1695,3390
U 3866 6 575 4 3450 1,2,3,6,23,25,46,50,69,75,138,150,575,1150,1725,3450
U 3885 6 595 5 3570 1,3,5,7,15,21,34,35,102,105,170,238,510,714,1190,3570
U 3887 6 595 5 3570 1,3,7,10,21,30,34,70,85,102,210,238,255,595,714,1785
U 3890 6 595 5 3570 1,5,6,14,21,30,34,51,70,105,119,170,255,595,714,3570
U 3892 6 595 5 3570 1,6,10,14,15,21,34,35,51,85,119,210,510,714,1190,1785
U 3895 6 595 5 3570 1,2,5,10,17,21,34,42,85,105,170,210,357,714,1785,3570
U 3896 6 595 5 3570 1,2,15,17,21,30,34,35,42,70,255,357,510,595,714,1190
U 3902 6 605 4 3630 1,2,3,5,6,10,15,30,121,242,363,605,726,1210,1815,3630
U 3904 6 623 4 3738 1,2,3,6,7,14,21,42,89,178,267,534,623,1246,1869,3738
U 3908 6 649 3 3894 1,2,3,6,11,22,33,59,66,118,177,354,649,1298,1947,3894
U 3909 6 655 5 3930 1,2,3,5,6,10,15,30,131,262,393,655,786,1310,1965,3930
U 3912 6 665 5 3990 1,3,7,10,19,21,30,57,70,133,190,210,399,570,1330,3990
U 3919 6 665 5 3990 1,2,3,6,7,14,21,42,95,190,285,570,665,1330,1995,3990
U 3954 6 725 6 4350 1,2,3,6,25,29,50,58,75,87,150,174,725,1450,2175,4350
U 3957 6 745 5 4470 1,2,3,5,6,10,15,30,149,298,447,745,894,1490,2235,4470
U 3969 6 803 5 4818 1,2,3,6,11,22,33,66,73,146,219,438,803,1606,2409,4818
U 3970 6 805 4 4830 1,2,3,5,6,7,10,14,15,21,23,30,35,42,46,69,70,105,115,138,161,210,230,322,345,483,690,805,966,1610,2415,4830
U 3977 6 935 4 5610 1,2,3,5,6,10,11,15,17,22,30,33,34,51,55,66,85,102,110,165,170,187,255,330,374,510,561,935,1122,1870,2805,5610
U 3979 6 1015 4 6090 1,2,3,5,6,7,10,14,15,21,29,30,35,42,58,70,87,105,145,174,203,210,290,406,435,609,870,1015,1218,2030,3045,6090
U 3980 6 1045 5 6270 1,2,3,5,6,10,11,15,19,22,30,33,38,55,57,66,95,110,114,165,190,209,285,330,418,570,627,1045,1254,2090,3135,6270
U 3981 6 1085 5 6510 1,2,3,5,6,7,10,14,15,21,30,31,35,42,62,70,93,105,155,186,210,217,310,434,465,651,930,1085,1302,2170,3255,6510
U 3982 6 1105 4 6630 1,2,3,5,6,10,13,15,17,26,30,34,39,51,65,78,85,102,130,170,195,221,255,390,442,510,663,1105,1326,2210,3315,6630
U 3983 6 1235 5 7410 1,2,3,5,6,10,13,15,19,26,30,38,39,57,65,78,95,114,130,190,195,247,285,390,494,570,741,1235,1482,2470,3705,7410
U 3984 6 1265 6 7590 1,2,3,5,6,10,11,15,22,23,30,33,46,55,66,69,110,115,138,165,230,253,330,345,506,690,759,1265,1518,2530,3795,7590
U 3985 6 1295 5 7770 1,2,3,5,6,7,10,14,15,21,30,35,37,42,70,74,105,111,185,210,222,259,370,518,555,777,1110,1295,1554,2590,3885,7770
U 5275 10 231 3 2310 1,3,7,10,11,21,30,33,70,77,110,210,231,330,770,2310
U 5309 10 249 3 2490 1,2,3,5,6,10,15,30,83,166,249,415,498,830,1245,2490
U 5313 10 267 5 2670 1,2,3,5,6,10,15,30,89,178,267,445,534,890,1335,2670
U 5324 10 273 5 2730 1,2,3,6,35,65,70,91,105,130,182,195,210,273,390,546
U 5329 10 273 5 2730 1,3,5,7,15,21,26,35,78,105,130,182,390,546,910,2730
U 5335 10 273 5 2730 1,6,7,10,15,26,39,42,65,70,105,182,273,390,455,2730
U 5342 10 273 5 2730 1,3,10,13,14,30,35,39,42,105,130,182,390,455,546,1365
U 5346 10 279 5 2790 1,2,5,9,10,18,31,45,62,90,155,279,310,558,1395,2790
U 5349 10 297 6 2970 1,2,5,10,11,22,27,54,55,110,135,270,297,594,1485,2970
U 5355 10 321 4 3210 1,2,3,5,6,10,15,30,107,214,321,535,642,1070,1605,3210
U 5359 10 333 6 3330 1,2,5,9,10,18,37,45,74,90,185,333,370,666,1665,3330
U 5366 10 399 3 3990 1,2,3,5,6,7,10,14,15,19,21,30,35,38,42,57,70,95,105,114,133,190,210,266,285,399,570,665,798,1330,1995,3990
U 5370 10 429 4 4290 1,2,3,5,6,10,11,13,15,22,26,30,33,39,55,65,66,78,110,130,143,165,195,286,330,390,429,715,858,1430,2145,4290
U 5372 10 483 5 4830 1,2,3,5,6,7,10,14,15,21,23,30,35,42,46,69,70,105,115,138,161,210,230,322,345,483,690,805,966,1610,2415,4830
U 5374 10 609 5 6090 1,2,3,5,6,7,10,14,15,21,29,30,35,42,58,70,87,105,145,174,203,210,290,406,435,609,870,1015,1218,2030,3045,6090
U 5375 10 627 6 6270 1,2,3,5,6,10,11,15,19,22,30,33,38,55,57,66,95,110,114,165,190,209,285,330,418,570,627,1045,1254,2090,3135,6270
U 6273 14 255 3 3570 1,2,3,5,6,7,10,14,15,17,21,30,34,35,42,51,70,85,102,105,119,170,210,238,255,357,510,595,714,1190,1785,3570
U 6274 14 285 4 3990 1,2,3,5,6,7,10,14,15,19,21,30,35,38,42,57,70,95,105,114,133,190,210,266,285,399,570,665,798,1330,1995,3990
U 6275 14 345 5 4830 1,2,3,5,6,7,10,14,15,21,23,30,35,42,46,69,70,105,115,138,161,210,230,322,345,483,690,805,966,1610,2415,4830
U 7054 15 146 4 2190 1,2,3,5,6,10,15,30,73,146,219,365,438,730,1095,2190
U 7060 15 182 4 2730 1,2,3,5,6,7,10,13,14,15,21,26,30,35,39,42,65,70,78,91,105,130,182,195,210,273,390,455,546,910,1365,2730
U 7064 15 238 5 3570 1,2,3,5,6,7,10,14,15,17,21,30,34,35,42,51,70,85,102,105,119,170,210,238,255,357,510,595,714,1190,1785,3570
U 7549 21 110 3 2310 1,2,3,5,6,7,10,11,14,15,21,22,30,33,35,42,55,66,70,77,105,110,154,165,210,231,330,385,462,770,1155,2310
U 8077 22 123 5 2706 1,2,3,6,11,22,33,41,66,82,123,246,451,902,1353,2706
U 8084 22 195 5 4290 1,2,3,5,6,10,11,13,15,22,26,30,33,39,55,65,66,78,110,130,143,165,195,286,330,390,429,715,858,1430,2145,4290
U 8469 26 165 5 4290 1,2,3,5,6,10,11,13,15,22,26,30,33,39,55,65,66,78,110,130,143,165,195,286,330,390,429,715,858,1430,2145,4290
U 9036 34 69 5 2346 1,2,3,6,17,23,34,46,51,69,102,138,391,782,1173,2346
U 9037 34 75 7 2550 1,2,3,6,17,25,34,50,51,75,102,150,425,850,1275,2550
U 9042 34 105 4 3570 1,2,3,5,6,7,10,14,15,17,21,30,34,35,42,51,70,85,102,105,119,170,210,238,255,357,510,595,714,1190,1785,3570
U 9326 35 78 5 2730 1,2,3,5,6,7,10,13,14,15,21,26,30,35,39,42,65,70,78,91,105,130,182,195,210,273,390,455,546,910,1365,2730
U 9548 38 105 5 3990 1,2,3,5,6,7,10,14,15,19,21,30,35,38,42,57,70,95,105,114,133,190,210,266,285,399,570,665,798,1330,1995,3990
U 9760 39 70 5 2730 1,2,3,5,6,7,10,13,14,15,21,26,30,35,39,42,65,70,78,91,105,130,182,195,210,273,390,455,546,910,1365,2730
U 11590 122 21 5 2562 1,2,3,6,7,14,21,42,61,122,183,366,427,854,1281,2562
U 12186 210 11 3 2310 1,2,3,6,385,770,1155,2310
U 12195 210 11 3 2310 1,2,5,10,231,462,1155,2310
U 12201 210 11 3 2310 1,3,22,35,66,105,770,2310
U 12212 210 11 3 2310 1,10,22,42,55,105,231,2310
U 12234 210 11 3 2310 1,3,10,30,154,385,462,1155
U 12294 210 11 3 2310 1,6,7,42,55,330,385,2310
U 12296 210 11 3 2310 1,5,7,35,66,330,462,2310
U 12369 210 13 3 2730 1,6,13,70,78,105,910,1365
U 12373 210 13 3 2730 1,2,3,6,455,910,1365,2730
U 12379 210 13 3 2730 1,2,21,42,65,130,1365,2730
U 12430 210 13 3 2730 1,5,6,30,182,273,910,1365
U 12458 210 13 3 2730 1,3,7,21,130,390,910,2730
U 12460 210 13 3 2730 1,7,30,39,130,210,273,910
U 12462 210 13 3 2730 1,7,15,78,105,130,546,910
U 12464 210 13 3 2730 1,6,7,42,130,195,910,1365
U 12740 210 19 3 3990 1,3,19,57,70,210,1330,3990
U 12792 210 19 3 3990 1,3,5,15,266,798,1330,3990
U 12894 210 23 3 4830 1,2,7,14,15,23,30,46,105,161,210,322,345,690,2415,4830
U 12899 210 23 3 4830 1,5,6,7,23,30,35,42,115,138,161,210,690,805,966,4830
U 12901 210 23 3 4830 1,2,3,5,6,10,15,30,161,322,483,805,966,1610,2415,4830
U 12902 210 23 3 4830 1,2,3,6,7,14,21,42,115,230,345,690,805,1610,2415,4830
U 12905 210 23 3 4830 1,2,5,10,21,42,69,105,138,161,210,322,345,690,805,1610
U 12919 210 23 3 4830 1,2,15,21,23,30,35,42,46,70,345,483,690,805,966,1610
U 12931 210 29 3 6090 1,5,6,7,29,30,35,42,145,174,203,210,870,1015,1218,6090
U 12936 210 29 3 6090 1,2,5,7,10,14,35,70,87,174,435,609,870,1218,3045,6090
U 12950 210 29 3 6090 1,2,5,10,21,29,42,58,105,145,210,290,609,1218,3045,6090
U 12959 210 31 3 6510 1,3,7,10,21,30,31,70,93,210,217,310,651,930,2170,6510
U 13024 210 53 3 11130 1,2,3,5,6,7,10,14,15,21,30,35,42,53,70,105,106,159,210,265,318,371,530,742,795,1113,1590,1855,2226,3710,5565,11130
U 13029 210 73 4 15330 1,2,3,5,6,7,10,14,15,21,30,35,42,70,73,105,146,210,219,365,438,511,730,1022,1095,1533,2190,2555,3066,5110,7665,15330
U 13395 330 7 3 2310 1,2,21,42,55,110,1155,2310
U 13398 330 7 3 2310 1,2,5,10,231,462,1155,2310
U 13421 330 7 3 2310 1,3,14,42,110,330,385,1155
U 13437 330 7 3 2310 1,3,10,30,154,385,462,1155
U 13468 330 7 3 2310 1,7,10,33,70,231,330,2310
U 13477 330 7 3 2310 1,21,30,33,70,77,110,2310
U 13496 330 7 3 2310 1,5,6,30,77,385,462,2310
U 13497 330 7 3 2310 1,6,7,42,55,330,385,2310
U 13578 330 17 3 5610 1,2,5,10,11,22,51,55,102,110,255,510,561,1122,2805,5610
U 13608 330 19 3 6270 1,2,3,6,11,22,33,66,95,190,285,570,1045,2090,3135,6270
U 13614 330 19 3 6270 1,3,5,11,15,33,38,55,114,165,190,418,570,1254,2090,6270
U 13629 330 19 3 6270 1,6,10,15,19,22,33,55,114,190,285,330,418,627,1045,6270
U 13658 330 23 5 7590 1,3,5,15,22,23,66,69,110,115,330,345,506,1518,2530,7590
U 13664 330 31 3 10230 1,2,3,5,6,10,11,15,22,30,31,33,55,62,66,93,110,155,165,186,310,330,341,465,682,930,1023,1705,2046,3410,5115,10230
U 13892 390 7 3 2730 1,2,7,14,195,390,1365,2730
U 13972 390 11 3 4290 1,2,11,13,15,22,26,30,143,165,195,286,330,390,2145,4290
U 13977 390 11 3 4290 1,5,6,11,13,30,55,65,66,78,143,330,390,715,858,4290
U 13979 390 11 3 4290 1,2,3,5,6,10,15,30,143,286,429,715,858,1430,2145,4290
U 13980 390 11 3 4290 1,2,3,6,11,22,33,65,66,130,195,390,715,1430,2145,4290
U 13982 390 11 3 4290 1,2,5,10,11,22,39,55,78,110,195,390,429,858,2145,4290
U 13991 390 11 3 4290 1,5,6,22,26,30,33,39,110,130,143,165,195,715,858,4290
U 13995 390 11 3 4290 1,2,3,6,13,26,39,55,78,110,165,330,715,1430,2145,4290
U 13998 390 11 3 4290 1,3,5,13,15,22,39,65,66,110,195,286,330,858,1430,4290
U 14001 390 11 3 4290 1,6,10,13,15,22,33,55,78,130,195,286,330,429,715,4290
U 14004 390 17 5 6630 1,2,13,15,17,26,30,34,195,221,255,390,442,510,3315,6630
U 14009 390 17 5 6630 1,5,6,13,17,30,65,78,85,102,221,390,510,1105,1326,6630
U 14024 390 17 5 6630 1,6,10,13,15,34,51,78,85,130,195,442,510,663,1105,6630
U 14027 390 17 5 6630 1,2,3,6,17,34,51,65,102,130,195,390,1105,2210,3315,6630
U 14033 390 17 5 6630 1,6,10,15,17,26,39,65,102,170,255,390,442,663,1105,6630
U 14069 390 31 3 12090 1,2,3,5,6,10,13,15,26,30,31,39,62,65,78,93,130,155,186,195,310,390,403,465,806,930,1209,2015,2418,4030,6045,12090
U 14230 462 5 3 2310 1,2,3,6,385,770,1155,2310
U 14233 462 5 3 2310 1,2,33,35,66,70,1155,2310
U 14276 462 5 3 2310 1,3,55,70,154,165,210,462
U 14280 462 5 3 2310 1,15,33,42,55,70,154,2310
U 14286 462 5 3 2310 1,10,21,66,154,165,210,385
U 14290 462 5 3 2310 1,6,10,15,154,231,385,2310
U 14387 462 13 3 6006 1,2,7,11,14,22,39,77,78,154,273,429,546,858,3003,6006
U 14394 462 13 3 6006 1,3,14,22,26,42,66,77,78,91,143,231,273,429,2002,6006
U 14411 462 25 6 11550 1,2,3,6,7,11,14,21,22,25,33,42,50,66,75,77,150,154,175,231,275,350,462,525,550,825,1050,1650,1925,3850,5775,11550
U 14547 510 11 3 5610 1,2,3,5,6,10,15,30,187,374,561,935,1122,1870,2805,5610
U 14564 510 11 3 5610 1,2,5,10,17,33,34,66,85,165,170,330,561,1122,2805,5610
U 14579 510 13 5 6630 1,2,3,5,6,10,15,30,221,442,663,1105,1326,2210,3315,6630
U 14603 510 19 4 9690 1,2,3,5,6,10,15,17,19,30,34,38,51,57,85,95,102,114,170,190,255,285,323,510,570,646,969,1615,1938,3230,4845,9690
U 14605 510 29 5 14790 1,2,3,5,6,10,15,17,29,30,34,51,58,85,87,102,145,170,174,255,290,435,493,510,870,986,1479,2465,2958,4930,7395,14790
U 14748 546 5 3 2730 1,5,21,26,105,130,546,2730
U 14772 546 5 3 2730 1,3,5,15,182,546,910,2730
U 14809 546 5 3 2730 1,6,10,15,91,546,910,1365
U 15012 570 11 5 6270 1,2,11,15,19,22,30,38,165,209,285,330,418,570,3135,6270
U 15019 570 11 5 6270 1,2,3,5,6,10,15,30,209,418,627,1045,1254,2090,3135,6270
U 15031 570 11 5 6270 1,5,6,22,30,33,38,57,110,165,190,209,285,1045,1254,6270
U 15032 570 11 5 6270 1,6,10,11,15,38,57,66,95,110,165,418,570,627,1045,6270
U 15038 570 11 5 6270 1,3,5,15,19,22,57,66,95,110,285,330,418,1254,2090,6270
U 15041 570 11 4 6270 1,6,10,15,19,22,33,55,114,190,285,330,418,627,1045,6270
U 15144 690 7 3 4830 1,3,7,10,21,30,46,70,115,138,210,322,345,805,966,2415
U 15151 690 7 3 4830 1,2,3,6,23,35,46,69,70,105,138,210,805,1610,2415,4830
U 15157 690 7 3 4830 1,6,10,14,15,21,23,35,138,210,230,322,345,483,805,4830
U 15160 690 13 3 8970 1,2,3,5,6,10,13,15,23,26,30,39,46,65,69,78,115,130,138,195,230,299,345,390,598,690,897,1495,1794,2990,4485,8970
U 15162 690 19 5 13110 1,2,3,5,6,10,15,19,23,30,38,46,57,69,95,114,115,138,190,230,285,345,437,570,690,874,1311,2185,2622,4370,6555,13110
U 15241 714 5 3 3570 1,2,3,5,6,10,15,30,119,238,357,595,714,1190,1785,3570
U 15244 714 5 3 3570 1,2,5,7,10,14,35,51,70,102,255,357,510,714,1785,3570
U 15246 714 5 3 3570 1,2,7,14,15,30,51,85,102,105,170,210,357,595,714,1190
U 15250 714 5 3 3570 1,3,7,10,21,30,34,70,85,102,210,238,255,595,714,1785
U 15253 714 5 3 3570 1,5,6,14,21,30,34,51,70,105,119,170,255,595,714,3570
U 15255 714 5 3 3570 1,6,10,14,15,21,34,35,51,85,119,210,510,714,1190,1785
U 15260 714 5 3 3570 1,3,5,14,15,17,42,51,70,85,210,238,255,714,1190,3570
U 15261 714 5 3 3570 1,3,10,14,17,30,35,42,51,105,170,238,510,595,714,1785
U 15412 770 3 3 2310 1,3,14,42,55,165,770,2310
U 15460 770 3 3 2310 1,3,10,30,77,231,770,2310
U 15462 770 3 3 2310 1,10,21,33,77,210,330,770
U 15464 770 3 3 2310 1,6,10,15,77,462,770,1155
U 15466 770 3 3 2310 1,10,42,66,77,105,165,770
U 15528 770 9 4 6930 1,2,5,7,9,10,11,14,18,22,35,45,55,63,70,77,90,99,110,126,154,198,315,385,495,630,693,770,990,1386,3465,6930
U 15600 798 5 3 3990 1,3,7,10,19,21,30,57,70,133,190,210,399,570,1330,3990
U 15606 798 5 3 3990 1,2,3,5,6,10,15,30,133,266,399,665,798,1330,1995,3990
U 15607 798 5 3 3990 1,2,3,6,7,14,21,42,95,190,285,570,665,1330,1995,3990
U 15613 798 5 3 3990 1,3,5,7,15,21,35,38,105,114,190,266,570,798,1330,3990
U 15616 798 5 3 3990 1,3,10,14,30,35,38,42,95,105,114,133,285,399,1330,3990
U 15630 798 11 3 8778 1,2,3,6,7,11,14,19,21,22,33,38,42,57,66,77,114,133,154,209,231,266,399,418,462,627,798,1254,1463,2926,4389,8778
U 15710 858 5 3 4290 1,2,3,5,6,10,15,30,143,286,429,715,858,1430,2145,4290
U 15723 858 5 3 4290 1,6,10,11,15,26,39,65,66,110,165,286,390,429,715,4290
U 15732 858 5 3 4290 1,6,10,13,15,22,33,55,78,130,195,286,330,429,715,4290
U 15842 870 7 5 6090 1,2,3,5,6,10,15,30,203,406,609,1015,1218,2030,3045,6090
U 15859 870 7 4 6090 1,2,5,10,21,29,42,58,105,145,210,290,609,1218,3045,6090
U 15861 870 7 5 6090 1,3,5,14,15,29,42,70,87,145,210,406,435,1218,2030,6090
U 15866 870 11 4 9570 1,2,3,5,6,10,11,15,22,29,30,33,55,58,66,87,110,145,165,174,290,319,330,435,638,870,957,1595,1914,3190,4785,9570
U 15923 910 3 3 2730 1,2,7,13,14,15,26,30,91,105,182,195,210,390,1365,2730
U 15932 910 3 3 2730 1,2,3,6,35,65,70,91,105,130,182,195,210,273,390,546
U 15939 910 3 3 2730 1,3,7,10,21,26,30,65,70,78,182,195,210,455,546,1365
U 15943 910 3 3 2730 1,6,7,10,15,26,39,42,65,70,105,182,273,390,455,2730
U 15949 910 3 3 2730 1,3,5,13,14,15,39,42,65,70,182,195,210,546,910,2730
U 15951 910 3 3 2730 1,5,6,13,14,21,30,65,70,78,105,182,273,390,910,1365
U 15952 910 3 3 2730 1,6,10,13,14,15,21,35,78,130,182,195,210,273,455,2730
U 15954 910 9 5 8190 1,2,5,7,9,10,13,14,18,26,35,45,63,65,70,90,91,117,126,130,182,234,315,455,585,630,819,910,1170,1638,4095,8190
U 16027 930 7 5 6510 1,3,7,10,21,30,31,70,93,210,217,310,651,930,2170,6510
U 16057 930 11 3 10230 1,2,3,5,6,10,11,15,22,30,31,33,55,62,66,93,110,155,165,186,310,330,341,465,682,930,1023,1705,2046,3410,5115,10230
U 16058 930 13 4 12090 1,2,3,5,6,10,13,15,26,30,31,39,62,65,78,93,130,155,186,195,310,390,403,465,806,930,1209,2015,2418,4030,6045,12090
U 16132 966 5 3 4830 1,5,6,14,21,30,46,69,70,105,161,230,345,805,966,4830
U 16138 966 5 3 4830 1,2,15,21,23,30,35,42,46,70,345,483,690,805,966,1610
U 16144 966 11 5 10626 1,2,3,6,7,11,14,21,22,23,33,42,46,66,69,77,138,154,161,231,253,322,462,483,506,759,966,1518,1771,3542,5313,10626
U 16145 966 13 5 12558 1,2,3,6,7,13,14,21,23,26,39,42,46,69,78,91,138,161,182,273,299,322,483,546,598,897,966,1794,2093,4186,6279,12558
U 16251 1122 5 5 5610 1,2,11,15,17,22,30,34,165,187,255,330,374,510,2805,5610
U 16274 1122 5 5 5610 1,2,3,6,17,34,51,55,102,110,165,330,935,1870,2805,5610
U 16335 1155 2 3 2310 1,2,7,11,14,15,22,30,77,105,154,165,210,330,1155,2310
U 16350 1155 2 3 2310 1,3,5,14,15,22,42,66,70,77,110,210,231,330,385,1155
U 16420 1190 3 3 3570 1,3,7,10,17,21,30,51,70,119,170,210,357,510,1190,3570
U 16421 1190 3 3 3570 1,6,7,10,15,17,42,70,102,105,119,170,255,714,1190,1785
U 16427 1190 3 3 3570 1,2,3,6,7,14,21,42,85,170,255,510,595,1190,1785,3570
U 16431 1190 3 3 3570 1,2,7,14,15,30,51,85,102,105,170,210,357,595,714,1190
U 16433 1190 3 3 3570 1,3,5,7,15,21,34,35,102,105,170,238,510,714,1190,3570
U 16437 1190 3 3 3570 1,5,6,7,30,34,35,42,51,170,210,238,255,357,1190,1785
U 16659 1290 7 4 9030 1,2,3,5,6,7,10,14,15,21,30,35,42,43,70,86,105,129,210,215,258,301,430,602,645,903,1290,1505,1806,3010,4515,9030
U 16763 1326 5 3 6630 1,2,3,5,6,10,13,15,17,26,30,34,39,51,65,78,85,102,130,170,195,221,255,390,442,510,663,1105,1326,2210,3315,6630
U 16824 1330 3 5 3990 1,2,3,5,6,10,15,30,133,266,399,665,798,1330,1995,3990
U 16840 1330 3 5 3990 1,2,3,6,19,35,38,57,70,105,114,210,665,1330,1995,3990
U 16866 1365 2 5 2730 1,3,7,10,13,21,30,39,70,91,130,210,273,390,910,2730
U 16879 1365 2 5 2730 1,3,5,7,15,21,26,35,78,105,130,182,390,546,910,2730
U 17084 1482 5 3 7410 1,2,3,5,6,10,13,15,19,26,30,38,39,57,65,78,95,114,130,190,195,247,285,390,494,570,741,1235,1482,2470,3705,7410
U 17190 1554 5 3 7770 1,2,3,5,6,7,10,14,15,21,30,35,37,42,70,74,105,111,185,210,222,259,370,518,555,777,1110,1295,1554,2590,3885,7770
U 17242 1590 7 5 11130 1,2,3,5,6,7,10,14,15,21,30,35,42,53,70,105,106,159,210,265,318,371,530,742,795,1113,1590,1855,2226,3710,5565,11130
U 17259 1610 3 3 4830 1,2,3,5,6,7,10,14,15,21,23,30,35,42,46,69,70,105,115,138,161,210,230,322,345,483,690,805,966,1610,2415,4830
U 17311 1722 5 3 8610 1,2,3,5,6,7,10,14,15,21,30,35,41,42,70,82,105,123,205,210,246,287,410,574,615,861,1230,1435,1722,2870,4305,8610
U 17380 1785 2 3 3570 1,2,3,5,6,7,10,14,15,17,21,30,34,35,42,51,70,85,102,105,119,170,210,238,255,357,510,595,714,1190,1785,3570
U 17397 1794 5 5 8970 1,2,3,5,6,10,13,15,23,26,30,39,46,65,69,78,115,130,138,195,230,299,345,390,598,690,897,1495,1794,2990,4485,8970
U 17483 1870 3 3 5610 1,2,3,5,6,10,11,15,17,22,30,33,34,51,55,66,85,102,110,165,170,187,255,330,374,510,561,935,1122,1870,2805,5610
U 17500 1914 5 4 9570 1,2,3,5,6,10,11,15,22,29,30,33,55,58,66,87,110,145,165,174,290,319,330,435,638,870,957,1595,1914,3190,4785,9570
U 17517 1938 5 5 9690 1,2,3,5,6,10,15,17,19,30,34,38,51,57,85,95,102,114,170,190,255,285,323,510,570,646,969,1615,1938,3230,4845,9690
U 17601 2030 3 3 6090 1,2,3,5,6,7,10,14,15,21,29,30,35,42,58,70,87,105,145,174,203,210,290,406,435,609,870,1015,1218,2030,3045,6090
U 17635 2090 3 4 6270 1,2,3,5,6,10,11,15,19,22,30,33,38,55,57,66,95,110,114,165,190,209,285,330,418,570,627,1045,1254,2090,3135,6270
U 17771 2370 1 3 2370 1,2,5,10,237,474,1185,2370
U 17789 2418 1 4 2418 1,2,13,26,93,186,1209,2418
U 17839 2478 1 3 2478 1,2,21,42,177,354,413,826
U 17853 2490 1 3 2490 1,2,3,6,415,830,1245,2490
U 17857 2490 1 3 2490 1,3,10,30,166,415,498,1245
U 17861 2490 1 3 2490 1,2,15,30,83,166,1245,2490
U 17939 2622 1 4 2622 1,3,19,46,57,138,874,2622
U 17955 2670 1 3 2670 1,3,5,15,178,534,890,2670
U 17960 2670 1 3 2670 1,2,15,30,89,178,1335,2670
U 17972 2706 1 3 2706 1,3,22,66,82,246,451,1353
U 17994 2814 1 5 2814 1,2,21,42,67,134,1407,2814
U 18032 2870 3 5 8610 1,2,3,5,6,7,10,14,15,21,30,35,41,42,70,82,105,123,205,210,246,287,410,574,615,861,1230,1435,1722,2870,4305,8610
U 18054 2910 1 3 2910 1,3,5,15,194,582,970,2910
U 18092 2982 1 5 2982 1,2,21,42,71,142,1491,2982
U 18117 3045 1 3 3045 1,3,5,7,15,21,29,35,87,105,145,203,435,609,1015,3045
U 18128 3066 1 5 3066 1,2,21,42,73,146,1533,3066
U 18150 3094 1 3 3094 1,2,7,13,14,17,26,34,91,119,182,221,238,442,1547,3094
U 18204 3210 1 4 3210 1,2,5,10,321,642,1605,3210
U 18207 3210 1 5 3210 1,3,10,30,214,535,642,1605
U 18215 3210 1 5 3210 1,5,6,30,107,535,642,3210
U 18261 3390 1 5 3390 1,3,10,30,226,565,678,1695
U 18269 3390 1 4 3390 1,5,6,30,113,565,678,3390
U 18281 3770 1 3 3770 1,2,5,10,13,26,29,58,65,130,145,290,377,754,1885,3770
U 18296 4130 1 3 4130 1,2,5,7,10,14,35,59,70,118,295,413,590,826,2065,4130
U 18299 4182 1 3 4182 1,2,3,6,17,34,41,51,82,102,123,246,697,1394,2091,4182
U 18308 4386 1 3 4386 1,2,3,6,17,34,43,51,86,102,129,258,731,1462,2193,4386
U 18309 4422 1 3 4422 1,2,3,6,11,22,33,66,67,134,201,402,737,1474,2211,4422
U 18311 4470 1 3 4470 1,2,3,5,6,10,15,30,149,298,447,745,894,1490,2235,4470
U 18313 4510 1 4 4510 1,2,5,10,11,22,41,55,82,110,205,410,451,902,2255,4510
U 18364 6042 1 5 6042 1,2,3,6,19,38,53,57,106,114,159,318,1007,2014,3021,6042
