U 379 1 84 5 84 1,3
U 436 1 93 5 93 1,31
U 785 1 165 4 165 1,5,11,55
U 836 1 180 5 180 1,5,36,180
U 840 1 180 5 180 1,9,20,180
U 841 1 180 5 180 1,20,36,45
U 896 1 198 5 198 1,9,11,99
U 1229 1 330 4 330 1,6,10,11,15,66,110,165
U 1247 1 370 4 370 1,2,5,10,37,74,185,370
U 1272 1 396 5 396 1,4,9,11,36,44,99,396
U 1414 1 570 4 570 1,2,3,5,6,10,15,19,30,38,57,95,114,190,285,570
U 1434 1 630 5 630 1,2,5,7,9,10,14,18,35,45,63,70,90,126,315,630
U 1437 1 714 5 714 1,2,3,6,7,14,17,21,34,42,51,102,119,238,357,714
U 3263 6 229 4 1374 1,6,229,1374
U 3448 6 299 5 1794 1,6,13,46,69,78,598,897
U 3501 6 319 4 1914 1,6,22,33,58,87,319,1914
U 3503 6 319 4 1914 1,2,29,33,58,66,957,1914
U 3527 6 325 6 1950 1,2,3,6,325,650,975,1950
U 3533 6 325 6 1950 1,6,26,39,50,75,325,1950
U 3539 6 325 6 1950 1,6,13,25,78,150,325,1950
U 3543 6 329 5 1974 1,2,3,6,329,658,987,1974
U 3548 6 329 5 1974 1,6,7,42,94,141,658,987
U 3549 6 329 5 1974 1,6,14,21,94,141,329,1974
U 3569 6 335 4 2010 1,3,10,30,67,201,670,2010
U 3580 6 341 4 2046 1,3,11,33,62,186,682,2046
U 3587 6 341 5 2046 1,6,22,31,33,186,682,1023
U 3598 6 355 4 2130 1,2,5,10,213,426,1065,2130
U 3600 6 355 5 2130 1,3,5,15,142,426,710,2130
U 3601 6 355 5 2130 1,3,10,30,142,355,426,1065
U 3609 6 355 4 2130 1,5,6,30,71,355,426,2130
U 3658 6 377 5 2262 1,3,26,29,78,87,754,2262
U 4783 10 87 5 870 1,5,58,290
U 4812 10 87 5 870 1,30,87,290
U 4990 10 117 5 1170 1,2,5,10,117,234,585,1170
U 4991 10 117 5 1170 1,2,45,65,90,117,130,234
U 4994 10 117 5 1170 1,5,18,26,90,117,130,585
U 4995 10 117 5 1170 1,10,18,26,45,65,117,1170
U 4997 10 117 5 1170 1,2,13,26,45,90,585,1170
U 5001 10 117 5 1170 1,5,13,18,65,90,234,1170
U 5023 10 123 5 1230 1,2,5,10,123,246,615,1230
U 5031 10 123 4 1230 1,3,10,30,41,123,410,1230
U 5102 10 143 5 1430 1,10,11,13,110,130,143,1430
U 5112 10 147 4 1470 1,6,10,15,98,147,245,1470
U 5179 10 171 7 1710 1,5,9,38,45,190,342,1710
U 5226 10 189 4 1890 1,2,5,7,10,14,27,35,54,70,135,189,270,378,945,1890
U 5642 14 33 5 462 1,2,11,22
U 5654 14 33 5 462 1,2,21,42
U 5751 14 41 5 574 1,2,41,82
U 5752 14 41 4 574 1,14,41,574
U 5824 14 47 4 658 1,14,94,329
U 6083 14 81 4 1134 1,2,7,14,81,162,567,1134
U 6112 14 87 5 1218 1,3,14,29,42,87,406,1218
U 6115 14 87 4 1218 1,6,7,29,42,174,203,1218
U 6154 14 99 5 1386 1,2,7,14,99,198,693,1386
U 6165 14 99 5 1386 1,7,11,18,77,126,198,1386
U 6211 14 135 4 1890 1,2,5,7,10,14,27,35,54,70,135,189,270,378,945,1890
U 6232 14 165 5 2310 1,2,3,6,7,14,21,42,55,110,165,330,385,770,1155,2310
U 6241 14 165 5 2310 1,3,10,14,22,30,35,42,55,66,77,105,165,231,770,2310
U 6249 14 165 5 2310 1,2,11,15,21,22,30,35,42,70,165,231,330,385,462,770
U 6615 15 28 5 420 1,7,12,84
U 6616 15 28 4 420 1,7,60,420
U 6617 15 28 5 420 1,3,7,21
U 7292 21 20 5 420 1,15,28,420
U 7300 21 20 5 420 1,15,84,140
U 7538 21 74 4 1554 1,2,3,6,7,14,21,37,42,74,111,222,259,518,777,1554
U 7803 22 25 5 550 1,22,25,550
U 7810 22 27 4 594 1,2,297,594
U 7926 22 45 4 990 1,5,9,22,45,110,198,990
U 7932 22 45 4 990 1,9,10,11,90,99,110,990
U 8032 22 75 4 1650 1,2,3,6,11,22,25,33,50,66,75,150,275,550,825,1650
U 8039 22 93 4 2046 1,2,3,6,11,22,31,33,62,66,93,186,341,682,1023,2046
U 8050 22 105 5 2310 1,2,3,6,7,14,21,42,55,110,165,330,385,770,1155,2310
U 8054 22 105 5 2310 1,2,7,14,15,30,33,55,66,105,110,210,231,385,462,770
U 8056 22 105 5 2310 1,3,5,7,15,21,22,35,66,105,110,154,330,462,770,2310
U 8345 26 33 5 858 1,3,11,26,33,78,286,858
U 8361 26 35 4 910 1,5,7,26,35,130,182,910
U 8363 26 35 5 910 1,7,10,26,65,70,182,455
U 8388 26 45 5 1170 1,9,10,26,65,90,234,585
U 8408 26 51 4 1326 1,6,26,34,39,51,221,1326
U 8456 26 75 4 1950 1,2,3,6,13,25,26,39,50,75,78,150,325,650,975,1950
U 8460 26 87 5 2262 1,2,3,6,13,26,29,39,58,78,87,174,377,754,1131,2262
U 8711 33 25 4 825 1,3,11,25,33,75,275,825
U 8771 33 50 6 1650 1,2,3,6,11,22,25,33,50,66,75,150,275,550,825,1650
U 8877 34 15 5 510 1,5,34,170
U 8931 34 19 5 646 1,17,38,646
U 8966 34 27 4 918 1,2,17,27,34,54,459,918
U 9003 34 35 5 1190 1,5,14,17,70,85,238,1190
U 9020 34 39 5 1326 1,3,17,26,51,78,442,1326
U 9023 34 39 4 1326 1,6,13,17,78,102,221,1326
R 9255 35 18 5 630 1,2,9,18,35,70,315,630
U 9350 38 5 5 190 1,38
U 9503 38 31 4 1178 1,2,19,31,38,62,589,1178
U 9753 39 35 4 1365 1,3,5,7,13,15,21,35,39,65,91,105,195,273,455,1365
U 9755 39 38 4 1482 1,2,3,6,13,19,26,38,39,57,78,114,247,494,741,1482
U 9756 39 40 5 1560 1,3,5,8,13,15,24,39,40,65,104,120,195,312,520,1560
U 9813 46 9 4 414 1,18,23,414
U 9816 46 9 4 414 1,2,207,414
U 10423 58 39 5 2262 1,2,3,6,13,26,29,39,58,78,87,174,377,754,1131,2262
U 10504 62 15 5 930 1,3,5,15,62,186,310,930
U 10513 62 15 4 930 1,5,6,30,31,155,186,930
U 10721 69 10 4 690 1,6,10,15,46,69,115,690
U 10785 74 9 5 666 1,9,74,666
U 10803 74 15 5 1110 1,3,10,30,74,185,222,555
U 10810 74 15 5 1110 1,2,5,10,37,74,185,370
U 11073 86 11 4 946 1,2,11,22,43,86,473,946
U 11243 93 14 4 1302 1,2,3,6,7,14,21,31,42,62,93,186,217,434,651,1302
U 11286 94 21 4 1974 1,2,3,6,7,14,21,42,47,94,141,282,329,658,987,1974
U 11589 122 15 5 1830 1,2,3,5,6,10,15,30,61,122,183,305,366,610,915,1830
U 11695 134 9 5 1206 1,2,9,18,67,134,603,1206
U 11698 134 15 5 2010 1,2,3,5,6,10,15,30,67,134,201,335,402,670,1005,2010
U 11740 142 15 4 2130 1,2,3,5,6,10,15,30,71,142,213,355,426,710,1065,2130
U 11814 146 15 5 2190 1,2,3,5,6,10,15,30,73,146,219,365,438,730,1095,2190
U 11837 155 6 4 930 1,2,3,5,6,10,15,30,31,62,93,155,186,310,465,930
U 13687 346 3 5 1038 1,2,3,6,173,346,519,1038
U 16856 1365 1 5 1365 1,15,21,35,39,65,91,1365
U 17471 1870 1 5 1870 1,2,55,85,110,170,187,374
U 17562 2002 1 4 2002 1,2,13,26,77,154,1001,2002
U 17593 2030 1 4 2030 1,10,14,35,58,145,203,2030
U 17599 2030 1 4 2030 1,7,10,29,70,203,290,2030
