# CurveID D N g W q h tr   (twisted trace, min-q counted violation; U and R curves)
1262 1 390 5 1,5,6,26,30,39,130,195 7 w2 -10
1838 6 55 3 1,2,15,30 13 w11 -16
1917 6 65 3 1,5,26,130 7 w3 -10
2555 6 133 4 1,19,42,798 5 w3 -8
2556 6 133 5 1,3,19,57 5 w14 -10
2558 6 133 5 1,3,7,21 5 w38 -10
2559 6 133 5 1,3,133,399 5 w2 -10
2561 6 133 5 1,21,57,133 11 w3 -14
2568 6 133 4 1,21,38,798 5 w3 -8
2585 6 133 3 1,3,14,38,42,114,133,399 5 w2 -8
2644 6 143 3 1,6,286,429 5 w2 -8
2996 6 187 7 1,66,102,187 5 w6 -10
3031 6 187 3 1,6,11,34,51,66,374,561 7 w2 -10
3504 6 319 5 1,3,22,29,66,87,638,1914 7 w2 -10
3565 6 335 5 1,5,6,30,134,201,670,1005 7 w2 -12
4190 10 27 4 1,270 7 w10 -12
5124 10 153 5 1,2,9,18,85,170,765,1530 7 V3*w5 -12
5133 10 153 5 1,9,10,17,90,153,170,1530 7 V3*w2 -12
5180 10 171 7 1,9,10,38,90,95,342,855 7 V3*w2 -16
5529 14 17 5 1,34 3 w7 -8
5537 14 17 3 1,7,17,119 5 w2 -8
5635 14 33 4 1,2,77,154 5 w3 -8
5637 14 33 5 1,14,22,77 5 w2 -10
5639 14 33 4 1,6,77,462 5 w2 -8
5641 14 33 5 1,42,66,77 5 w6 -10
5649 14 33 5 1,3,77,231 5 w2 -10
5655 14 33 5 1,2,231,462 5 w3 -10
5675 14 33 3 1,3,14,22,42,66,77,231 5 w2 -8
5820 14 47 4 1,7,47,329 5 w2 -8
5875 14 51 3 1,6,7,17,42,102,119,714 5 w2 -8
6247 14 165 5 1,2,3,6,11,22,33,35,66,70,105,210,385,770,1155,2310 13 w5 -16
7296 21 20 7 1,12,15,20 17 w3 -20
7923 22 45 5 1,2,9,18,55,110,495,990 13 V3*w5 -18
8362 26 35 4 1,5,14,26,70,91,130,455 3 w2 -6
8364 26 35 4 1,10,14,26,35,65,91,910 3 w2 -6
8387 26 45 5 1,5,9,26,45,130,234,1170 7 V3*w1 -12
8478 33 2 3 1,6 7 w22 -10
8494 33 4 5 1,12 5 w11 -10
8495 33 4 4 1,132 5 w11 -8
8496 33 4 5 1,3 7 w11 -10
8505 33 4 3 1,12,33,44 5 w3 -8
8558 33 10 3 1,6,55,330 7 w10 -10
8604 33 13 5 1,3,13,39 2 w11 -5
8723 33 26 5 1,3,13,22,39,66,286,858 5 w2 -8
8784 34 3 3 1,2 11 w17 -16
8865 34 13 5 1,221 3 w2 -6
8873 34 13 3 1,26,34,221 5 w2 -8
9017 34 39 5 1,6,26,34,39,51,221,1326 5 w2 -8
9165 35 8 5 1,8,35,280 3 V2*w1 -8
9351 38 5 5 1,10 11 w19 -20
9354 38 5 5 1,95 11 w5 -20
9771 46 3 3 1,3 5 w46 -8
9949 51 7 5 1,3,17,51 11 w7 -16
10362 58 9 5 1,9,29,261 7 V3*w2 -12
10689 69 4 4 1,12,23,276 11 w3 -14
10778 74 7 5 1,14,74,259 13 w2 -18
11108 87 5 5 1,15,29,435 7 w3 -10
11257 94 3 3 1,6,47,282 5 w2 -8
11258 94 3 3 1,3,47,141 5 w2 -8
11443 115 3 5 1,5,23,115 7 w3 -12
11482 118 3 3 1,3,59,177 5 w2 -8
11716 142 1 5 1 3 w142 -8
11719 142 1 3 1,71 3 w2 -6
11722 142 3 3 1,6,71,426 5 w2 -8
11730 142 5 5 1,10,71,710 3 w2 -6
11904 166 3 4 1,3,83,249 5 w2 -8
13031 213 1 5 1,3 2 w71 -5
13040 213 2 5 1,3,142,426 11 w2 -14
13113 226 1 3 1,113 5 w2 -8
13116 226 3 5 1,6,113,678 5 w2 -7
16849 1365 1 5 1,3,5,7,15,21,35,105 11 w13 -14
16860 1365 1 5 1,13,15,21,35,195,273,455 2 w3 -5
16861 1365 1 5 1,3,7,13,21,39,91,273 2 w5 -5
17476 1870 1 5 1,2,5,10,17,34,85,170 3 w11 -6
