15 146
6 385
10 231
21 110
210 11
330 7
462 5
770 3
1155 2
34 69
2370 1
6 403
2418 1
6 413
2478 1
10 249
2490 1
34 75
122 21
2622 1
6 445
10 267
2670 1
22 123
2706 1
6 455
10 273
15 182
35 78
39 70
210 13
390 7
546 5
910 3
1365 2
10 279
2814 1
6 475
6 485
2910 1
10 297
2982 1
3045 1
3066 1
3094 1
6 535
10 321
3210 1
10 333
6 565
3390 1
6 575
6 595
14 255
15 238
34 105
714 5
1190 3
1785 2
6 605
6 623
3770 1
6 649
6 655
6 665
10 399
14 285
38 105
210 19
798 5
1330 3
4130 1
4182 1
10 429
22 195
26 165
390 11
858 5
6 725
4386 1
4422 1
6 745
4470 1
4510 1
6 803
6 805
10 483
14 345
210 23
690 7
966 5
1610 3
6 935
330 17
510 11
1122 5
1870 3
462 13
6042 1
6 1015
10 609
210 29
870 7
2030 3
6 1045
10 627
330 19
570 11
2090 3
6 1085
210 31
930 7
6 1105
390 17
510 13
1326 5
770 9
6 1235
1482 5
6 1265
330 23
6 1295
1554 5
910 9
1722 5
2870 3
798 11
690 13
1794 5
1290 7
870 11
1914 5
510 19
1938 5
330 31
930 11
966 11
210 53
1590 7
462 25
390 31
930 13
966 13
690 19
510 29
210 73
