1 84 61
1 93 61
1 165 61
1 180 61
38 5 61
1 198 61
1 330 61
1 370 61
1 396 61
46 9 61
15 28 61
21 20 61
14 33 61
34 15 61
22 25 61
1 570 61
14 41 61
22 27 61
1 630 61
35 18 61
34 19 61
14 47 61
74 9 61
69 10 61
1 714 61
33 25 61
26 33 61
10 87 61
26 35 61
34 27 61
62 15 61
155 6 61
86 11 61
22 45 61
346 3 61
74 15 61
14 81 61
10 117 61
26 45 61
38 31 61
34 35 61
134 9 61
14 87 61
10 123 61
93 14 61
26 51 61
34 39 61
39 35 61
1365 1 61
6 229 61
14 99 61
10 143 61
10 147 61
39 38 61
21 74 61
39 40 61
22 75 61
33 50 61
10 171 61
6 299 61
122 15 67
1870 1 61
10 189 61
14 135 61
6 319 61
6 325 61
26 75 61
6 329 61
94 21 61
2002 1 61
6 335 61
134 15 61
2030 1 61
6 341 61
22 93 61
6 355 61
142 15 61
146 15 61
6 377 61
26 87 61
58 39 61
14 165 61
22 105 61
