FINAL CENSUS  (data/curves_after_UpdateCurves8.dat)
================================================================
Total AL quotients         : 18379
  proved sub-hyperelliptic : 5847
  ruled out (not subhyp)   : 12359
  open (undetermined)      : 173

Proved sub-hyperelliptic, by type
---------------------------------
  P^1 (genus 0)         : 905
  elliptic (genus 1)    : 1518
  hyperelliptic (g>=2)  : 3424

Hyperelliptic quotients, by genus
---------------------------------
  genus 2 : 1725
  genus 3 : 870
  genus 4 : 373
  genus 5 : 260
  genus 6 : 86
  genus 7 : 74
  genus 8 : 18
  genus 9 : 13
  genus 10 : 4
  genus 11 : 1

Genus distribution over ALL 18379 quotients (proved / ruled / open)
  genus  total    proved   ruled    open    
  0      905      905      0        0       
  1      1518     1518     0        0       
  2      1725     1725     0        0       
  3      2181     870      1194     117     
  4      2271     373      1875     23      
  5      2395     260      2113     22      
  6      2117     86       2023     8       
  7      1974     74       1897     3       
  8      1257     18       1239     0       
  9      1075     13       1062     0       
  10     538      4        534      0       
  11     289      1        288      0       
  12     25       0        25       0       
  13     32       0        32       0       
  14     7        0        7        0       
  15     6        0        6        0       
  17     7        0        7        0       
  18     3        0        3        0       
  19     16       0        16       0       
  20     10       0        10       0       
  21     15       0        15       0       
  22     11       0        11       0       
  23     2        0        2        0       

Attribution: which test recorded the determination (ruled-out curves)
--------------------------------------------------------------------
  ALFixedPointsOnQuotient,                      : 8175
  Trace,                                        : 1262
  DualGraph                                     : 899
  UpwardClosure                                 : 552
  ComplicatedALFixedPointsOnQuotient            : 316
  SpecialFiber                                  : 234
  SpecialFiberCM                                : 231
  SpecialFiberD6                                : 153
  UpdateIsoStatus,                              : 114
  SpecialFiberIsomorphism,                      : 97
  SpecialFiberD10                               : 89
  AutomorphismGroup                             : 63
  WeilPolynomial                                : 49
  ModularNonALInvolution                        : 39
  SpecialFiberD22                               : 25
  TwistedTrace,                                 : 25
  DegeneracyMorphism                            : 18
  TwistedWeilPolynomial                         : 14
  GeneralizedComplicatedFixedPoints:            : 4

Attribution: which test recorded the determination (proved subhyp)
------------------------------------------------------------------
  GenusLt3                                      : 4148
  HyperellipticALInvolution                     : 1648
  ModularNonALInvolution                        : 34
  Genus3CoverGenus2                             : 16
  UpdateIsoStatus,                              : 1

OPEN (undetermined) cases — full list
=====================================
count = 173
  D      N      g      W                             
  1      84     3      [ 1, 12, 21, 28 ]             
  1      96     3      [ 1, 32 ]                     
  1      96     3      [ 1, 96 ]                     
  1      114    3      [ 1, 2, 19, 38 ]              
  1      120    3      [ 1, 3, 5, 15 ]               
  1      130    3      [ 1, 2, 13, 26 ]              
  1      130    3      [ 1, 5, 26, 130 ]             
  1      156    3      [ 1, 12, 39, 52 ]             
  1      165    4      [ 1, 5, 11, 55 ]              
  1      180    5      [ 1, 5, 36, 180 ]             
  1      180    5      [ 1, 20, 36, 45 ]             
  1      195    3      [ 1, 5, 39, 195 ]             
  1      210    3      [ 1, 3, 10, 14, 30, 35, 42, 105 ]
  1      210    3      [ 1, 2, 5, 7, 10, 14, 35, 70 ]
  1      210    3      [ 1, 5, 6, 7, 30, 35, 42, 210 ]
  1      240    3      [ 1, 3, 5, 15, 16, 48, 80, 240 ]
  1      294    3      [ 1, 2, 3, 6, 49, 98, 147, 294 ]
  1      330    4      [ 1, 6, 10, 11, 15, 66, 110, 165 ]
  1      510    3      [ 1, 2, 3, 5, 6, 10, 15, 17, 30, 34, 51, 85, 102, 170, 255, 510 ]
  1      570    4      [ 1, 2, 3, 5, 6, 10, 15, 19, 30, 38, 57, 95, 114, 190, 285, 570 ]
  1      630    5      [ 1, 2, 5, 7, 9, 10, 14, 18, 35, 45, 63, 70, 90, 126, 315, 630 ]
  1      714    5      [ 1, 2, 3, 6, 7, 14, 17, 21, 34, 42, 51, 102, 119, 238, 357, 714 ]
  6      35     3      [ 1, 3, 5, 15 ]               
  6      35     3      [ 1, 5, 7, 35 ]               
  6      169    3      [ 1, 6, 169, 1014 ]           
  6      175    3      [ 1, 2, 3, 6, 175, 350, 525, 1050 ]
  6      175    3      [ 1, 2, 21, 25, 42, 50, 525, 1050 ]
  6      175    3      [ 1, 6, 14, 21, 50, 75, 175, 1050 ]
  6      175    3      [ 1, 6, 7, 25, 42, 150, 175, 1050 ]
  6      185    3      [ 1, 2, 15, 30, 111, 185, 222, 370 ]
  6      187    3      [ 1, 3, 11, 17, 33, 51, 187, 561 ]
  6      245    3      [ 1, 3, 5, 15, 98, 294, 490, 1470 ]
  6      245    3      [ 1, 6, 10, 15, 49, 294, 490, 735 ]
  6      247    3      [ 1, 2, 19, 38, 39, 78, 741, 1482 ]
  6      253    3      [ 1, 2, 23, 33, 46, 66, 759, 1518 ]
  6      275    3      [ 1, 2, 3, 6, 275, 550, 825, 1650 ]
  6      289    3      [ 1, 2, 3, 6, 289, 578, 867, 1734 ]
  6      301    3      [ 1, 3, 14, 42, 43, 129, 602, 1806 ]
  6      323    3      [ 1, 6, 19, 34, 51, 114, 646, 969 ]
  6      325    3      [ 1, 2, 3, 6, 13, 25, 26, 39, 50, 75, 78, 150, 325, 650, 975, 1950 ]
  6      325    6      [ 1, 2, 3, 6, 325, 650, 975, 1950 ]
  6      325    6      [ 1, 6, 26, 39, 50, 75, 325, 1950 ]
  6      325    6      [ 1, 6, 13, 25, 78, 150, 325, 1950 ]
  6      341    4      [ 1, 3, 11, 33, 62, 186, 682, 2046 ]
  6      379    3      [ 1, 2, 3, 6, 379, 758, 1137, 2274 ]
  6      385    3      [ 1, 5, 6, 11, 14, 21, 30, 55, 66, 70, 105, 154, 231, 330, 770, 1155 ]
  6      403    4      [ 1, 2, 13, 26, 93, 186, 1209, 2418 ]
  6      455    3      [ 1, 6, 7, 10, 13, 15, 42, 70, 78, 91, 105, 130, 195, 546, 910, 1365 ]
  6      475    4      [ 1, 2, 3, 6, 19, 25, 38, 50, 57, 75, 114, 150, 475, 950, 1425, 2850 ]
  6      575    4      [ 1, 2, 3, 6, 23, 25, 46, 50, 69, 75, 138, 150, 575, 1150, 1725, 3450 ]
  6      605    4      [ 1, 2, 3, 5, 6, 10, 15, 30, 121, 242, 363, 605, 726, 1210, 1815, 3630 ]
  6      649    3      [ 1, 2, 3, 6, 11, 22, 33, 59, 66, 118, 177, 354, 649, 1298, 1947, 3894 ]
  6      725    6      [ 1, 2, 3, 6, 25, 29, 50, 58, 75, 87, 150, 174, 725, 1450, 2175, 4350 ]
  10     21     3      [ 1, 2, 7, 14 ]               
  10     21     3      [ 1, 7, 10, 70 ]              
  10     51     3      [ 1, 15, 102, 170 ]           
  10     63     3      [ 1, 2, 5, 10, 63, 126, 315, 630 ]
  10     63     3      [ 1, 2, 35, 45, 63, 70, 90, 126 ]
  10     63     3      [ 1, 5, 14, 18, 63, 70, 90, 315 ]
  10     63     3      [ 1, 10, 14, 18, 35, 45, 63, 630 ]
  10     117    5      [ 1, 2, 5, 10, 117, 234, 585, 1170 ]
  10     117    5      [ 1, 2, 45, 65, 90, 117, 130, 234 ]
  10     117    5      [ 1, 5, 18, 26, 90, 117, 130, 585 ]
  10     117    5      [ 1, 10, 18, 26, 45, 65, 117, 1170 ]
  10     117    5      [ 1, 2, 13, 26, 45, 90, 585, 1170 ]
  10     117    5      [ 1, 5, 13, 18, 65, 90, 234, 1170 ]
  10     147    4      [ 1, 6, 10, 15, 98, 147, 245, 1470 ]
  10     189    4      [ 1, 2, 5, 7, 10, 14, 27, 35, 54, 70, 135, 189, 270, 378, 945, 1890 ]
  10     207    3      [ 1, 2, 5, 9, 10, 18, 23, 45, 46, 90, 115, 207, 230, 414, 1035, 2070 ]
  10     279    5      [ 1, 2, 5, 9, 10, 18, 31, 45, 62, 90, 155, 279, 310, 558, 1395, 2790 ]
  10     297    6      [ 1, 2, 5, 10, 11, 22, 27, 54, 55, 110, 135, 270, 297, 594, 1485, 2970 ]
  10     333    6      [ 1, 2, 5, 9, 10, 18, 37, 45, 74, 90, 185, 333, 370, 666, 1665, 3330 ]
  14     15     3      [ 1, 3, 7, 21 ]               
  14     15     3      [ 1, 3, 70, 210 ]             
  14     15     3      [ 1, 5, 7, 35 ]               
  14     33     3      [ 1, 3, 7, 21, 22, 66, 154, 462 ]
  14     45     3      [ 1, 2, 5, 10, 63, 126, 315, 630 ]
  14     45     3      [ 1, 10, 14, 18, 35, 45, 63, 630 ]
  14     51     3      [ 1, 6, 14, 21, 34, 51, 119, 714 ]
  14     75     3      [ 1, 3, 7, 21, 50, 150, 350, 1050 ]
  14     81     4      [ 1, 2, 7, 14, 81, 162, 567, 1134 ]
  14     99     5      [ 1, 2, 7, 14, 99, 198, 693, 1386 ]
  14     99     5      [ 1, 7, 11, 18, 77, 126, 198, 1386 ]
  14     117    3      [ 1, 2, 7, 9, 13, 14, 18, 26, 63, 91, 117, 126, 182, 234, 819, 1638 ]
  14     135    4      [ 1, 2, 5, 7, 10, 14, 27, 35, 54, 70, 135, 189, 270, 378, 945, 1890 ]
  15     14     3      [ 1, 2, 7, 14 ]               
  15     16     3      [ 1, 5, 48, 240 ]             
  15     16     3      [ 1, 3, 5, 15 ]               
  15     28     3      [ 1, 12, 15, 20, 21, 28, 35, 420 ]
  15     28     3      [ 1, 7, 12, 15, 20, 84, 105, 140 ]
  15     28     3      [ 1, 3, 5, 7, 15, 21, 35, 105 ]
  15     28     3      [ 1, 3, 5, 15, 28, 84, 140, 420 ]
  15     28     5      [ 1, 7, 12, 84 ]              
  15     28     5      [ 1, 3, 7, 21 ]               
  15     38     3      [ 1, 2, 15, 19, 30, 38, 285, 570 ]
  15     44     3      [ 1, 3, 20, 44, 55, 60, 132, 165 ]
  15     44     3      [ 1, 12, 15, 20, 33, 44, 55, 660 ]
  15     46     3      [ 1, 5, 6, 23, 30, 115, 138, 690 ]
  15     98     3      [ 1, 2, 3, 5, 6, 10, 15, 30, 49, 98, 147, 245, 294, 490, 735, 1470 ]
  21     20     3      [ 1, 5, 7, 12, 35, 60, 84, 420 ]
  21     20     3      [ 1, 12, 15, 20, 21, 28, 35, 420 ]
  21     20     3      [ 1, 7, 12, 15, 20, 84, 105, 140 ]
  21     20     5      [ 1, 15, 84, 140 ]            
  21     20     5      [ 1, 15, 28, 420 ]            
  21     34     3      [ 1, 3, 14, 17, 42, 51, 238, 714 ]
  21     50     3      [ 1, 2, 3, 6, 7, 14, 21, 25, 42, 50, 75, 150, 175, 350, 525, 1050 ]
  21     58     3      [ 1, 2, 3, 6, 7, 14, 21, 29, 42, 58, 87, 174, 203, 406, 609, 1218 ]
  22     9      3      [ 1, 2, 9, 18 ]               
  22     15     3      [ 1, 2, 55, 110 ]             
  22     25     5      [ 1, 22, 25, 550 ]            
  22     51     3      [ 1, 2, 33, 51, 66, 102, 187, 374 ]
  22     51     3      [ 1, 3, 11, 33, 34, 102, 374, 1122 ]
  22     51     3      [ 1, 6, 17, 22, 33, 102, 374, 561 ]
  22     63     3      [ 1, 2, 7, 9, 11, 14, 18, 22, 63, 77, 99, 126, 154, 198, 693, 1386 ]
  22     63     7      [ 1, 14, 18, 22, 63, 77, 99, 1386 ]
  22     63     7      [ 1, 2, 11, 22, 63, 126, 693, 1386 ]
  22     75     4      [ 1, 2, 3, 6, 11, 22, 25, 33, 50, 66, 75, 150, 275, 550, 825, 1650 ]
  26     27     3      [ 1, 2, 13, 26, 27, 54, 351, 702 ]
  26     45     5      [ 1, 9, 10, 26, 65, 90, 234, 585 ]
  26     63     3      [ 1, 2, 7, 9, 13, 14, 18, 26, 63, 91, 117, 126, 182, 234, 819, 1638 ]
  26     75     4      [ 1, 2, 3, 6, 13, 25, 26, 39, 50, 75, 78, 150, 325, 650, 975, 1950 ]
  26     85     3      [ 1, 2, 5, 10, 13, 17, 26, 34, 65, 85, 130, 170, 221, 442, 1105, 2210 ]
  33     4      3      [ 1, 3, 11, 33 ]              
  33     25     4      [ 1, 3, 11, 25, 33, 75, 275, 825 ]
  33     50     6      [ 1, 2, 3, 6, 11, 22, 25, 33, 50, 66, 75, 150, 275, 550, 825, 1650 ]
  34     21     3      [ 1, 2, 7, 14, 51, 102, 357, 714 ]
  34     25     3      [ 1, 2, 17, 25, 34, 50, 425, 850 ]
  34     27     4      [ 1, 2, 17, 27, 34, 54, 459, 918 ]
  34     75     7      [ 1, 2, 3, 6, 17, 25, 34, 50, 51, 75, 102, 150, 425, 850, 1275, 2550 ]
  38     15     3      [ 1, 3, 5, 15, 38, 114, 190, 570 ]
  38     15     3      [ 1, 3, 10, 30, 38, 95, 114, 285 ]
  39     8      3      [ 1, 3, 13, 39 ]              
  39     11     3      [ 1, 11, 39, 429 ]            
  39     34     3      [ 1, 2, 3, 6, 13, 17, 26, 34, 39, 51, 78, 102, 221, 442, 663, 1326 ]
  39     40     5      [ 1, 3, 5, 8, 13, 15, 24, 39, 40, 65, 104, 120, 195, 312, 520, 1560 ]
  46     9      4      [ 1, 18, 23, 414 ]            
  46     9      4      [ 1, 2, 207, 414 ]            
  46     31     3      [ 1, 2, 23, 31, 46, 62, 713, 1426 ]
  51     8      3      [ 1, 3, 8, 17, 24, 51, 136, 408 ]
  55     7      3      [ 1, 35, 55, 77 ]             
  57     5      3      [ 1, 3, 19, 57 ]              
  57     10     3      [ 1, 5, 6, 19, 30, 95, 114, 570 ]
  62     5      3      [ 1, 5, 31, 155 ]             
  65     2      3      [ 1, 2, 13, 26 ]              
  77     10     3      [ 1, 2, 5, 7, 10, 11, 14, 22, 35, 55, 70, 77, 110, 154, 385, 770 ]
  82     9      3      [ 1, 2, 9, 18, 41, 82, 369, 738 ]
  86     9      3      [ 1, 2, 9, 18, 43, 86, 387, 774 ]
  86     15     3      [ 1, 2, 3, 5, 6, 10, 15, 30, 43, 86, 129, 215, 258, 430, 645, 1290 ]
  134    9      5      [ 1, 2, 9, 18, 67, 134, 603, 1206 ]
  141    1      3      [ 1, 3 ]                      
  141    2      3      [ 1, 3, 94, 282 ]             
  141    2      3      [ 1, 6, 94, 141 ]             
  158    3      3      [ 1, 2, 237, 474 ]            
  194    3      3      [ 1, 6, 194, 291 ]            
  210    13     3      [ 1, 2, 21, 42, 65, 130, 1365, 2730 ]
  390    1      3      [ 1, 10, 26, 65 ]             
  390    1      3      [ 1, 6, 26, 39 ]              
  462    1      3      [ 1, 6, 11, 66 ]              
  462    25     6      [ 1, 2, 3, 6, 7, 11, 14, 21, 22, 25, 33, 42, 50, 66, 75, 77, 150, 154, 175, 231, 275, 350, 462, 525, 550, 825, 1050, 1650, 1925, 3850, 5775, 11550 ]
  510    1      3      [ 1, 2, 17, 34 ]              
  510    1      3      [ 1, 2, 15, 30 ]              
  690    7      3      [ 1, 6, 10, 14, 15, 21, 23, 35, 138, 210, 230, 322, 345, 483, 805, 4830 ]
  714    5      3      [ 1, 3, 10, 14, 17, 30, 35, 42, 51, 105, 170, 238, 510, 595, 714, 1785 ]
  770    9      4      [ 1, 2, 5, 7, 9, 10, 11, 14, 18, 22, 35, 45, 55, 63, 70, 77, 90, 99, 110, 126, 154, 198, 315, 385, 495, 630, 693, 770, 990, 1386, 3465, 6930 ]
  798    1      3      [ 1, 3, 38, 114 ]             
  870    1      3      [ 1, 5, 29, 145 ]             
  910    9      5      [ 1, 2, 5, 7, 9, 10, 13, 14, 18, 26, 35, 45, 63, 65, 70, 90, 91, 117, 126, 130, 182, 234, 315, 455, 585, 630, 819, 910, 1170, 1638, 4095, 8190 ]
  1326   1      3      [ 1, 17, 78, 1326 ]           
  2002   1      4      [ 1, 2, 13, 26, 77, 154, 1001, 2002 ]
  2030   1      4      [ 1, 10, 14, 35, 58, 145, 203, 2030 ]
  2418   1      4      [ 1, 2, 13, 26, 93, 186, 1209, 2418 ]
  3390   1      4      [ 1, 5, 6, 30, 113, 565, 678, 3390 ]
  4130   1      3      [ 1, 2, 5, 7, 10, 14, 35, 59, 70, 118, 295, 413, 590, 826, 2065, 4130 ]

Open cases, by genus
--------------------
  genus 3 : 117
  genus 4 : 23
  genus 5 : 22
  genus 6 : 8
  genus 7 : 3

Open cases, by D (quaternion discriminant)
------------------------------------------
  D=1      : 22
  D=6      : 31
  D=10     : 19
  D=14     : 13
  D=15     : 14
  D=21     : 8
  D=22     : 10
  D=26     : 5
  D=33     : 3
  D=34     : 4
  D=38     : 2
  D=39     : 4
  D=46     : 3
  D=51     : 1
  D=55     : 1
  D=57     : 2
  D=62     : 1
  D=65     : 1
  D=77     : 1
  D=82     : 1
  D=86     : 2
  D=134    : 1
  D=141    : 3
  D=158    : 1
  D=194    : 1
  D=210    : 1
  D=390    : 2
  D=462    : 2
  D=510    : 2
  D=690    : 1
  D=714    : 1
  D=770    : 1
  D=798    : 1
  D=870    : 1
  D=910    : 1
  D=1326   : 1
  D=2002   : 1
  D=2030   : 1
  D=2418   : 1
  D=3390   : 1
  D=4130   : 1
